10
141669792 174577728
141660416 174574432
141651744 174571616
141659936 174576128
141663136 174579744
141662208 174584832
141663648 174581312
141663840 174584096
141664448 174586880
141665568 174581824
141670208 174578048
141673440 174576032
141671872 174579520
141672224 174582464
141672384 174580448
141676576 174584288
141675776 174586560
141670624 174583360
141671456 174586144
141672384 174582880
141674976 174576256
141672512 174578304
141669888 174583904
141672576 174581984
141677440 174582080
141669856 174582496
141666400 174580992
141671776 174580000
141669184 174581344
141668928 174578848
141670944 174571520
141665120 174568896
141660736 174569920
141668128 174566208
141667584 174564096
141669824 174563456
141669760 174563808
141674048 174570976
141674784 174571424
141674336 174566176
141669568 174565984
141669408 174562112
141673280 174562592
141668864 174570240
141664736 174574656
141666720 174570368
141665120 174562976
141664864 174566560
141666944 174564800
141665728 174566400
141666912 174569152
141670112 174571488
141672576 174579008
141679360 174581248
141674816 174583616
141668544 174578592
141667296 174569632
141668384 174558784
141661536 174545600
141656864 174545344
141665024 174546048
141671296 174547040
141665920 174549184
141666048 174552704
141663872 174552224
141657952 174554016
141655808 174553568
141657088 174551744
141661152 174547872
141664480 174548064
141667680 174549824
141666528 174556832
141661248 174556640
141661632 174563520
141665600 174564128
141666432 174568192
141659840 174565376
141657728 174561376
141661984 174559264
141658784 174561440
141661600 174568800
141665248 174578400
141665888 174578528
141666208 174575584
141662624 174572416
141660032 174568672
141661472 174571904
141666976 174576064
141665664 174576768
141664064 174575808
141662208 174583648
141661024 174587872
141663136 174583200
141664768 174586624
141669408 174585632
141665664 174585856
141660640 174589408
141662304 174589152
141658944 174586688
141661472 174590752
141658144 174593312
141663264 174596960
141667744 174601216
141665248 174611904
141663968 174611232
141666656 174612800
141669952 174614432
141666720 174615008
141663776 174616800
141660032 174612128
141661728 174613504
141661024 174614304
141658560 174616800
141659776 174622112
141659072 174625696
141656672 174624448
141653760 174622560
141659584 174624768
141661920 174626144
141661152 174622272
141659200 174630880
141653760 174636352
141653344 174627104
141651136 174617280
141647296 174621984
141647488 174619872
141653216 174620192
141656896 174624192
141659136 174629216
141661856 174635584
141660544 174636032
141659680 174636512
141659328 174634496
141655584 174631424
141656384 174629472
141655168 174626592
141656928 174629120
141661216 174636160
141663520 174639200
141664960 174635616
141664928 174637024
141663232 174638336
141660512 174637248
141666400 174641088
141663776 174637408
141660768 174636224
141656256 174634752
141656480 174624096
141657120 174631040
141657216 174636384
141656224 174635328
141656704 174640832
141656576 174639904
141653664 174635200
141652128 174633920
141654528 174627232
141656672 174626496
141659072 174631232
141658240 174631328
141657952 174627680
141655872 174628640
141659936 174631872
141662432 174631936
141660544 174626112
141665312 174627328
141667904 174630144
141660512 174629984
141658752 174628832
141656192 174626176
141657760 174623328
141661920 174631104
141662144 174631584
141659680 174632544
141659264 174638016
141662368 174637056
141662592 174635328
141661024 174630592
141654400 174631456
141652480 174628640
141656064 174626944
141654240 174626272
141659328 174632576
141662432 174632032
141659296 174629696
141657856 174629728
141659168 174633984
141658144 174634016
141652480 174631968
141651424 174632864
141650784 174633824
141654624 174631232
141657216 174633856
141656448 174638880
141650848 174640640
141649600 174641504
141654496 174647104
141652032 174649248
141650400 174646240
141648800 174646464
141649856 174650304
141657344 174656064
141660352 174665472
141656832 174663072
141655552 174658880
141652768 174659168
141655552 174663328
141661568 174669056
141659840 174666848
141651936 174660736
141656960 174661760
141665152 174667488
141668128 174668800
141665056 174668192
141660288 174667776
141661024 174669024
141662944 174668128
141663392 174670816
141662272 174668416
141664032 174669728
141665152 174667520
141662016 174659584
141661504 174656608
141661408 174652096
141661056 174650784
141657792 174652224
141653152 174647712
141655904 174647072
141657248 174648256
141658816 174642912
141661888 174650656
141663904 174652128
141661568 174647488
141660960 174641856
141664672 174645056
141663872 174647648
141664992 174644448
141663104 174636416
141663584 174633952
141662880 174634720
141668544 174630944
141667296 174632192
141659520 174631488
141658560 174628064
141661376 174627808
141660640 174629600
141664896 174636224
141673568 174640096
141674752 174638624
141671328 174634880
141666400 174631488
141669056 174633440
141673888 174633728
141672064 174630144
141663936 174625440
141660288 174626528
141663040 174626080
141664384 174629600
141668896 174625280
141660832 174623584
141657824 174629024
141661408 174631680
141668160 174634752
141668416 174631808
141663488 174631392
141661632 174632384
141659808 174626208
141661056 174626048
141660864 174621376
141665120 174620224
141661248 174619296
141653920 174619712
141649120 174615968
141650880 174617760
141656832 174618304
141659520 174618784
141656576 174617536
141656288 174618016
141660448 174618880
141660128 174615136
141659296 174618272
141661952 174618592
141661824 174618592
141660416 174619296
141661280 174618496
141657120 174618656
141656224 174614016
141654272 174612736
141656064 174619744
141663040 174623808
141659552 174620128
141653792 174617568
141656384 174615904
141652544 174612864
141646496 174606464
141647776 174606336
141650432 174604064
141652224 174610688
141656256 174608480
141654752 174602368
141650848 174606752
141653312 174604672
141655136 174598144
141656416 174597376
141654848 174601472
141657824 174607744
141657344 174611360
141653504 174606816
141653664 174601536
141647136 174600544
141646816 174596416
141648736 174592224
141650816 174599584
141654624 174606976
141655200 174608352
141651616 174603904
141653728 174604864
141657600 174611648
141656352 174613952
141657440 174609408
141660256 174607392
141659840 174610880
141660224 174603104
141662112 174603680
141663904 174603936
141661152 174600768
141659840 174605056
141663360 174604704
141663680 174607616
141669792 174612352
141669920 174614144
141658176 174607616
141654144 174609056
141655424 174614240
141663072 174617408
141668192 174622496
141665760 174618848
141658816 174612672
141660256 174613440
141658688 174608384
141652000 174599968
141653248 174595808
141657536 174600384
141656960 174601344
141655104 174595904
141655232 174593888
141652128 174598688
141653856 174602752
141660224 174606912
141660096 174607360
141662688 174607232
141661792 174604192
141659360 174606240
141659232 174604832
141653952 174601216
141649632 174598656
141646720 174594080
141648288 174600384
141653696 174598080
141655328 174597024
141650784 174592384
141650016 174591200
141652352 174593792
141658912 174598464
141660608 174598304
141656160 174601536
141656928 174602976
141657440 174601312
141654336 174602720
141649376 174596928
141647104 174594720
141653824 174597952
141656864 174596448
141654624 174592640
141657952 174602688
141656032 174604032
141650368 174598016
141644224 174595584
141647360 174594144
141649024 174591264
141651168 174588576
141649120 174585472
141648896 174593632
141652448 174598304
141651392 174597024
141653152 174597024
141650624 174594304
141646496 174596576
141648192 174600416
141648480 174599456
141649312 174600672
141649792 174594112
141651616 174587936
141652800 174590016
141649088 174597440
141647840 174597632
141644864 174603520
141653568 174601600
141652448 174600992
141649376 174603296
141653120 174603552
141651424 174605824
141648480 174602240
141646880 174599104
141648512 174601728
141645728 174603072
141649088 174603808
141650080 174612928
141650176 174609312
141651392 174608640
141652672 174615040
141650336 174615136
141647584 174617440
141651840 174618976
141651648 174615904
141649536 174614496
141651264 174619808
141651392 174622208
141650784 174624032
141652320 174622496
141656320 174618848
141657632 174619680
141655392 174620256
141651840 174625184
141652544 174624960
141650592 174626208
141651744 174629664
141647232 174628576
141647200 174629632
141646688 174628064
141649792 174629056
141651584 174634368
141648256 174636640
141650720 174634304
141653472 174633632
141654400 174634592
141656672 174634144
141654176 174632640
141648480 174631456
141648320 174630880
141649280 174631840
141651552 174631776
141652768 174631840
141656224 174627424
141654176 174622624
141650496 174624672
141644992 174628064
141645824 174625824
141653760 174629120
141657920 174634208
141658432 174634880
141659264 174627520
141655872 174626976
141650016 174624768
141649568 174622048
141648480 174620480
141648288 174618208
141649696 174617248
141651584 174619296
141654656 174623456
141653920 174629600
141650816 174623040
141648800 174622144
141652928 174625920
141653728 174621568
141654112 174622752
141656544 174626976
141653280 174626816
141645024 174627968
141648672 174625248
141653920 174625632
141652192 174624096
141654976 174628384
141652160 174628352
141654336 174624160
141653152 174625984
141646240 174621632
141644544 174625312
141642784 174627552
141639872 174625952
141642176 174618304
141641088 174618944
141640960 174622592
141644736 174620448
141647744 174617728
141648896 174621856
141651552 174627232
141651616 174627328
141651040 174626528
141651264 174618720
141649792 174617280
141644160 174615968
141639904 174620416
141639936 174624864
141640800 174623200
141644480 174620288
141646720 174624320
141647392 174624000
141643232 174620512
141638336 174618528
141640032 174618272
141641216 174618880
141645696 174625632
141642848 174618784
141638400 174620512
141636480 174623136
141637344 174622560
141639872 174621312
141639488 174619040
141638464 174616352
141640992 174616768
141641440 174619840
141642688 174623296
141644064 174628448
141645472 174626848
141641984 174623200
141636384 174621312
141635712 174622848
141644544 174623648
141642304 174620512
141644064 174623296
141644832 174627936
141644224 174632992
141644224 174640448
141648480 174644960
141651328 174636352
141650240 174629696
141645952 174626304
141639136 174625920
141632160 174623136
141636256 174621728
141637696 174623264
141640448 174629408
141643488 174635136
141637792 174632608
141632832 174624224
141637120 174626976
141638592 174630336
141641600 174632320
141636640 174630400
141634912 174627680
141639040 174630880
141641376 174632864
141639168 174628928
141645088 174637568
141646176 174642272
141642272 174635392
141643776 174629472
141642784 174628160
141640768 174629280
141637536 174625824
141636160 174630400
141644544 174635712
141645184 174635584
141642496 174635616
141643040 174630880
141644704 174632960
141644736 174636800
141649344 174637664
141646976 174639584
141645984 174636544
141645472 174635936
141639872 174631712
141640288 174633088
141645600 174635232
141642592 174636000
141638080 174636320
141637920 174628832
141645856 174628928
141643584 174625248
141642688 174627840
141638432 174628960
141636576 174629152
141641280 174627104
141646016 174633568
141641664 174638624
141638528 174636640
141643520 174634976
141640576 174632736
141639520 174624512
141639712 174629504
141640224 174630912
141645216 174632480
141648288 174633024
141645728 174635776
141648128 174633536
141647872 174634624
141645728 174636352
141643552 174630880
141643136 174622464
141641280 174622976
141638912 174624128
141644096 174632896
141646176 174629312
141649216 174631712
141648576 174634560
141645952 174634816
141641056 174636416
141640320 174634624
141641760 174630848
141638304 174628096
141638400 174628992
141640064 174633408
141643904 174629664
141641344 174628288
141639456 174631104
141638336 174629120
141637632 174627328
141634688 174631872
141636320 174634176
141636288 174635488
141640672 174634400
141639520 174633472
141638592 174633920
141636160 174633760
141639648 174638464
141643424 174645344
141641120 174645760
141642272 174647008
141642976 174649504
141643680 174654560
141648288 174655808
141645376 174662976
141646848 174672416
141648384 174672896
141646112 174666784
141646272 174664992
141645856 174669568
141640832 174671680
141638944 174670880
141643616 174673440
141647872 174680000
141645920 174683104
141643104 174678752
141644864 174675008
141644256 174676736
141641536 174676480
141641728 174674304
141644320 174678368
141644384 174682080
141648064 174687904
141648032 174688768
141647040 174683456
141649792 174678912
141646720 174672160
141641792 174670912
141645248 174671200
141647456 174664832
141648064 174668288
141646944 174669184
141638336 174665600
141633888 174665856
141631840 174670016
141631776 174665152
141635328 174661792
141639136 174661056
141639392 174654560
141639520 174653824
141637664 174651808
141636640 174657792
141640448 174659136
141643200 174660160
141643264 174657472
141642976 174657408
141638240 174662624
141635872 174661920
141637312 174654112
141641472 174648448
141645696 174655104
141647840 174659104
141643968 174655296
141644224 174653152
141645952 174651072
141644512 174649888
141640128 174649856
141640832 174647104
141652256 174649120
141650688 174648384
141644608 174645760
141644832 174646784
141643584 174644032
141638944 174645568
141642496 174650528
141643584 174649888
141644192 174645696
141641664 174640448
141643008 174641952
141640416 174641248
141635552 174636768
141635936 174636384
141639456 174639648
141641504 174644576
141644320 174642432
141649312 174641120
141646496 174639808
141643200 174632096
141643968 174631680
141643680 174636672
141642176 174638432
141643392 174637696
141648160 174646400
141647712 174645888
141642208 174636640
141640384 174625376
141637504 174628608
141640256 174628416
141641472 174628480
141637792 174632416
141636096 174637376
141641536 174648960
141645664 174655008
141646976 174651136
141648352 174645792
141645568 174647840
141643520 174649952
141640736 174644448
141638752 174642848
141638592 174643808
141640640 174646240
141641984 174644640
141641152 174643520
141637632 174645216
141636064 174648224
141641504 174648992
141638880 174647616
141639392 174640384
141637824 174637920
141635360 174641792
141641664 174645216
141643712 174647872
141644352 174647648
141642944 174638464
141640768 174644192
141643040 174647712
141639968 174643936
141639328 174647520
141641632 174647392
141640448 174642176
141640384 174641824
141641056 174644032
141639552 174643392
141637632 174646176
141639232 174643712
141643424 174644128
141642624 174647776
141644064 174650240
141640608 174655648
141634528 174650976
141639040 174647072
141641856 174653888
141642848 174648064
141644480 174642656
141637344 174641184
141630592 174636416
141633856 174632384
141635392 174627904
141636704 174630944
141635808 174632000
141637888 174636384
141642560 174633696
141638912 174623744
141633184 174619904
141633344 174621760
141638816 174626496
141641408 174627232
141635296 174619392
141634336 174616800
141636448 174620960
141634560 174624032
141632000 174624576
141635424 174623808
141636640 174625440
141633152 174620256
141632480 174618336
141639936 174620416
141641152 174623968
141637760 174628480
141639040 174625920
141637408 174621824
141641760 174626400
141645376 174622304
141640384 174622912
141639936 174623616
141641728 174622400
141635744 174622272
141636576 174620416
141640352 174623776
141644768 174627712
141643264 174626016
141640320 174623776
141640800 174621472
141636960 174617792
141635712 174617312
141640480 174618944
141645056 174625856
141646880 174631296
141648448 174630816
141647168 174626784
141649152 174626336
141646624 174628128
141646400 174624672
141643488 174622560
141642944 174619488
141635552 174615456
141636608 174616128
141640448 174620928
141639200 174621088
141638560 174615008
141643328 174617824
141643168 174619200
141642944 174619360
141641984 174628448
141638944 174633312
141641952 174626560
141636320 174627520
141635904 174636160
141641696 174639328
141643936 174636352
141642496 174632800
141632096 174626944
141634752 174625920
141638624 174623456
141634592 174620928
141637504 174624864
141637632 174626080
141634560 174620320
141635360 174624032
141638496 174628576
141641024 174630912
141639776 174629056
141639168 174631712
141640000 174628448
141646240 174628736
141644832 174624480
141644224 174626176
141647392 174635840
141641728 174641760
141639776 174641664
141644128 174646240
141643808 174647392
141641504 174648416
141642304 174649088
141641248 174648672
141640832 174651456
141642464 174655904
141635136 174658912
141635968 174654592
141641888 174654144
141643360 174662688
141633344 174668320
141634592 174670624
141644160 174675456
141644960 174677696
141643552 174681504
141641760 174682752
141640416 174681888
141635200 174679456
141636064 174674976
141642560 174675808
141645504 174681952
141646592 174679520
141648928 174681408
141645088 174680992
141641856 174680992
141637888 174675680
141637152 174668896
141638208 174672032
141641376 174672704
141639104 174671264
141639552 174666560
141645120 174669568
141648384 174668192
141649600 174667328
141643200 174667040
141640224 174673120
141638208 174667456
141639872 174664128
141642208 174664096
141645600 174661888
141644608 174660864
141644256 174663584
141637760 174657600
141638144 174650048
141637152 174647904
141631488 174655168
141631264 174653888
141632384 174651232
141629504 174649472
141629472 174651904
141635232 174648576
141641952 174646464
141640960 174651360
141645376 174651552
141648096 174649024
141645216 174647200
141636160 174649120
141638528 174650112
141644384 174648000
141642912 174641792
141638976 174642272
141636736 174644000
141641312 174640832
141641728 174642592
141641696 174643136
141646240 174645088
141648800 174648928
141648416 174646912
141643872 174642112
141639168 174641472
141633792 174639232
141632160 174637024
141635488 174637440
141638592 174639616
141639872 174639200
141638080 174638816
141636256 174635904
141633280 174630880
141628864 174630368
141635872 174637632
141634816 174637376
141632736 174631520
141630880 174627296
141630304 174624928
141632352 174622208
141633472 174628672
141632416 174642496
141638976 174649504
141641824 174642528
141639232 174640224
141640480 174640224
141637568 174640672
141640256 174644000
141642496 174642656
141641184 174642976
141638432 174643904
141635840 174641664
141632032 174640000
141632000 174635104
141636032 174630624
141637408 174634880
141639168 174638304
141639552 174642208
141637056 174638016
141635328 174641440
141635104 174640544
141635200 174636512
141634912 174635584
141635648 174637440
141634976 174633856
141632896 174631104
141631648 174630848
141633632 174640096
141634880 174641152
141635040 174639968
141633888 174640448
141639616 174640064
141639904 174639424
141634944 174643488
141636384 174644256
141637504 174641120
141638208 174634144
141639104 174637760
141635040 174639104
141634048 174644224
141631424 174644928
141630304 174641664
141636160 174640384
141641536 174644928
141636384 174644672
141632832 174641504
141636096 174641344
141635840 174644992
141637376 174646528
141636800 174645440
141639968 174644320
141637600 174633952
141637952 174630304
141637792 174633536
141637120 174635488
141633024 174630016
141631872 174632160
141635872 174631968
141637760 174634304
141638784 174642464
141635936 174643232
141636320 174637760
141634944 174635104
141640448 174635840
141640992 174634176
141640416 174635808
141641568 174633120
141641248 174638528
141638368 174645280
141635104 174639168
141637888 174637600
141638144 174637440
141643264 174636864
141647488 174639072
141647168 174636896
141644064 174639488
141638752 174643136
141637760 174636704
141631712 174637376
141631872 174638368
141633856 174639040
141635520 174635552
141637792 174642080
141639648 174640224
141642272 174638368
141639008 174634912
141642976 174634656
141641376 174636480
141641184 174637632
141648032 174649856
141648576 174646752
141646816 174643520
141646336 174640608
141641952 174636000
141632032 174636384
141636224 174632544
141633792 174631552
141633664 174636384
141637888 174642464
141637056 174647520
141632192 174643872
141630496 174638880
141632704 174637728
141637216 174642176
141641120 174644256
141635552 174644320
141637888 174639968
141640448 174641536
141640000 174647008
141639744 174647584
141641856 174643136
141644736 174639680
141643360 174641344
141643520 174644288
141642208 174641312
141641344 174644352
141637696 174642592
141637056 174643744
141642240 174645856
141643616 174641984
141643040 174643584
141643680 174640448
141641888 174641120
141643744 174642784
141640896 174642304
141637248 174641664
141634912 174639744
141637280 174635808
141645792 174640672
141645024 174636704
141644640 174636736
141639072 174637312
141634912 174638976
141637472 174646496
141634624 174656416
141639872 174662432
141642720 174667104
141640256 174665312
141641760 174661920
141640608 174659008
141640000 174659648
141639552 174663552
141641952 174667104
141645344 174669184
141643968 174672736
141641280 174676320
141642112 174676608
141644480 174675552
141642496 174679840
141641472 174683520
141644384 174679520
141644160 174677088
141640160 174675200
141638624 174674880
141638272 174682528
141639616 174693728
141641248 174699008
141642304 174693792
141641472 174689984
141642176 174692960
141647008 174693568
141645984 174692320
141643904 174685056
141639168 174681536
141632672 174670048
141626240 174666144
141628320 174671392
141632576 174677280
141631968 174675104
141637568 174669952
141635776 174670048
141637664 174673088
141641120 174675456
141644960 174670400
141644768 174672640
141645472 174680256
141642304 174683296
141646208 174679232
141653408 174677280
141649376 174671616
141643680 174670656
141642176 174667104
141641344 174666272
141633248 174666752
141635072 174664384
141639872 174660992
141638848 174660704
141634624 174665632
141638944 174664928
141643808 174660096
141641280 174663744
141637984 174657792
141643072 174661568
141645856 174667040
141642720 174668768
141638304 174664320
141640992 174665312
141640448 174666464
141639072 174667008
141639328 174667008
141634112 174655008
141637600 174652224
141638240 174654592
141637184 174657632
141635712 174657312
141639392 174664192
141642592 174662656
141641408 174661632
141643392 174657472
141637600 174655552
141635040 174656128
141641920 174656512
141644224 174654304
141640896 174658208
141638016 174661632
141640768 174658336
141641056 174655328
141636192 174653664
141633760 174648704
141627936 174640224
141626880 174637664
141636064 174645824
141633568 174649472
141628832 174650240
141636064 174648256
141641824 174645664
141641120 174647200
141639072 174648576
141640480 174647808
141642368 174646720
141646304 174647680
141647072 174648224
141645920 174651232
141647136 174650528
141647712 174651200
141643328 174654624
141641568 174657280
141640288 174653472
141642048 174650400
141641920 174648192
141644544 174648800
141648352 174656896
141652160 174665856
141646944 174659328
141646112 174647648
141645568 174654368
141645568 174659136
141644800 174656672
141644192 174651392
141644768 174652256
141644128 174660864
141637024 174658720
141633536 174659808
141633888 174656032
141634656 174651840
141636352 174655360
141638656 174653984
141641152 174656256
141637376 174651424
141633984 174648800
141634816 174647680
141635488 174648736
141633184 174652800
141634304 174652768
141633760 174651680
141634560 174659232
141635200 174657088
141637152 174657824
141640608 174660576
141646624 174665792
141648736 174666464
141644064 174664096
141643104 174661984
141648544 174660832
141650432 174662816
141646272 174666048
141648992 174664800
141652384 174661664
141653344 174660928
141650976 174663104
141647072 174661888
141644256 174663552
141644096 174665504
141644704 174662624
141642368 174663104
141642912 174663232
141642208 174662912
141645056 174665088
141647712 174665504
141644864 174653824
141642208 174651136
141644544 174655520
141649216 174659968
141648032 174659104
141645536 174661408
141644224 174667296
141644000 174664032
141641376 174656480
141645344 174659136
141648032 174663968
141649216 174664160
141647200 174659584
141643360 174661664
141634432 174656960
141642592 174657920
141645312 174657696
141639136 174656352
141642240 174655904
141644128 174656672
141643808 174658560
141640000 174654816
141635936 174650496
141641152 174650304
141646656 174659648
141644608 174661824
141643328 174654752
141647488 174652448
141649088 174653536
141647488 174655488
141647904 174661408
141644192 174659360
141641248 174658176
141643488 174657536
141646784 174656320
141645152 174656608
141641280 174657664
141638816 174656928
141642400 174657344
141646048 174660384
141644960 174662656
141642304 174664864
141643808 174656480
141639840 174649408
141640832 174653024
141644672 174654208
141644832 174656704
141647040 174662240
141646496 174661248
141646880 174662880
141644352 174659712
141649632 174656640
141649248 174655968
141644512 174654816
141642144 174659008
141646112 174663584
141648672 174668384
141648800 174672096
141653024 174667456
141652896 174669152
141652320 174673120
141648128 174676480
141644896 174679008
141642272 174679168
141645856 174678368
141651200 174679776
141655200 174678304
141658112 174682976
141655328 174681696
141647584 174678272
141643040 174682144
141643552 174682368
141650112 174688320
141650144 174691104
141648896 174692608
141648640 174697920
141647776 174695040
141645504 174690240
141648224 174688704
141647360 174689024
141645248 174692704
141646656 174698080
141643328 174702976
141642304 174704000
141642336 174701792
141642368 174696128
141642656 174693184
141646240 174695904
141646688 174693120
141647552 174687968
141647360 174692832
141648224 174699584
141646784 174697600
141643968 174693696
141640768 174693024
141641056 174688096
141645024 174691584
141645952 174691392
141645600 174687520
141646688 174683200
141645056 174681984
141644224 174687168
141644224 174689184
141640640 174695296
141646272 174691008
141647104 174689856
141647936 174689760
141643680 174684000
141638592 174681536
141641984 174684704
141643904 174682400
141648800 174676320
141654400 174680160
141653504 174683232
141651136 174688320
141645376 174686304
141647264 174690592
141650912 174692064
141647616 174688800
141644992 174688288
141648160 174689856
141648736 174687616
141646496 174683776
141647424 174682400
141645920 174680576
141639968 174682432
141647424 174681088
141649152 174681888
141644960 174676736
141644032 174677664
141643904 174682976
141646272 174685472
141642624 174686528
141646432 174680608
141649024 174679488
141652512 174679232
141654464 174677152
141651168 174678816
141647488 174674176
141645504 174671648
141638624 174669504
141634048 174671072
141636192 174673216
141639104 174673632
141638560 174671104
141638752 174667744
141639776 174667904
141644960 174669536
141648960 174674080
141650592 174674016
141653120 174672320
141646080 174672416
141643136 174674752
141647040 174672256
141644896 174671584
141645536 174671200
141651872 174670816
141658368 174671424
141661792 174674976
141659616 174680608
141661056 174683200
141657760 174684128
141650208 174684320
141655808 174681024
141657440 174683552
141651168 174677888
141647424 174669088
141646944 174665760
141645152 174663008
141643744 174668128
141641856 174673568
141642752 174678176
141646784 174674208
141642752 174672320
141639104 174668480
141643968 174663200
141647712 174669312
141647008 174674464
141651648 174674688
141653344 174674368
141656512 174679584
141656800 174681600
141653376 174684480
141655136 174685504
141658240 174681344
141655424 174676160
141655232 174674080
141650496 174674496
141643264 174671264
141645568 174675104
141646560 174680928
141645312 174676704
141646496 174676288
141652576 174675328
141657184 174674336
141653920 174673152
141646528 174670944
141646912 174673888
141650624 174676608
141649600 174678080
141647776 174677088
141644864 174681248
141648128 174683296
141650816 174682592
141652960 174681856
141658304 174683008
141658432 174683744
141654464 174686400
141651168 174685856
141644928 174680576
141647168 174675008
141649760 174682496
141652160 174683648
141649920 174680128
141652960 174678272
141650208 174674464
141649088 174679456
141651616 174681120
141650400 174680704
141653344 174682080
141655936 174685984
141654304 174688960
141652992 174684000
141649088 174677760
141645312 174672096
141645472 174672192
141647168 174672704
141647136 174672320
141649344 174677632
141653728 174684576
141654368 174691456
141651808 174690464
141647488 174688320
141648704 174684192
141646240 174680384
141651232 174675936
141650560 174680992
141646464 174681888
141644448 174682976
141646080 174686528
141647264 174681600
141646560 174677216
141647808 174677376
141649792 174679200
141649728 174674688
141646048 174678272
141649536 174683616
141651712 174685408
141651232 174687616
141652960 174692960
141650048 174691520
141644384 174687616
141645408 174682112
141640896 174680800
141639808 174675264
141644128 174678208
141646528 174673952
141646016 174676480
141650624 174680608
141649760 174690144
141653248 174692416
141654784 174687264
141655008 174685056
141651968 174679520
141654880 174677888
141658144 174679712
141658336 174684544
141659904 174690816
141657120 174695296
141657088 174688160
141654560 174678336
141651872 174678304
141653792 174685376
141657248 174688000
141657312 174689440
141657184 174691808
141661760 174699936
141663008 174701728
141654848 174706496
141649984 174710464
141648864 174710080
141651584 174708800
141652256 174713952
141651008 174715776
141656128 174711232
141659008 174714496
141656224 174716672
141655072 174714912
141654336 174714080
141654176 174721792
141651360 174716352
141649568 174715072
141650336 174716512
141651328 174714464
141653344 174710592
141657056 174711744
141663200 174723040
141665856 174729632
141661056 174728064
141657504 174726976
141656288 174724672
141656704 174724320
141655552 174721216
141649824 174717312
141649984 174714176
141648512 174713696
141645280 174708704
141647040 174706112
141647296 174710432
141641184 174710016
141645696 174704480
141653600 174710656
141656864 174718432
141659552 174712672
141656480 174705696
141653184 174707776
141654912 174703904
141650464 174705984
141647744 174706208
141647520 174703872
141651840 174699456
141653440 174695776
141653376 174701344
141658784 174709472
141655424 174706112
141647904 174705120
141646656 174701568
141646208 174701696
141647200 174700416
141649184 174705504
141652288 174701504
141651168 174694688
141649856 174695168
141645568 174699392
141645472 174694336
141650848 174690496
141652960 174694784
141648448 174697184
141647392 174698304
141645728 174692256
141645152 174693088
141643872 174695904
141646272 174696800
141647648 174700256
141648992 174693504
141650880 174689696
141653760 174691584
141649792 174695072
141649344 174696736
141649440 174692640
141652672 174693056
141649440 174689312
141645536 174688384
141646944 174688352
141646944 174692480
141648576 174691488
141646464 174693248
141647264 174690464
141645984 174684608
141645120 174681952
141648064 174688416
141654976 174695552
141660000 174695776
141658624 174696288
141652320 174697984
141651168 174695968
141652832 174698112
141654272 174700960
141649280 174698240
141648000 174690272
141647520 174692320
141647616 174692416
141649120 174692896
141649120 174693728
141656032 174697792
141651904 174697216
141652160 174693824
141658656 174697408
141657408 174696384
141653664 174693824
141651872 174688960
141651968 174686016
141657024 174689088
141656640 174696800
141655040 174696512
141650176 174697184
141653472 174698816
141658208 174703488
141656736 174706016
141658336 174700512
141661376 174690432
141655424 174687936
141651968 174687328
141652160 174684128
141647328 174685312
141645984 174682464
141654336 174687200
141656224 174688896
141651744 174680800
141652000 174677472
141657536 174681376
141663136 174685792
141659808 174682368
141652608 174680288
141654784 174678688
141655552 174685056
141658624 174691744
141658080 174689568
141653376 174684896
141650272 174683904
141649664 174684928
141649344 174681376
141653664 174678880
141654976 174681184
141652384 174685984
141654176 174688832
141652928 174689504
141647840 174683968
141647712 174682496
141652544 174683904
141651232 174681984
141652096 174685216
141658752 174687648
141661120 174686880
141665248 174691136
141662208 174697728
141652992 174698048
141656224 174693312
141654912 174690368
141649312 174686880
141650400 174686208
141658688 174697504
141655552 174694432
141658464 174694240
141666656 174698592
141667456 174699296
141661952 174697696
141661408 174691552
141661504 174687744
141662688 174687328
141658848 174684576
141658080 174688352
141659136 174690048
141660544 174690400
141656160 174691168
141656608 174693120
141659008 174689248
141661600 174692672
141664480 174693056
141661696 174692288
141666272 174693696
141662944 174693664
141660096 174692896
141659936 174695520
141665664 174693376
141665728 174692544
141667488 174690368
141666496 174690944
141661920 174691680
141664672 174696608
141664768 174692512
141660224 174687776
141659072 174688640
141664096 174693440
141664896 174691040
141665376 174689216
141660480 174690048
141657344 174687744
141659744 174683680
141663584 174683328
141664064 174687424
141659584 174684704
141663552 174689344
141667584 174695456
141664864 174695616
141664096 174693856
141666048 174687264
141657760 174676128
141657984 174671008
141660192 174668512
141660480 174673024
141664416 174685184
141664704 174689792
141660704 174686304
141661632 174686144
141663296 174684704
141667456 174685280
141667808 174685632
141669376 174686400
141668864 174684544
141666272 174684032
141659872 174690912
141660704 174695968
141664704 174696800
141662336 174698496
141662016 174697216
141661888 174694432
141657856 174700896
141658528 174702144
141655328 174700640
141659808 174706624
141664192 174708640
141664416 174708736
141661120 174709248
141663520 174717280
141665056 174719264
141665792 174719200
141663488 174720160
141661024 174723328
141665888 174724256
141667072 174729280
141665408 174730112
141660128 174728672
141658368 174728032
141661056 174725536
141664576 174723552
141664640 174721664
141666336 174717824
141667872 174722464
141668128 174727296
141668448 174724896
141669792 174722720
141669216 174731648
141668992 174735360
141662080 174728992
141659808 174723296
141658656 174718432
141655488 174714368
141653824 174715200
141652800 174716864
141657184 174718496
141656928 174722240
141658112 174721824
141662144 174720608
141654816 174714560
141655232 174715936
141660160 174717216
141664896 174714304
141668384 174718880
141670496 174718048
141667680 174715616
141660864 174721632
141662944 174725344
141664160 174724352
141666848 174723680
141669856 174723040
141675296 174719360
141674080 174713056
141670784 174712320
141667424 174709728
141669152 174715328
141669856 174718560
141667136 174719040
141668160 174713344
141667424 174712736
141666080 174714880
141662080 174712384
141655520 174710336
141660320 174715616
141659712 174717248
141660352 174716768
141663168 174718784
141661824 174715008
141661632 174710560
141662752 174711584
141667680 174720224
141667200 174717920
141667424 174714304
141664256 174714176
141662144 174710720
141664256 174712736
141663424 174712672
141660608 174707072
141657696 174704000
141660320 174704640
141661792 174706208
141664480 174710432
141662848 174709568
141663008 174708064
141667008 174710240
141670272 174717056
141668832 174715072
141663616 174704800
141656480 174699008
141655680 174700544
141655232 174701376
141657472 174703456
141656992 174704768
141652128 174703744
141654048 174705504
141656096 174708672
141655904 174713152
141660928 174711232
141660864 174707744
141659744 174714016
141666016 174713920
141668192 174704960
141664832 174705856
141668896 174708448
141666816 174709216
141662528 174711872
141663488 174715200
141666688 174719648
141667712 174716832
141662144 174711104
141654688 174708192
141659680 174710368
141664160 174717504
141662912 174713920
141664224 174717120
141667936 174722528
141667616 174722176
141666944 174720800
141666240 174718656
141663872 174715264
141661408 174713696
141662912 174710720
141660704 174711168
141659488 174709440
141663360 174706976
141665600 174716320
141663680 174722848
141667456 174722752
141670688 174720352
141669312 174713664
141662208 174709056
141663904 174712736
141669024 174716160
141672032 174716192
141669792 174712864
141665792 174705248
141666656 174706592
141670688 174715168
141670688 174718080
141667872 174721888
141665120 174715104
141666976 174711296
141667872 174714624
141663936 174720288
141661152 174718496
141660672 174721984
141662816 174724032
141672096 174722656
141672736 174721408
141666080 174720032
141663456 174721440
141665920 174717568
141661056 174716384
141658208 174717056
141656480 174716000
141657888 174719488
141660640 174720768
141661728 174712512
141658400 174710432
141660064 174705536
141661376 174706944
141658752 174705888
141660800 174707872
141658848 174710528
141658272 174709664
141660768 174714816
141662528 174716000
141663456 174711520
141661696 174706496
141661408 174709024
141663808 174714080
141666496 174712576
141669280 174710880
141668384 174713440
141665984 174713696
141665888 174711744
141667648 174712160
141665504 174716256
141662848 174709216
141663872 174698944
141662496 174707008
141668288 174712192
141668000 174715008
141667520 174717408
141664160 174709824
141656928 174705856
141653824 174706048
141654976 174706656
141660608 174705920
141657792 174706048
141653536 174705760
141656608 174711456
141657472 174710016
141654848 174704224
141651040 174703296
141652416 174704384
141655072 174702560
141658816 174706432
141659520 174713664
141657568 174712736
141659680 174710848
141657376 174706784
141657504 174708544
141660224 174715680
141663968 174718496
141661504 174712992
141656608 174709664
141654592 174708736
141652544 174707712
141652640 174706432
141653184 174706592
141657152 174702720
141660224 174708672
141659008 174712224
141658944 174707968
141656992 174700800
141659680 174705984
141664576 174707552
141659168 174703104
141660000 174701696
141668576 174711456
141667296 174721120
141665952 174721440
141656576 174721824
141658336 174725856
141660352 174725344
141655552 174725344
141655232 174726720
141651616 174722016
141653568 174723616
141658976 174730944
141659168 174735680
141662976 174737728
141662432 174737856
141657760 174737600
141660000 174737216
141657600 174736128
141656960 174734720
141660352 174740640
141664640 174743776
141669280 174745600
141669952 174749408
141666816 174746720
141663424 174745632
141659488 174742848
141655904 174739040
141661888 174738816
141661568 174747008
141658304 174745312
141652896 174739712
141653984 174742560
141658112 174739552
141660000 174739072
141658016 174739456
141666368 174733248
141664608 174733248
141662336 174735488
141664064 174734624
141663232 174728640
141654432 174727072
141656128 174728416
141659552 174732768
141668448 174735520
141666944 174732544
141663872 174728832
141663840 174733440
141665120 174733600
141661632 174728704
141655232 174723744
141652384 174715840
141658688 174716704
141660672 174717920
141657312 174717568
141659360 174721760
141656992 174721664
141656416 174716576
141655872 174715168
141656544 174721696
141656640 174722112
141660608 174719712
141657824 174723040
141655328 174720896
141656384 174720128
141664224 174726528
141670624 174731296
141670176 174730592
141664256 174723648
141663584 174718272
141662752 174717536
141662336 174719392
141666016 174723648
141666592 174720960
141666272 174719712
141660288 174716096
141657824 174711040
141659232 174717664
141664224 174719584
141665184 174716704
141663424 174712544
141662400 174708672
141664928 174710752
141664896 174711360
141663488 174706016
141663104 174703648
141664256 174706720
141664416 174706304
141664960 174707008
141660576 174705568
141656704 174707808
141659264 174712192
141662944 174710496
141664288 174712768
141662688 174716608
141665696 174714560
141663168 174708384
141661568 174710144
141658624 174705504
141660224 174702240
141658976 174702016
141659776 174700800
141661696 174703328
141659680 174706272
141657024 174707104
141657376 174704608
141655136 174705376
141657760 174703872
141662368 174704864
141661856 174703968
141664832 174710336
141669152 174718496
141668704 174717632
141666848 174715328
141664256 174708192
141661728 174700864
141667424 174700064
141666112 174700160
141660544 174701824
141664768 174701248
141668576 174707008
141666272 174716064
141661216 174716576
141657856 174716544
141656640 174710688
141661952 174701312
141658624 174704512
141659264 174709376
141663008 174711552
141661792 174706944
141657760 174711168
141663104 174718976
141665952 174722816
141662496 174716320
141659104 174709856
141661152 174710208
141661312 174710560
141661408 174709024
141661184 174709184
141664704 174706240
141656224 174711104
141654752 174712256
141660736 174707328
141666816 174701952
141670592 174707808
141662816 174703648
141656960 174696896
141657568 174702432
141663008 174709824
141667616 174715200
141666560 174720256
141668960 174718400
141671264 174712736
141663808 174710368
141660640 174709536
141652992 174707488
141656416 174712928
141661056 174718240
141662176 174726272
141662432 174729216
141665760 174726144
141672000 174722272
141667456 174718560
141666656 174712000
141664576 174706880
141664384 174709376
141663936 174710304
141666208 174707808
141665984 174713600
141665984 174720576
141664736 174714752
141663968 174716896
141663936 174718720
141661312 174715200
141658848 174711104
141663136 174709088
141667104 174713664
141665376 174711712
141662656 174712800
141662144 174711264
141658304 174710432
141654752 174717792
141659776 174722912
141662976 174721600
141658624 174715296
141656992 174709152
141654976 174706720
141652864 174709344
141655424 174708256
141658432 174704928
141659008 174707136
141660032 174710432
141666880 174713344
141664672 174715200
141665408 174713920
141663744 174710624
141660320 174706912
141656864 174706656
141658368 174715264
141663872 174722048
141668064 174720448
141670368 174717344
141670944 174715264
141672128 174716928
141673824 174714528
141665184 174706560
141662144 174702560
141663616 174707840
141656672 174711296
141657120 174711680
141662496 174710656
141661312 174711968
141659232 174709952
141659328 174705600
141658496 174710752
141658656 174715232
141658304 174714336
141657184 174710464
141653920 174705824
141653600 174707680
141652320 174713632
141656704 174713472
141663360 174713920
141660992 174717280
141659040 174718496
141661280 174719680
141660000 174719712
141660992 174726624
141662656 174728640
141659040 174727136
141664672 174732768
141669088 174736512
141667392 174734016
141662560 174733216
141664992 174739008
141666272 174739424
141662048 174742784
141664960 174747136
141663200 174752256
141663552 174754304
141662656 174753120
141659520 174749856
141664896 174748128
141668320 174753856
141667008 174750048
141665440 174746880
141661856 174754272
141663232 174756704
141663168 174754176
141659680 174755584
141656128 174752512
141663488 174752960
141668128 174753504
141666976 174752768
141661312 174752000
141661472 174750816
141665376 174746272
141660768 174747104
141658176 174740864
141662144 174736832
141665536 174739744
141665632 174741824
141662240 174744256
141665664 174745728
141665120 174739936
141664640 174740416
141665216 174739648
141667168 174740192
141665280 174738368
141662496 174736576
141660352 174733536
141660960 174731264
141661504 174734112
141659552 174733888
141657984 174734656
141661728 174733696
141663616 174734464
141661472 174736224
141666400 174731840
141667104 174728160
141667296 174726816
141666656 174727648
141668544 174730720
141675392 174729248
141674240 174725568
141673984 174723648
141673280 174730016
141672384 174733152
141667872 174729632
141660640 174726816
141657440 174725952
141658112 174716768
141664256 174721024
141663936 174728352
141663520 174727744
141660768 174726176
141657664 174725664
141660704 174726080
141664096 174723616
141659968 174715968
141659008 174715008
141661664 174720992
141666080 174719008
141662720 174722432
141662944 174723008
141662784 174721248
141662656 174726688
141664800 174731360
141662560 174727968
141657184 174723424
141662752 174722720
141667488 174726816
141668960 174730272
141673216 174732832
141674272 174737216
141668672 174732512
141671040 174734784
141672576 174735008
141672128 174736416
141668992 174733984
141669312 174732800
141669056 174726944
141668416 174728064
141666688 174728416
141664096 174727072
141670176 174735520
141674720 174743808
141668960 174739744
141665824 174735264
141668224 174734944
141664160 174731168
141659616 174727264
141664544 174731648
141665280 174734624
141664096 174736256
141668320 174740960
141663680 174736832
141654816 174732096
141654656 174732096
141665184 174733152
141662752 174733824
141663072 174738144
141662464 174738144
141659424 174736736
141656736 174738656
141655520 174744512
141660608 174751872
141660928 174752416
141654912 174746400
141652768 174744448
141654016 174746720
141658080 174753248
141656512 174753024
141655744 174759200
141659104 174758400
141656768 174757184
141659936 174759808
141665088 174760928
141660544 174755840
141658720 174752032
141661632 174750656
141661376 174755296
141663072 174761792
141663360 174757920
141661152 174754432
141666400 174756832
141666304 174760128
141664704 174757376
141667232 174757504
141663104 174755744
141658784 174753120
141659328 174755584
141657792 174755808
141665920 174755712
141671648 174757696
141671200 174753792
141663072 174752320
141657568 174757472
141661088 174756160
141665344 174754880
141666816 174753920
141663520 174752928
141661088 174751328
141665056 174749184
141668928 174753120
141664960 174752544
141664224 174750624
141663936 174747584
141665312 174750528
141666400 174756864
141671872 174758560
141671456 174759424
141669280 174757600
141664128 174754112
141658976 174750336
141665696 174750624
141665760 174756128
141666944 174757952
141665216 174749056
141661152 174747360
141664256 174751840
141660992 174754336
141656160 174751424
141657952 174745632
141660480 174747776
141658016 174753728
141658176 174752960
141664736 174753536
141661728 174754400
141660992 174747072
141661024 174747744
141662176 174750016
141663808 174752640
141664576 174760480
141667072 174759264
141664032 174755296
141662624 174757376
141668896 174755104
141668352 174750464
141666592 174746432
141666912 174749568
141665344 174750400
141667328 174751328
141669408 174757184
141669088 174761920
141670976 174761216
141670048 174755936
141673280 174751872
141669088 174748736
141667712 174752512
141672928 174752256
141667072 174755136
141662400 174751968
141667712 174748224
141671200 174752736
141668480 174751488
141663008 174743488
141660704 174742464
141659328 174747552
141657152 174748288
141660544 174753792
141666144 174759744
141669728 174756736
141671168 174762080
141666976 174769568
141661856 174767744
141660704 174760096
141659680 174756704
141663232 174762976
141669152 174763648
141667744 174767872
141663552 174775776
141660064 174770816
141660480 174768160
141659040 174773280
141663936 174778688
141664416 174778560
141666432 174775424
141672928 174780416
141667040 174781760
141663168 174785600
141664224 174783488
141662304 174776128
141659392 174779008
141663136 174781472
141668224 174785984
141670080 174784736
141668736 174783136
141667968 174782624
141669024 174791296
141669792 174792544
141669024 174788192
141665216 174785088
141662240 174785184
141664352 174786336
141665056 174788160
141659328 174785184
141657024 174783488
141662208 174784672
141662272 174782944
141666144 174787808
141663840 174793600
141662400 174796640
141665056 174794240
141670144 174795808
141665216 174794752
141660608 174784672
141659776 174784352
141664704 174789600
141665664 174784640
141667168 174788928
141667168 174788384
141662848 174786240
141665696 174788160
141667872 174787936
141663936 174787200
141664032 174788320
141668160 174786592
141676512 174782848
141679584 174786080
141673152 174782080
141666240 174778336
141665024 174778304
141668352 174784928
141669184 174784192
141665440 174782272
141666336 174781152
141669280 174781856
141667552 174780544
141667808 174783296
141668448 174781504
141669408 174781472
141671264 174779232
141668224 174780032
141667872 174785152
141668928 174779776
141666688 174771072
141660512 174773280
141662080 174773376
141662112 174771200
141664448 174768064
141664768 174769216
141667488 174773952
141667200 174783168
141670240 174784064
141669312 174781120
141668160 174779136
141664832 174778624
141669376 174777760
141668832 174777664
141665664 174774912
141666272 174776832
141664576 174775488
141663840 174774816
141666432 174776608
141667104 174774624
141670272 174772256
141671136 174768864
141673312 174768864
141671680 174764320
141665248 174764064
141661408 174759840
141659584 174762432
141661024 174769600
141664512 174771296
141669344 174766528
141667584 174764480
141665536 174766176
141662176 174763744
141661728 174760704
141664064 174766784
141669984 174770080
141674688 174772928
141672032 174776064
141667808 174771808
141667168 174766176
141662336 174764608
141661856 174767552
141666496 174769664
141665280 174769120
141670080 174773728
141673728 174776928
141666912 174775392
141665024 174770944
141662880 174766880
141664096 174768416
141667200 174767776
141665216 174767296
141662240 174764704
141661920 174766240
141656384 174767328
141649856 174768800
141653504 174771168
141662368 174770496
141661952 174769920
141662912 174768992
141666560 174770080
141660448 174763520
141655360 174759296
141661152 174766144
141668096 174771776
141667392 174772288
141662880 174770816
141661312 174768512
141656608 174766208
141657856 174762080
141658944 174765632
141657344 174762432
141656896 174762912
141661312 174766816
141660704 174766240
141660288 174760832
141661920 174760160
141659520 174759488
141655616 174760992
141654944 174764512
141660448 174770432
141660288 174768160
141662880 174768960
141663808 174768960
141663968 174768992
141671552 174771040
141672224 174777056
141665664 174776576
141664224 174774784
141668704 174769984
141669792 174770336
141665888 174770240
141661984 174767648
141664032 174763584
141668576 174760608
141669376 174761472
141667968 174766336
141671200 174766400
141668320 174765600
141663232 174765568
141660448 174763648
141663040 174764480
141666144 174762944
141666720 174762976
141671072 174766240
141669216 174764480
141663808 174762080
141666944 174763008
141668096 174766304
141671296 174765632
141671424 174761312
141670336 174763872
141672608 174766496
141670016 174761216
141668064 174761216
141668064 174761920
141666784 174761920
141665920 174760448
141667296 174763584
141669792 174765088
141667424 174767136
141668768 174766976
141665600 174762784
141662464 174762944
141658240 174761696
141660160 174762848
141664384 174762752
141666528 174756288
141663136 174749440
141662272 174752384
141665312 174755264
141666688 174754944
141665984 174756000
141666144 174759424
141664576 174760288
141665728 174755328
141662016 174754784
141660320 174750048
141666016 174745344
141667136 174743712
141667744 174745984
141664096 174749024
141656384 174747520
141659968 174752352
141668480 174758592
141669216 174756352
141665280 174749728
141661120 174751616
141662720 174753792
141660416 174758368
141663872 174759616
141676640 174770784
141674048 174776608
141669312 174776032
141665792 174776704
141657728 174779424
141658016 174778656
141662688 174773184
141660320 174776672
141662432 174780544
141663616 174780192
141660320 174782592
141660896 174785056
141656672 174789792
141664480 174790752
141672544 174792128
141677248 174794944
141676096 174793344
141670976 174788608
141669856 174780576
141669664 174783488
141672576 174792128
141675104 174798592
141673312 174801600
141666688 174792960
141660928 174784736
141666272 174780640
141669088 174779680
141668064 174783872
141670560 174784608
141670560 174788064
141668800 174789856
141671360 174788928
141678240 174795104
141677824 174797024
141678112 174788160
141675136 174780960
141674752 174780160
141675776 174778624
141672416 174778880
141674496 174779488
141671968 174774656
141667488 174777664
141667840 174774784
141668288 174774304
141671264 174773664
141670432 174773568
141667552 174775552
141666528 174773152
141670784 174777856
141672576 174781632
141669536 174778112
141668704 174776736
141667168 174772032
141668672 174770912
141667616 174765600
141666976 174763424
141672256 174768320
141671904 174769696
141661312 174759840
141661568 174758176
141667968 174764128
141667232 174765984
141668416 174763488
141671520 174764192
141674112 174765760
141673344 174764672
141670816 174762816
141672128 174761600
141671104 174764544
141667008 174761760
141662688 174759392
141664832 174761888
141667360 174762656
141658176 174758336
141658752 174758176
141660096 174760000
141662816 174759104
141664576 174761248
141667200 174757472
141670112 174761664
141669824 174760960
141671840 174755584
141674144 174760544
141673664 174764480
141677536 174762720
141672352 174763424
141673664 174762112
141673760 174754912
141670208 174755328
141666816 174754656
141666848 174752832
141665856 174753472
141665888 174753696
141663584 174745056
141664032 174747872
141666272 174749280
141670048 174747232
141674432 174755616
141673376 174763040
141673056 174763168
141666912 174756672
141669632 174756000
141673600 174760000
141671040 174764928
141670752 174765120
141673760 174760704
141674944 174755552
141668352 174748224
141663936 174744736
141661728 174748448
141666272 174756768
141671424 174759328
141675104 174759488
141673632 174759616
141666208 174758912
141671808 174758848
141670880 174756704
141663232 174750944
141661504 174757056
141663296 174759072
141668512 174762016
141670272 174768704
141663968 174768992
141661984 174766496
141664512 174766912
141668320 174768512
141668576 174770656
141671616 174769600
141669824 174767552
141667904 174763520
141669024 174764608
141670176 174768544
141673376 174765632
141672960 174763680
141670656 174765472
141673664 174765728
141669984 174766144
141668832 174764000
141670752 174764256
141672640 174768544
141670880 174764000
141671968 174759936
141676384 174755520
141677312 174761312
141675584 174766720
141675616 174760928
141679008 174764224
141679136 174764640
141673056 174755936
141666976 174751808
141669888 174753184
141668000 174752096
141667072 174752032
141673600 174749440
141675584 174749472
141677216 174751136
141671872 174756672
141674784 174759968
141671488 174760032
141668864 174755104
141670720 174749824
141673120 174752768
141671552 174755008
141672288 174754688
141670560 174757728
141673984 174760224
141671104 174757696
141670432 174754624
141674656 174752160
141671552 174752992
141669600 174750816
141669888 174750112
141676448 174748960
141674688 174752992
141672448 174752000
141677152 174752224
141678400 174751968
141673216 174751072
141671808 174753920
141676768 174755712
141676736 174749984
141676928 174743680
141679936 174751936
141676384 174756416
141669888 174754112
141669024 174751424
141679872 174754176
141679776 174754752
141671584 174749984
141669920 174744384
141674208 174744736
141679328 174750336
141678080 174756448
141673280 174755808
141675296 174757376
141673600 174759232
141672544 174756992
141673056 174759136
141673280 174762208
141673984 174758176
141674592 174752288
141674400 174749568
141672864 174750336
141671872 174753696
141671264 174755456
141669312 174752512
141666400 174750944
141663936 174748704
141668896 174745472
141669120 174744800
141673248 174756800
141673248 174763840
141668544 174757664
141671456 174751616
141670208 174742272
141667008 174740640
141671136 174743520
141673216 174748672
141673888 174750976
141668480 174747456
141673248 174749728
141675936 174749376
141672736 174753024
141669088 174752096
141671072 174755232
141673088 174764160
141670144 174767232
141667456 174763456
141672704 174767840
141673472 174772256
141669600 174769984
141669696 174769280
141669248 174771456
141671808 174772096
141673376 174772512
141676640 174770400
141674432 174776160
141670816 174776928
141676224 174781312
141676544 174780608
141674688 174779328
141671360 174776256
141668992 174771552
141667264 174771936
141667520 174776512
141666240 174774816
141666400 174776000
141665088 174771680
141667520 174767904
141668288 174769536
141668928 174768768
141668320 174764864
141670912 174764992
141674272 174760640
141676384 174759360
141676512 174767168
141675904 174773504
141678944 174769248
141674208 174763520
141673632 174758304
141675968 174761600
141678208 174758144
141675328 174760768
141670752 174762624
141669536 174761280
141676896 174769760
141676192 174770400
141673632 174764384
141672064 174759776
141670112 174759360
141669920 174756608
141672256 174751072
141671648 174752512
141666944 174754624
141664544 174756960
141669888 174755456
141671744 174756544
141673056 174755456
141669696 174753440
141663008 174752800
141666048 174747680
141664320 174746112
141664544 174751296
141668672 174758496
141674432 174760352
141671040 174754112
141673824 174751328
141671776 174758560
141668416 174756928
141672224 174753152
141677792 174750528
141678848 174750784
141678496 174753952
141676064 174749408
141670848 174746880
141673152 174750816
141673312 174748128
141672896 174743904
141671232 174746688
141671520 174747648
141676544 174748064
141674656 174747008
141679136 174748960
141681952 174752096
141673536 174751200
141671840 174746016
141676224 174743328
141676256 174744576
141679776 174741056
141672672 174739168
141664224 174738176
141667200 174736288
141669600 174736384
141670976 174738080
141670176 174734048
141669056 174734688
141669824 174739968
141675040 174745728
141678944 174743616
141673248 174738496
141673984 174736512
141673952 174734240
141674976 174740384
141677632 174746336
141678784 174745952
141676736 174740352
141669056 174738944
141667520 174740544
141669536 174740864
141671840 174742400
141672256 174740832
141671360 174739008
141672320 174741504
141671328 174737376
141661952 174740352
141659648 174740000
141666176 174735072
141666080 174730080
141663776 174737088
141665312 174741344
141665856 174737760
141668544 174741824
141668992 174746400
141672416 174747968
141672512 174740960
141672288 174737152
141669472 174740960
141669664 174736352
141666304 174732128
141665952 174735520
141672288 174739968
141670496 174742880
141666624 174736000
141669216 174733664
141671840 174740384
141674240 174742240
141667456 174737536
141667968 174737536
141674688 174739392
141674144 174744832
141681120 174744576
141677888 174745056
141672544 174752224
141676064 174751360
141675232 174745824
141679264 174746112
141685984 174747744
141685696 174743392
141682784 174744672
141682880 174747456
141674400 174739424
141674528 174736352
141674112 174744000
141675936 174745088
141676864 174741568
141680864 174739424
141684192 174737376
141682112 174736352
141679712 174735040
141677152 174731264
141676800 174732160
141676672 174738848
141672256 174738528
141670080 174738240
141673120 174739904
141673152 174739200
141668064 174732128
141668576 174727552
141673472 174731424
141678080 174738624
141678784 174742752
141680224 174748032
141680320 174748544
141679392 174741184
141675328 174743680
141680704 174743360
141686752 174745248
141687360 174752416
141681472 174744128
141677216 174736704
141676480 174736224
141674048 174735680
141670272 174737120
141673920 174740800
141677376 174744256
141677408 174741760
141678912 174742592
141680512 174739488
141674400 174738080
141670592 174737568
141678464 174736896
141679360 174736992
141676960 174735808
141679232 174736352
141680256 174732864
141676992 174728320
141674912 174729280
141677376 174725664
141678400 174725376
141679648 174730272
141678112 174731616
141684320 174736480
141686304 174741600
141686592 174742112
141691104 174741760
141683872 174744064
141676832 174743744
141677280 174739488
141675360 174734144
141675456 174737664
141675744 174736736
141672896 174730528
141669952 174732288
141669152 174739040
141670880 174736512
141673376 174734208
141681344 174731072
141681440 174729184
141673536 174734016
141671744 174735328
141672832 174734528
141671456 174733216
141669280 174733792
141675968 174739104
141677600 174741632
141672928 174733184
141672832 174723424
141673664 174728736
141673568 174735776
141674560 174740064
141678944 174743264
141683456 174751232
141685408 174752192
141684032 174748576
141680096 174747456
141675584 174751424
141674176 174753856
141678336 174756096
141686656 174757120
141685504 174761120
141680576 174757088
141675552 174753248
141674272 174756480
141674240 174756160
141671520 174756224
141672928 174756128
141678912 174759744
141679392 174759008
141676512 174763648
141675456 174766976
141678240 174766912
141683776 174767648
141684288 174769888
141680192 174771744
141680192 174769216
141680832 174763520
141674688 174759936
141676608 174755520
141680672 174752672
141677600 174754272
141686176 174762816
141685792 174762272
141680672 174757856
141680608 174757344
141678016 174751168
141678528 174751552
141682112 174756064
141681376 174755360
141680928 174756800
141679008 174757312
141679936 174755104
141683232 174755616
141685984 174759360
141682912 174756544
141678880 174753952
141679456 174748544
141682336 174748032
141685408 174750048
141683456 174753344
141680608 174755744
141680064 174752224
141681312 174748416
141681696 174754912
141679392 174749440
141679872 174749952
141678080 174748960
141677856 174742592
141675168 174745344
141672864 174748000
141671648 174744832
141675552 174742976
141674976 174743008
141677152 174750560
141676416 174753344
141677536 174750304
141678176 174748992
141680480 174751488
141679712 174751680
141677376 174748640
141678720 174749664
141683008 174748448
141684736 174743808
141678944 174742720
141676192 174740384
141680256 174741184
141680000 174740128
141677536 174740608
141680640 174747168
141679520 174744352
141675232 174745184
141677280 174751552
141675840 174751104
141674912 174750816
141679360 174750752
141684576 174750080
141678816 174746400
141677856 174743488
141676512 174740064
141675936 174744576
141672576 174744928
141672160 174741856
141671712 174749184
141672000 174750272
141670592 174747328
141666784 174747872
141671200 174751488
141674464 174750752
141679296 174745376
141680960 174743072
141682336 174745504
141680224 174753376
141678816 174755200
141679360 174751744
141675520 174750016
141676096 174745824
141675360 174743040
141676224 174748096
141676800 174749952
141679840 174753568
141675360 174751136
141671584 174745472
141676864 174745952
141680608 174747264
141679168 174744224
141673248 174743744
141674400 174739808
141675904 174741568
141677824 174744192
141675872 174747776
141672128 174751072
141672384 174754048
141681696 174753344
141686848 174751904
141681152 174750688
141673120 174744800
141670912 174740160
141674688 174745600
141682176 174750080
141681664 174754144
141676128 174756192
141677696 174757344
141679584 174758848
141679264 174757440
141678560 174752128
141668896 174748192
141672640 174749824
141677952 174753376
141677856 174759968
141680672 174762368
141683328 174761120
141682656 174755456
141679872 174755264
141684320 174760448
141684064 174759168
141683648 174760832
141683424 174760896
141679808 174758432
141681504 174760224
141680320 174758880
141674912 174756640
141676640 174753856
141675264 174753600
141671680 174751168
141673024 174746304
141679872 174753440
141682688 174764352
141676960 174764736
141673024 174759456
141679424 174755136
141682112 174753568
141686720 174758464
141688576 174763488
141684992 174761536
141672192 174753536
141668128 174743520
141667552 174739776
141661984 174738208
141665600 174739424
141670880 174749920
141679648 174757312
141678912 174757696
141678848 174755584
141677024 174746944
141672704 174741280
141669056 174743648
141676096 174748672
141684032 174758976
141681920 174760864
141678048 174751104
141672928 174741728
141672512 174740896
141668576 174740352
141670272 174739936
141676896 174748192
141678240 174750848
141676768 174746048
141678368 174746432
141674048 174750272
141678432 174750176
141687456 174750048
141686336 174746880
141675648 174748896
141678048 174754816
141676096 174752672
141674848 174751264
141674176 174755104
141674528 174751520
141675776 174749088
141670912 174752672
141676128 174749632
141682528 174753856
141685728 174758112
141686208 174760096
141680800 174759104
141678336 174758912
141680736 174757344
141681024 174752800
141678816 174752160
141676576 174750816
141677984 174752224
141679872 174756608
141680672 174754880
141680288 174749408
141675744 174747040
141674464 174750272
141680032 174750912
141685216 174749824
141683072 174750752
141680032 174750464
141676576 174749088
141671520 174745792
141671552 174753824
141674688 174758528
141678880 174759808
141683040 174765376
141681888 174770016
141674112 174775968
141674016 174771680
141676320 174768608
141682400 174768608
141675520 174769472
141672832 174772128
141675488 174775008
141675648 174778656
141678880 174785504
141681088 174784384
141683712 174781408
141682688 174780448
141678080 174780608
141673216 174777504
141668544 174775232
141671584 174779008
141679488 174785088
141677408 174784032
141670304 174782880
141671552 174781760
141674208 174784384
141671008 174783488
141673568 174779040
141678944 174783424
141676992 174786880
141680384 174790144
141686336 174788384
141684192 174787936
141680096 174785440
141683328 174785216
141688224 174787840
141693184 174792320
141689568 174787328
141680128 174779232
141681600 174771456
141681760 174769856
141681344 174769120
141677952 174768224
141679488 174765056
141679968 174768160
141684992 174770112
141681472 174765344
141673600 174756192
141671232 174754080
141666720 174758432
141669344 174759232
141670368 174766752
141675328 174772800
141675520 174771456
141674848 174766208
141680448 174766976
141676928 174765184
141679232 174765376
141682720 174766496
141684928 174768128
141685472 174766080
141681760 174762688
141671040 174759840
141667904 174762816
141668160 174766208
141674400 174772288
141677952 174767488
141680928 174761792
141675648 174764032
141674048 174765408
141683360 174771424
141682048 174776640
141681632 174774912
141684128 174774208
141680256 174771552
141677824 174761120
141671040 174756960
141673728 174755456
141673536 174752992
141673088 174757824
141676576 174761632
141679392 174765472
141681184 174766624
141680960 174762208
141678464 174756256
141680096 174759392
141675552 174754304
141674272 174755072
141676448 174759360
141677536 174760672
141678208 174759552
141676704 174761664
141676928 174771072
141677824 174770624
141679744 174768256
141681376 174763744
141677984 174763072
141674752 174763168
141672896 174761184
141674912 174761632
141676160 174757408
141680000 174756768
141679904 174752480
141676416 174748896
141678144 174752064
141678176 174758912
141673344 174760032
141677632 174760352
141679360 174763648
141678976 174759328
141673280 174762944
141674208 174767680
141677856 174769856
141675648 174770624
141674752 174760320
141674208 174754848
141676896 174759776
141674976 174760384
141669504 174759392
141674560 174759200
141676576 174758528
141673952 174757856
141672000 174757920
141674656 174762496
141676096 174762848
141680480 174757312
141679776 174754720
141675968 174757792
141676256 174762560
141684224 174766208
141689088 174767392
141684416 174767008
141682400 174766848
141675264 174761728
141672672 174763456
141672576 174762304
141672832 174761376
141672608 174764896
141674688 174768704
141674144 174767904
141675776 174768256
141677984 174769824
141681120 174769056
141680320 174765600
141673760 174762752
141668672 174763872
141670912 174764096
141670592 174769536
141677152 174767136
141680224 174767968
141682720 174768448
141679808 174764352
141673376 174755520
141670464 174756672
141669824 174750912
141672960 174749120
141677184 174759200
141672512 174759296
141669824 174757280
141673184 174754304
141669440 174756288
141666752 174754656
141670656 174751968
141678816 174754560
141677632 174763200
141681216 174764064
141683488 174760640
141681984 174754144
141683904 174752160
141683296 174754144
141684576 174758976
141677472 174756384
141668352 174751680
141669536 174752896
141670496 174753024
141674688 174753216
141678368 174752512
141676160 174753984
141675456 174753952
141683104 174755008
141686400 174760160
141682336 174763072
141683072 174761792
141681952 174761504
141678848 174759456
141679296 174756352
141678432 174752256
141680064 174747872
141680512 174757504
141679488 174757440
141677472 174750912
141671488 174748352
141667520 174742656
141665376 174739968
141668160 174746304
141671456 174748832
141671712 174741952
141676672 174752640
141678592 174758592
141677184 174757216
141675456 174754432
141681440 174755008
141684064 174756704
141683680 174752704
141687968 174753280
141686496 174754880
141685664 174753664
141682656 174757088
141688704 174761440
141687136 174759936
141683264 174756992
141681408 174759424
141680704 174763456
141681888 174757504
141672960 174748416
141666368 174746816
141664896 174751008
141670400 174752512
141671488 174750016
141674688 174753984
141680896 174756832
141675488 174757824
141671392 174761440
141674048 174765984
141675648 174764160
141674304 174763200
141671488 174766976
141673056 174775072
141672544 174775872
141670432 174777696
141670752 174777280
141669760 174779296
141665504 174776544
141667424 174777376
141675840 174789760
141682848 174799392
141680608 174796320
141680160 174790176
141678688 174793280
141674720 174793568
141675104 174793248
141679616 174796288
141672320 174795488
141667648 174790080
141673760 174786400
141674720 174790336
141674464 174793632
141677216 174791456
141674432 174792160
141673600 174788160
141676704 174788992
141678816 174793696
141676576 174792704
141675648 174788576
141668576 174788160
141670720 174781024
141672704 174779392
141673504 174781696
141679744 174788128
141681568 174788064
141678656 174787840
141676704 174790080
141677024 174789408
141675648 174783296
141674784 174779104
141672992 174782496
141666848 174776896
141670656 174777696
141676256 174781280
141675936 174777568
141675296 174776256
141672736 174779072
141671136 174775040
141671392 174772704
141678336 174780224
141683776 174784480
141678816 174782144
141681248 174780096
141676448 174777024
141675424 174773440
141677248 174779040
141676960 174780032
141673024 174775488
141673088 174775744
141677312 174779136
141674592 174772832
141672576 174773472
141676288 174772864
141674752 174772128
141676320 174773760
141683456 174774272
141681920 174774016
141686912 174777376
141684672 174780960
141681024 174779296
141681472 174779040
141693408 174781216
141693632 174789792
141690336 174789952
141684032 174780224
141683680 174776672
141684096 174778336
141680640 174772384
141676704 174771552
141674976 174773408
141682144 174769312
141686848 174772416
141686464 174779040
141684768 174782208
141684096 174781952
141684768 174784736
141690144 174783968
141690112 174780576
141687424 174781024
141685536 174777184
141684064 174774240
141685824 174780736
141682816 174780768
141681216 174778368
141682080 174780704
141683232 174783232
141685344 174780768
141687072 174776160
141684032 174776928
141683328 174777632
141685376 174777184
141687552 174780384
141687520 174779392
141687488 174775808
141686784 174777408
141687488 174769376
141685376 174767232
141685536 174775968
141687552 174775872
141681088 174768224
141679456 174774112
141683552 174778176
141679840 174769632
141683840 174770368
141684608 174775296
141679264 174771616
141681312 174773856
141678304 174776544
141682240 174778400
141690080 174778080
141688128 174777536
141684064 174779424
141684928 174783776
141684128 174779296
141675456 174771296
141674656 174772384
141682336 174780544
141684064 174784288
141680736 174782496
141683744 174783392
141684160 174779232
141683264 174780704
141686208 174780832
141683584 174787424
141681344 174781152
141677664 174773440
141675808 174775776
141679584 174779680
141681888 174784800
141679584 174785568
141675168 174781920
141675360 174784512
141680096 174781184
141680896 174779936
141676480 174774144
141676032 174770880
141680352 174775072
141684096 174775648
141682048 174773408
141680096 174775360
141680704 174778432
141678016 174775680
141683552 174775584
141686944 174777952
141684736 174778784
141685824 174779520
141685280 174776416
141684672 174772512
141688192 174775200
141690464 174778304
141692160 174779488
141687168 174780096
141689568 174784064
141690592 174780256
141688928 174773856
141678496 174771968
141674368 174766592
141684288 174759968
141687648 174767456
141683040 174772096
141678688 174776480
141682080 174777728
141683136 174774720
141681664 174771200
141675808 174767008
141674880 174764736
141679008 174769344
141684160 174774720
141682176 174775232
141681088 174775712
141678688 174775136
141679040 174777920
141684416 174776704
141687424 174770720
141681312 174764736
141679264 174764256
141683168 174766944
141682240 174769408
141682848 174767680
141684160 174769184
141684128 174770304
141674880 174770816
141673952 174764288
141673952 174767904
141675872 174772512
141682112 174774592
141679648 174772768
141682304 174777056
141685312 174776160
141679456 174770624
141677760 174772608
141676416 174779712
141673600 174781632
141676128 174779168
141678016 174772672
141674496 174768192
141676256 174769280
141679872 174770336
141680032 174768608
141685984 174773088
141681952 174770528
141680704 174771712
141684640 174778464
141683616 174781408
141686016 174778016
141686560 174771488
141682528 174767808
141679232 174764448
141681408 174764896
141683008 174769344
141683872 174772224
141679552 174771520
141674432 174772480
141677760 174776288
141685984 174781344
141687424 174780064
141682752 174771776
141678656 174778304
141677088 174784512
141681664 174783232
141680480 174789664
141679328 174790528
141680512 174789248
141681024 174786304
141677152 174784704
141684096 174786880
141683552 174788832
141678304 174792928
141677056 174794688
141681728 174795808
141683008 174797472
141683968 174798048
141682208 174798176
141683840 174797024
141686848 174797280
141689536 174789056
141688448 174786944
141689024 174788736
141689120 174788288
141686432 174784736
141679488 174784640
141681504 174786560
141683968 174786816
141681184 174789888
141687008 174786752
141691680 174780160
141690976 174783680
141686784 174785184
141685664 174788736
141687936 174787008
141685216 174779904
141682816 174781856
141688064 174785632
141691200 174786080
141689536 174782464
141686880 174785632
141680256 174779936
141682304 174776576
141689024 174783008
141685760 174783648
141684288 174779552
141683168 174781568
141681856 174780352
141681440 174778048
141686912 174773984
141684352 174774368
141685792 174776864
141690432 174780672
141690080 174783104
141692320 174782560
141685312 174776736
141683808 174768960
141681792 174768640
141678240 174770528
141679552 174764992
141677888 174765472
141680512 174767968
141684512 174774560
141685280 174780384
141683616 174783936
141683072 174780928
141682848 174776864
141681088 174771680
141680384 174771136
141683360 174771744
141682400 174771488
141681408 174774464
141675680 174774272
141675936 174769984
141682848 174770432
141675840 174772096
141679648 174770912
141684960 174771488
141677824 174774464
141679040 174776704
141680448 174779520
141685888 174778464
141681408 174778976
141680384 174779168
141681728 174785088
141678560 174791488
141682272 174791712
141683392 174788064
141682048 174789952
141681280 174792608
141681728 174798624
141684032 174803360
141686464 174796960
141683552 174797824
141682432 174799520
141685984 174794336
141688768 174792736
141687616 174796672
141677984 174791136
141680064 174791776
141679104 174797312
141674912 174795616
141680384 174798272
141683712 174801120
141683744 174798912
141684128 174797440
141679136 174795328
141676928 174793216
141674944 174791552
141672832 174784704
141675296 174786720
141677664 174788224
141678528 174792128
141680000 174799808
141684512 174806528
141688384 174807008
141687520 174802624
141685760 174802336
141682560 174796960
141673472 174795584
141671328 174799840
141679424 174799040
141682304 174800352
141683264 174803872
141680544 174800864
141676224 174798304
141672896 174796256
141675968 174795488
141677728 174792192
141681184 174792160
141677216 174791616
141675104 174793408
141678112 174792576
141680672 174796000
141680096 174789952
141678048 174784864
141685120 174788992
141687296 174789952
141685504 174785824
141689792 174788832
141684128 174792608
141683744 174793056
141684096 174791424
141682912 174789984
141683392 174790496
141686656 174790720
141692256 174791680
141688608 174786368
141691360 174787200
141690048 174793152
141684896 174795200
141684800 174793408
141680192 174782336
141681056 174781024
141680992 174780160
141674944 174780448
141676096 174785792
141681280 174790496
141685920 174790880
141687392 174795680
141688064 174793952
141689600 174786752
141691008 174793056
141684288 174794848
141679744 174790624
141682944 174786112
141685056 174781216
141680960 174782496
141686656 174785408
141685152 174793312
141688768 174791488
141684960 174794080
141687904 174794784
141687648 174789856
141682080 174788512
141684896 174787072
141686016 174782432
141685696 174784608
141684320 174789984
141680544 174786816
141681216 174786656
141685600 174785696
141683808 174780928
141685216 174784160
141685216 174783424
141692096 174783680
141686400 174782592
141684288 174778656
141687872 174779744
141689376 174783072
141691488 174786656
141692416 174785440
141691424 174785280
141690272 174782976
141689376 174785472
141686528 174782944
141686048 174781760
141682368 174779424
141679488 174774752
141684384 174773664
141689280 174781824
141690656 174781664
141688960 174779552
141690080 174783168
141692128 174778112
141691328 174775136
141689664 174777120
141689440 174776128
141688512 174779008
141689984 174776544
141688960 174783552
141686688 174786944
141690560 174780032
141689952 174773888
141684736 174768032
141683264 174762272
141687584 174770400
141690560 174783264
141692064 174787520
141690368 174783488
141688320 174782240
141688096 174788384
141683008 174783488
141683456 174779200
141682784 174776544
141680576 174775104
141679104 174772864
141680640 174776096
141682368 174780448
141689536 174781056
141689632 174779616
141685280 174779264
141679360 174777568
141678336 174772576
141682048 174774528
141684864 174777888
141691488 174783712
141686080 174784672
141680096 174784640
141678880 174787360
141676384 174790304
141680608 174792256
141683392 174795616
141687456 174802944
141693696 174811744
141688512 174812928
141686880 174806112
141684960 174801568
141680352 174794688
141678528 174796352
141681888 174798240
141683392 174793248
141684448 174798720
141682240 174800992
141683424 174796384
141683872 174796512
141684704 174803584
141686496 174804160
141684288 174805920
141687040 174805536
141689952 174806624
141688384 174809120
141690560 174801536
141686656 174800960
141685184 174796992
141685152 174799040
141683744 174799552
141683200 174795456
141684032 174795104
141678816 174796512
141680832 174793856
141682752 174792320
141677664 174787456
141674272 174791488
141676352 174795904
141682304 174793728
141684896 174798976
141686720 174799552
141688160 174796288
141684000 174796448
141674496 174793632
141675744 174789664
141676992 174790048
141677920 174788928
141676192 174784288
141680384 174788000
141681440 174792384
141687328 174797376
141685024 174799200
141683296 174791360
141685696 174789888
141683872 174786176
141685120 174785088
141685344 174784512
141683648 174780704
141682656 174776736
141680640 174780544
141678912 174778592
141672384 174771200
141671776 174768640
141671328 174763456
141677408 174764736
141678880 174769600
141680704 174770112
141678080 174776320
141679872 174775040
141682688 174774848
141682464 174774400
141679392 174776864
141683136 174779744
141687872 174773440
141686944 174774688
141683552 174774304
141683008 174769088
141686656 174768544
141689440 174774272
141687232 174775648
141686592 174771424
141683808 174767616
141684704 174768224
141681408 174770464
141682528 174771648
141686016 174769728
141683456 174766560
141685248 174771840
141684544 174768448
141680736 174764800
141683712 174773664
141684352 174767232
141682336 174768736
141676928 174771104
141676256 174766432
141675200 174766304
141676768 174768608
141675264 174768192
141678432 174768512
141682368 174776096
141684160 174777440
141678048 174770848
141675168 174766784
141674080 174762912
141674592 174764960
141676224 174764224
141675808 174757216
141682560 174759488
141683264 174762272
141676704 174766272
141678144 174767744
141676160 174765664
141677216 174764768
141682720 174761408
141687584 174767520
141687520 174769344
141684960 174764928
141681088 174768000
141682272 174767808
141685280 174769088
141688352 174773920
141687296 174776480
141688320 174776384
141687104 174774752
141684608 174758912
141684992 174744896
141686688 174748032
141690816 174750816
141691840 174751328
141682336 174758400
141678368 174762176
141679776 174757312
141685312 174754624
141689952 174748736
141686368 174750432
141683616 174754368
141676448 174755648
141681728 174754688
141678688 174754560
141676416 174753312
141676640 174752832
141681888 174753152
141681376 174752640
141679776 174750880
141684544 174753248
141682656 174753184
141680160 174752288
141682560 174753952
141685280 174758368
141687232 174758656
141681472 174750080
141676992 174749024
141677824 174752608
141676192 174754016
141680096 174755424
141681664 174754336
141686656 174754080
141686624 174759520
141682112 174759296
141676032 174754080
141676864 174750720
141679744 174754208
141681888 174751136
141684384 174753696
141684224 174752416
141682464 174746944
141677472 174752288
141681248 174756320
141687392 174751872
141685248 174750016
141686816 174751744
141684928 174748992
141684992 174747712
141679680 174747680
141675648 174747296
141674496 174744320
141672768 174747200
141678400 174745664
141677984 174741376
141676800 174744064
141678496 174746592
141677568 174746208
141676160 174742720
141676736 174743104
141675360 174742240
141677984 174746560
141679872 174746336
141676384 174743232
141670656 174745184
141676640 174750912
141682976 174752096
141684352 174748480
141682816 174750464
141686144 174749248
141684608 174749760
141690304 174748928
141689920 174749760
141687328 174750272
141692160 174756832
141689952 174755616
141689888 174755232
141692672 174756928
141690048 174749856
141683456 174745312
141679680 174744384
141685376 174745376
141685824 174752128
141689120 174757344
141690560 174757920
141684416 174755360
141681408 174750144
141682336 174743424
141690048 174746816
141695872 174748128
141692928 174747200
141689536 174743904
141685088 174745696
141681632 174742784
141685888 174741984
141683680 174741472
141679744 174741120
141675168 174744608
141679424 174746944
141682560 174748576
141680864 174749280
141677248 174749696
141678112 174754368
141677760 174760672
141683392 174761120
141686112 174762656
141682048 174765664
141682368 174760736
141681824 174758720
141676160 174758624
141678624 174766688
141682784 174772384
141684640 174766848
141681792 174763456
141677824 174769760
141679296 174772064
141679104 174772096
141678592 174774720
141682784 174773088
141681056 174767104
141683648 174774656
141684064 174782464
141683008 174779904
141690080 174784160
141690112 174786432
141689184 174782752
141684992 174776768
141682912 174775648
141680960 174773888
141679712 174775744
141684096 174781504
141691200 174777536
141685120 174772896
141683744 174771104
141687040 174772672
141688032 174775200
141685888 174771776
141684608 174766272
141686432 174763232
141687488 174765216
141686176 174765376
141687776 174764128
141689920 174766912
141690880 174768224
141692704 174764096
141690944 174760096
141692864 174765216
141692128 174758848
141689344 174761600
141690720 174764352
141696992 174768768
141696448 174775552
141691488 174770496
141691872 174769728
141691712 174764288
141690240 174760800
141686368 174762432
141681376 174761376
141682624 174755584
141685312 174756512
141692224 174764224
141693600 174765664
141691040 174757216
141694880 174754560
141698336 174752640
141696480 174752672
141691488 174753600
141687328 174751680
141693248 174750112
141695840 174754400
141696512 174759776
141692384 174754720
141691232 174756192
141695936 174759488
141697856 174757056
141696704 174753760
141696128 174753536
141689248 174750688
141691040 174753888
141693632 174753056
141693760 174752896
141695776 174749824
141693536 174747296
141688704 174744864
141687296 174740768
141684064 174733728
141686880 174737664
141693024 174747072
141696224 174749216
141694176 174744768
141690816 174742176
141685280 174741696
141687168 174736480
141688544 174740288
141691456 174740960
141698016 174740992
141691296 174742720
141683520 174745120
141684704 174744096
141684896 174744000
141685728 174743200
141684640 174741600
141686304 174738400
141690848 174741920
141695936 174746560
141689568 174747360
141689472 174743680
141693024 174742304
141693856 174747616
141691168 174748864
141686784 174749984
141688416 174749088
141685408 174748576
141688288 174743904
141686048 174743488
141688608 174746848
141692768 174742944
141691520 174738912
141688480 174740864
141693024 174749504
141694272 174753792
141688768 174758656
141691392 174755008
141692576 174750016
141688832 174745664
141686336 174743808
141686656 174747424
141685600 174748064
141693280 174755008
141695584 174759616
141700160 174759168
141697760 174759456
141689280 174753504
141689120 174755648
141694720 174758880
141693536 174756544
141685888 174755968
141686656 174756864
141687840 174758400
141690944 174759296
141693376 174757728
141692672 174754752
141687360 174756480
141685568 174756928
141691200 174754048
141692160 174757248
141686592 174753984
141681696 174752672
141682624 174754528
141684544 174759328
141685888 174758336
141686592 174755072
141685376 174757056
141686624 174754688
141688288 174750528
141692992 174746080
141690336 174753856
141688032 174761280
141686016 174761568
141680448 174756896
141678784 174755424
141678240 174749888
141676448 174747168
141677472 174750048
141683776 174749376
141691808 174755520
141693696 174756512
141691136 174758176
141689760 174756032
141687776 174756416
141683200 174752288
141675104 174746592
141673792 174745728
141684640 174753024
141681536 174750464
141674720 174752672
141680000 174759648
141677696 174754880
141675968 174749344
141678112 174751520
141676832 174749952
141678240 174749600
141680736 174747744
141681504 174747200
141687232 174751264
141685376 174748896
141677536 174739168
141679008 174739328
141679424 174743456
141680320 174749088
141678432 174746560
141681664 174747072
141683616 174746144
141685536 174747232
141682048 174752576
141683552 174752928
141690944 174754208
141690112 174752768
141684032 174748352
141687968 174747040
141688992 174748928
141686112 174749824
141685248 174747008
141687456 174746912
141691296 174744768
141692160 174744384
141690080 174749696
141690144 174748672
141686400 174744192
141693440 174751424
141692608 174748896
141687744 174744224
141683776 174740864
141683872 174745056
141684896 174747520
141681344 174744608
141682400 174745472
141683968 174750336
141685920 174748320
141686304 174749216
141685792 174749856
141683136 174746016
141686208 174747072
141691904 174748288
141692320 174751136
141692608 174757120
141694432 174752320
141690496 174751616
141684160 174753376
141678304 174751552
141680960 174755424
141682720 174756224
141686624 174757568
141688928 174761152
141685344 174759680
141681664 174759520
141685088 174767040
141683584 174772032
141687040 174780320
141687072 174781760
141688288 174780928
141690368 174778560
141689120 174779360
141684480 174783104
141685536 174784544
141690816 174782656
141688384 174779776
141684864 174778144
141679040 174776288
141682176 174778976
141681216 174775296
141681664 174776352
141689696 174783808
141693152 174781120
141689440 174778848
141688160 174782592
141682144 174782240
141680832 174781120
141685792 174783936
141687936 174782912
141684800 174781408
141685248 174781056
141684672 174778848
141685696 174778336
141685632 174779168
141685888 174781312
141685280 174781472
141687072 174776384
141689536 174774848
141688512 174775648
141692992 174771040
141684800 174767040
141684384 174768096
141686496 174767360
141682464 174766528
141685728 174767456
141687904 174772864
141681984 174772256
141680832 174765536
141683040 174751136
141685952 174755488
141687008 174761440
141691008 174760928
141690528 174764672
141690112 174765600
141685184 174757568
141679744 174756896
141680032 174755200
141679616 174757024
141679520 174757376
141677728 174755680
141681824 174758272
141682272 174759392
141681312 174756384
141680000 174758592
141679680 174760896
141680992 174764352
141686688 174762240
141688416 174763648
141684896 174760096
141682976 174756448
141687456 174753120
141689536 174753920
141689984 174756384
141691328 174764288
141693536 174768160
141695264 174769664
141694400 174771200
141688352 174763424
141686496 174756608
141685184 174754016
141688224 174756896
141694848 174760224
141697216 174762592
141693984 174764288
141688928 174757728
141683968 174749856
141681120 174747040
141684608 174751296
141689376 174752960
141691552 174752736
141692928 174753568
141695648 174752800
141692928 174754752
141695104 174755072
141695584 174752960
141694336 174750336
141695072 174752544
141692320 174753664
141689088 174750496
141687392 174747232
141692224 174750784
141693376 174752608
141687200 174745248
141686688 174747488
141692192 174755776
141687552 174761248
141688256 174767584
141688576 174761984
141690464 174754752
141693440 174754112
141691808 174755840
141690688 174753856
141685952 174752384
141687072 174751040
141686880 174747264
141684416 174748352
141682304 174746880
141686432 174747040
141691008 174750496
141690944 174753568
141687808 174751776
141688000 174749408
141685056 174748256
141683680 174751424
141684320 174753248
141684896 174758336
141686496 174756032
141690080 174753024
141693504 174755104
141697184 174761216
141697280 174764128
141696224 174761760
141696128 174757504
141699200 174760256
141699936 174766304
141701440 174763808
141695104 174755072
141690048 174753280
141689024 174752160
141692064 174751616
141689248 174756672
141682784 174753440
141686144 174749088
141690592 174755040
141690816 174760448
141689952 174759264
141689344 174755648
141693440 174754784
141693440 174756256
141691584 174757664
141690272 174753920
141688832 174748800
141693696 174751552
141694368 174752128
141695392 174750336
141693376 174753472
141692736 174748544
141694944 174750240
141696800 174752384
141697152 174746368
141695584 174752512
141693888 174758048
141693088 174754304
141692992 174746720
141686624 174745120
141689184 174748160
141687328 174745664
141684928 174743552
141688288 174740320
141689024 174739168
141686848 174748128
141694432 174758528
141696096 174756576
141700096 174762080
141698304 174765344
141694240 174758624
141692256 174749408
141691808 174748992
141693216 174745376
141696096 174745920
141700928 174749184
141699872 174748640
141696768 174748672
141693184 174744960
141694976 174738752
141693440 174738240
141696800 174742624
141697728 174743008
141694944 174743328
141700000 174745696
141695840 174748128
141694144 174739904
141696032 174740512
141698112 174745856
141699008 174745920
141693664 174745888
141696480 174753888
141698112 174750400
141701504 174746208
141701952 174746400
141701216 174748352
141695008 174746816
141689696 174743936
141692448 174741024
141689952 174739264
141691840 174738752
141692192 174741152
141688736 174743360
141690976 174742048
141693984 174746048
141690848 174743648
141690432 174742400
141689568 174748640
141693088 174742304
141690816 174741728
141688896 174744992
141690368 174743008
141692000 174740384
141699488 174749280
141705696 174746912
141699840 174745792
141692320 174746048
141687168 174741536
141684288 174739456
141691232 174741920
141694688 174746592
141694176 174747072
141694048 174746624
141698720 174751424
141702368 174756320
141701280 174759520
141699232 174763776
141699200 174769792
141696064 174774112
141697088 174770880
141701088 174771008
141699648 174771840
141700256 174768480
141692800 174760992
141687424 174761248
141693600 174763296
141698240 174766400
141698432 174770784
141693856 174768288
141692224 174766656
141692352 174764320
141691392 174763488
141692928 174764800
141698272 174764864
141700704 174774976
141701280 174781792
141706656 174779744
141706304 174782816
141701312 174784608
141698080 174778240
141693120 174771072
141692128 174765632
141694368 174764160
141697088 174768448
141699872 174773536
141700736 174779168
141695424 174781088
141695392 174781824
141698080 174777632
141700096 174769088
141700608 174768352
141699552 174767904
141701152 174764320
141702944 174767104
141702880 174767840
141704448 174767424
141705888 174773504
141705920 174775904
141708992 174774976
141699296 174772480
141694432 174765632
141697504 174756928
141700896 174754400
141700928 174757056
141698560 174750848
141698272 174749856
141699904 174755872
141701632 174757408
141700000 174759168
141697344 174758208
141696544 174756896
141692512 174755392
141692416 174757504
141694848 174758336
141696448 174755648
141696608 174750848
141695968 174747104
141694400 174744224
141689184 174748032
141695584 174750944
141700000 174753984
141691648 174750368
141687744 174745152
141692640 174747168
141694880 174749536
141697408 174756640
141698784 174756448
141696576 174751680
141699264 174752768
141700576 174752064
141700640 174750208
141696704 174746944
141695552 174750688
141694944 174749440
141695552 174750848
141699616 174756768
141704192 174760320
141705440 174753792
141710656 174748672
141705280 174751072
141703712 174750880
141702400 174748992
141703136 174755104
141705920 174758176
141701856 174753312
141695136 174746528
141695872 174745568
141700192 174742368
141703072 174741856
141706176 174744544
141699936 174742368
141698592 174738080
141694976 174729184
141689472 174724576
141692512 174732384
141698656 174744864
141701952 174745088
141700864 174747328
141699872 174746080
141697536 174738528
141696640 174745280
141697984 174750688
141697824 174753344
141703264 174754688
141705664 174759744
141709120 174761728
141711776 174758784
141708128 174755552
141705312 174754688
141707328 174754720
141710944 174753088
141708800 174749792
141704992 174748608
141704192 174749248
141700704 174753024
141699168 174752800
141700896 174751808
141701248 174748224
141699296 174752000
141701792 174757952
141702144 174754240
141700192 174753888
141696256 174755232
141695840 174749536
141692768 174747520
