10
141711552 152305248
141713664 152302624
141707104 152301824
141707424 152303008
141703168 152301280
141701696 152298016
141705664 152293920
141711392 152299232
141711008 152301120
141705312 152302816
141704192 152298272
141710560 152300320
141713248 152303904
141718048 152302176
141720736 152302592
141719680 152301984
141718144 152299744
141720384 152298144
141717888 152296320
141715424 152299968
141711040 152293536
141708384 152292064
141707744 152295008
141707712 152299936
141709152 152300352
141702048 152302144
141702688 152302784
141710208 152296224
141712096 152292288
141710784 152294816
141710592 152297728
141713600 152302816
141708384 152301504
141705984 152303584
141707904 152302720
141705760 152299840
141707200 152300416
141704160 152299616
141700896 152296512
141702016 152296032
141707296 152296000
141708224 152300896
141706976 152301440
141711104 152301600
141712128 152305248
141711392 152307744
141706432 152299104
141714336 152296160
141722496 152300576
141716384 152302400
141711392 152299776
141715296 152297952
141717056 152297056
141717792 152294560
141711456 152292288
141707904 152299456
141714208 152301856
141713312 152301344
141710112 152298880
141707296 152294272
141704672 152290784
141704736 152299456
141707840 152303392
141709376 152301376
141712320 152298240
141714176 152298368
141711360 152295232
141711072 152290304
141708288 152292928
141708128 152293216
141713344 152296896
141713728 152292672
141706048 152291488
141701760 152291424
141705600 152295264
141709632 152296192
141708608 152294240
141704864 152292736
141702656 152285312
141706816 152284000
141709024 152288288
141708288 152292320
141708576 152295232
141705280 152293984
141700384 152291840
141692288 152284576
141692032 152279520
141695872 152285376
141703808 152292736
141708096 152293952
141705376 152292288
141709856 152295264
141710432 152298272
141707744 152296512
141710240 152293984
141714176 152294368
141712512 152290528
141706656 152287840
141703424 152285760
141704576 152287008
141707456 152288448
141711456 152290560
141709856 152290400
141705696 152289440
141704896 152287872
141705792 152287648
141707904 152292704
141712768 152296384
141708800 152293248
141706080 152290880
141706560 152294624
141715520 152298880
141713568 152299008
141718880 152298016
141721728 152298016
141716256 152294784
141716384 152299808
141710528 152297216
141702144 152287968
141703936 152286848
141706272 152285472
141702752 152280320
141704000 152285536
141703008 152284480
141707840 152288256
141709632 152288256
141713600 152289312
141712480 152292640
141710432 152294880
141714304 152292352
141711392 152294656
141712224 152295136
141712864 152297696
141710304 152295840
141704800 152294240
141703392 152294624
141705440 152293440
141708160 152293856
141711584 152292928
141710272 152295872
141708448 152293120
141703264 152289216
141704320 152286176
141710944 152286976
141713472 152291648
141712800 152292832
141709472 152288864
141713440 152290176
141709792 152290336
141712384 152289504
141714144 152289088
141709824 152286720
141707840 152285152
141705728 152286464
141702176 152284416
141700928 152288128
141703360 152289984
141702784 152289216
141703072 152282592
141705184 152282496
141710048 152287456
141711744 152289888
141714816 152293504
141712160 152292704
141707840 152295776
141711040 152294848
141712992 152294496
141710112 152297216
141709984 152294336
141708480 152289760
141703392 152287072
141706784 152289696
141709152 152290688
141706272 152288480
141711040 152285504
141707808 152286560
141702176 152285216
141703200 152285568
141705440 152289152
141701664 152290688
141706944 152292128
141711296 152299200
141708512 152299264
141705408 152294208
141711104 152298496
141712064 152298688
141708960 152295744
141710272 152298272
141706816 152295072
141701440 152291808
141704288 152288704
141712608 152288096
141712768 152290272
141712160 152297504
141705152 152295808
141705888 152294624
141705152 152295616
141706496 152292384
141711968 152292960
141709728 152294272
141705280 152295872
141708416 152297344
141711680 152295744
141711808 152291904
141702592 152292160
141700288 152295712
141697056 152291808
141695456 152287744
141696768 152287456
141701184 152288256
141698624 152289120
141697696 152291104
141702272 152290464
141698144 152290816
141696832 152289472
141696736 152293792
141698688 152296128
141708416 152302080
141707936 152297376
141700480 152292864
141695168 152292992
141697120 152288608
141698368 152288224
141700192 152292160
141700768 152294048
141697952 152294560
141701728 152293536
141706976 152293344
141708864 152294336
141713216 152298304
141713408 152291616
141705568 152290720
141700928 152289184
141707584 152288352
141708832 152293216
141703424 152291232
141698336 152285152
141704000 152287488
141703040 152290048
141704576 152289408
141704896 152293280
141701792 152291904
141700288 152288960
141697856 152292640
141701632 152288224
141706208 152285248
141704672 152293280
141707104 152295680
141706496 152288960
141705792 152286912
141709344 152288736
141709792 152289952
141707808 152288480
141706048 152295776
141707008 152292096
141706624 152285728
141705984 152287232
141702496 152288448
141704064 152291904
141709312 152294720
141708480 152297184
141708832 152295008
141705760 152290816
141702880 152298208
141700416 152296960
141706272 152295552
141710336 152298464
141705984 152298112
141705216 152298880
141711040 152301184
141711872 152297376
141716768 152294240
141715360 152291296
141704928 152290016
141709952 152289120
141706560 152290944
141701536 152289792
141697760 152289888
141701664 152286624
141708960 152295168
141714336 152299296
141717696 152303104
141718464 152304896
141713632 152299904
141709056 152299584
141709440 152293536
141710720 152291840
141711904 152292736
141708064 152290208
141702944 152291712
141703584 152294944
141705024 152294240
141704736 152289504
141710176 152287424
141712224 152294144
141713216 152299264
141709056 152303136
141706752 152300640
141706912 152290592
141706368 152287776
141707392 152291232
141709184 152291360
141708160 152286496
141705888 152282208
141703296 152284768
141701856 152289792
141704864 152287456
141703488 152290656
141699008 152291968
141700672 152294368
141703936 152296608
141704800 152292128
141700800 152290336
141696608 152287008
141698016 152284608
141702688 152283552
141702400 152287232
141702016 152293024
141700864 152293696
141706400 152289184
141707168 152289920
141703264 152292704
141705568 152290400
141700960 152296768
141700384 152295808
141699648 152293760
141700128 152292384
141707296 152289888
141711936 152289920
141707584 152291072
141707520 152295328
141713280 152294624
141710304 152290688
141707040 152292160
141708576 152290464
141707744 152283200
141713568 152284064
141714464 152291872
141707648 152293056
141704864 152300480
141708224 152301600
141709120 152294208
141702368 152295744
141701376 152292448
141698464 152289824
141700928 152288960
141707072 152292544
141707968 152294016
141705184 152291360
141708320 152294176
141702528 152291584
141700544 152292064
141701536 152295040
141699232 152292480
141696416 152291136
141697088 152293632
141706592 152294656
141708320 152295840
141707488 152294368
141705792 152296608
141704992 152293376
141703360 152288416
141700640 152292256
141700032 152294880
141700576 152291008
141700736 152287872
141694944 152285440
141693856 152283808
141691296 152281472
141696416 152280704
141700704 152278400
141701312 152283168
141701536 152288992
141702048 152296032
141705696 152298848
141705568 152301568
141700736 152292800
141697312 152287104
141699744 152285600
141703872 152288640
141704512 152290432
141708096 152288320
141710592 152294272
141708448 152297376
141703200 152296224
141702592 152291776
141697824 152290848
141696416 152288320
141694240 152286400
141699232 152291136
141700128 152290912
141701728 152291648
141701248 152297088
141693760 152292448
141689312 152288320
141692864 152290976
141697728 152289184
141696736 152287104
141699456 152287936
141696352 152285056
141695040 152288736
141700672 152291680
141707168 152293472
141707360 152296128
141703584 152292960
141696480 152292160
141699840 152290144
141700992 152289536
141699616 152292096
141696640 152290912
141700448 152289088
141700288 152294912
141703968 152302400
141701376 152297984
141704640 152299968
141707200 152304320
141708448 152304288
141709088 152301856
141703744 152300000
141702432 152298112
141699712 152292832
141694592 152291392
141691808 152291872
141689440 152299488
141696032 152303104
141702720 152305376
141704448 152309728
141705824 152308512
141706880 152303520
141703008 152302656
141702688 152304032
141697664 152303776
141700000 152303328
141702944 152308384
141703392 152309440
141703776 152306816
141700384 152307200
141698304 152303936
141697120 152300992
141692672 152297184
141693408 152294144
141696576 152298016
141697376 152301024
141699104 152300128
141699808 152298112
141698464 152296448
141697792 152298368
141698560 152302272
141701120 152299552
141699456 152299040
141699520 152299520
141699168 152301952
141695456 152300768
141699008 152300064
141702432 152303392
141699552 152301920
141700288 152300192
141699648 152296768
141705632 152295008
141704992 152303264
141700896 152310048
141698624 152307424
141703200 152307296
141702592 152308544
141707488 152308800
141705632 152302944
141701568 152298944
141701504 152297792
141700608 152299136
141702016 152293184
141702688 152298016
141704512 152302208
141704896 152303008
141699232 152308864
141701344 152305728
141704224 152298880
141700416 152296000
141706560 152300288
141709184 152304160
141708288 152301824
141702176 152300384
141700896 152301312
141703648 152302624
141703744 152302240
141707360 152304256
141700416 152301632
141699712 152304192
141704256 152306560
141702560 152305792
141702816 152298496
141698400 152296064
141697056 152295744
141704864 152297632
141703488 152299040
141700000 152304864
141699744 152307776
141700576 152302784
141707200 152306208
141706720 152307392
141705632 152303232
141704288 152300864
141701696 152298720
141695136 152297888
141695712 152299936
141700960 152300128
141697696 152296928
141696000 152295616
141698016 152291552
141695264 152290080
141693216 152296576
141691552 152301312
141688256 152300576
141689344 152303424
141694144 152303840
141698048 152298368
141702944 152297088
141705664 152302944
141708384 152303168
141709216 152302976
141711040 152311360
141712224 152313920
141709344 152311040
141710016 152310656
141708608 152309664
141703168 152308352
141700320 152305792
141697152 152304000
141699488 152303584
141702048 152302912
141699616 152304576
141702368 152304000
141702112 152309888
141699040 152306624
141695328 152299744
141697440 152299648
141706848 152302752
141709184 152308512
141707904 152306240
141707392 152306816
141709408 152305504
141707936 152304864
141696064 152300160
141692288 152298208
141691072 152295200
141692608 152296000
141696576 152296544
141694496 152293632
141693216 152298272
141696480 152299104
141693952 152294208
141695328 152292736
141701696 152297536
141702400 152298176
141702144 152301536
141701856 152302848
141705056 152302016
141697056 152300800
141693792 152297856
141699648 152293152
141698976 152296032
141700352 152298144
141701952 152300864
141700800 152300768
141702400 152300928
141708928 152306400
141710048 152311200
141702176 152298496
141694912 152294944
141693632 152296480
141693408 152300192
141687808 152299776
141690464 152301760
141699648 152307136
141703520 152307520
141698656 152304768
141697664 152302048
141699808 152303424
141697824 152302336
141693696 152300128
141692864 152299616
141693952 152298016
141691232 152298624
141688000 152300384
141691200 152300352
141693856 152300832
141691520 152301504
141691840 152306048
141689760 152304512
141688288 152303840
141690496 152304640
141694752 152302912
141695584 152305632
141688832 152305248
141685312 152300640
141682240 152295712
141682112 152293568
141685952 152295776
141689248 152297856
141693664 152299840
141697184 152303296
141699168 152304320
141696288 152300992
141695648 152300768
141700000 152301856
141701984 152300672
141696928 152298048
141700480 152294336
141702560 152293440
141700352 152294144
141691136 152293728
141689248 152297184
141692000 152297984
141692032 152294400
141686432 152293792
141694144 152297472
141701280 152298240
141705184 152304544
141703872 152311232
141695424 152304928
141686944 152294080
141685440 152295936
141688576 152295744
141686912 152298144
141683008 152300992
141689248 152304768
141695584 152306048
141690656 152304128
141693056 152303840
141696768 152307616
141693120 152307392
141700576 152304032
141696864 152299040
141688064 152299840
141690048 152296352
141692576 152294656
141690304 152298816
141691808 152302208
141694432 152300224
141691296 152296288
141691936 152290176
141688288 152294592
141680064 152295648
141678272 152293568
141686656 152299456
141695104 152297920
141693536 152295936
141688768 152297280
141692032 152295520
141688896 152297632
141682528 152296736
141685632 152291616
141688384 152289824
141683936 152293600
141687424 152296000
141689760 152302240
141690976 152304832
141689440 152296480
141689280 152296192
141691264 152299456
141692096 152300480
141686112 152291168
141685024 152289216
141690304 152289888
141689056 152294976
141691296 152298784
141693120 152297664
141691040 152298176
141692544 152296512
141696224 152299936
141696256 152305536
141698240 152301248
141700832 152298208
141699712 152301088
141695616 152296160
141691104 152287648
141687712 152290592
141689728 152292672
141692320 152293920
141693888 152293184
141694752 152286400
141687872 152288576
141684160 152288032
141681888 152282816
141686688 152286688
141690336 152292384
141695040 152298304
141697408 152302720
141699296 152299392
141697760 152296544
141699072 152298496
141700320 152298048
141702880 152300544
141703616 152301056
141702304 152296576
141698656 152297824
141705024 152298912
141706560 152303488
141702656 152300992
141704096 152302528
141696704 152303968
141695264 152295552
141700000 152293984
141699232 152301760
141699168 152292320
141697792 152290784
141692352 152294560
141691680 152298400
141691840 152296672
141691488 152293248
141689344 152292064
141688640 152286976
141692896 152286848
141695616 152294112
141697920 152299456
141698560 152296480
141695008 152298432
141695104 152303296
141695328 152298048
141687456 152291904
141688672 152295712
141689920 152297760
141681664 152297440
141681600 152290656
141684192 152287616
141684288 152288960
141695104 152297120
141702176 152302368
141695968 152300160
141686752 152294784
141690144 152295936
141696864 152295328
141696288 152288416
141695872 152287264
141690144 152285632
141691104 152288736
141688544 152291616
141679520 152285216
141678624 152281760
141681056 152284064
141688256 152289312
141693568 152295168
141696096 152296256
141697344 152292576
141700832 152296320
141695648 152294560
141689760 152297408
141691744 152296992
141689952 152293248
141688320 152289184
141690464 152290176
141684544 152288032
141683840 152289792
141688896 152291008
141696928 152287168
141691904 152289664
141687200 152293152
141692704 152292544
141694592 152291520
141692960 152293536
141694112 152290144
141691008 152291488
141685984 152293216
141692192 152293728
141693824 152292896
141697600 152291552
141696320 152296640
141688832 152299616
141682720 152297216
141687872 152298784
141695328 152300416
141690816 152300480
141686944 152298400
141688992 152297728
141690272 152295104
141690016 152298336
141690048 152300544
141691200 152298784
141695904 152299936
141697920 152296064
141699840 152292064
141695712 152292000
141695616 152298624
141697888 152298240
141697792 152295328
141695552 152294880
141694848 152296224
141693504 152297888
141692064 152297120
141700224 152295296
141704960 152302560
141698752 152302496
141693152 152295872
141698272 152297024
141699744 152297920
141695616 152294016
141692384 152295456
141696064 152296672
141696576 152294432
141693728 152290208
141693024 152289152
141695296 152288896
141694368 152291872
141688960 152289760
141685824 152287904
141690560 152296448
141697600 152300736
141696288 152296160
141692832 152290400
141691392 152291872
141690624 152296896
141689728 152294208
141687616 152292000
141693280 152294208
141694752 152298304
141696544 152299232
141696288 152298912
141693856 152294944
141696608 152290688
141697472 152293344
141690880 152291808
141688960 152290048
141695200 152289504
141699008 152295968
141695008 152296288
141694912 152293024
141696480 152291936
141699328 152292192
141702496 152298944
141701856 152300352
141697120 152301440
141694624 152298240
141693056 152294400
141690880 152292000
141689568 152289824
141694432 152295936
141696064 152295680
141698208 152298016
141696864 152291040
141694112 152290752
141696448 152297888
141701120 152294880
141699360 152291328
141695936 152297248
141697504 152295040
141696160 152293408
141695104 152295392
141693664 152291392
141689024 152288640
141687648 152286496
141686368 152290208
141685376 152297024
141690048 152301120
141694848 152302272
141693600 152301792
141693888 152300512
141693440 152302560
141693088 152300384
141693792 152302464
141696512 152301920
141692928 152296896
141687808 152293984
141683968 152291776
141684064 152292256
141688512 152299072
141689280 152299808
141690016 152293024
141688832 152293280
141688960 152290560
141693120 152288512
141695200 152296544
141692096 152304608
141690592 152302688
141691776 152299008
141694496 152299680
141693248 152301632
141693760 152307328
141691200 152305632
141688928 152301184
141688832 152301664
141687584 152298272
141693088 152299008
141694272 152302400
141694080 152304320
141697184 152305280
141696320 152304320
141697824 152303904
141696800 152302560
141697184 152301312
141698304 152306880
141699392 152307200
141698144 152304992
141691008 152305344
141691616 152307200
141694848 152305600
141695712 152301856
141697632 152302336
141695392 152302368
141690176 152298944
141689248 152296640
141687424 152295680
141684992 152296832
141683936 152296160
141685760 152299360
141686528 152301824
141688608 152302112
141687968 152302560
141696992 152300800
141700192 152298400
141700448 152299648
141696192 152297920
141698208 152299296
141699232 152304576
141704736 152308064
141701696 152305824
141696384 152302816
141697984 152306112
141698816 152308992
141697920 152304128
141692608 152301056
141692768 152301792
141689920 152300352
141686240 152298240
141689504 152295968
141690720 152298368
141689696 152294080
141683680 152289088
141684480 152291072
141686016 152291264
141681952 152289152
141686464 152295808
141686080 152294240
141679840 152292544
141684224 152293824
141690976 152296960
141689824 152298144
141689728 152300896
141690816 152298528
141689920 152294272
141688576 152295104
141685216 152292608
141685728 152294432
141684832 152292000
141685120 152291936
141681632 152292736
141684928 152286176
141687776 152289632
141686944 152299168
141689536 152303168
141691200 152304704
141693152 152301024
141691200 152299968
141690848 152293728
141691296 152294592
141694656 152298208
141688192 152291264
141689376 152292896
141694176 152296416
141696000 152296544
141695840 152298080
141693568 152301024
141690720 152297664
141691808 152295264
141686048 152293728
141678080 152291424
141682784 152289184
141688384 152293408
141685888 152292416
141681280 152293792
141683904 152291744
141684704 152289664
141683744 152293728
141688192 152300224
141691584 152298656
141689408 152298720
141690752 152293760
141689664 152291296
141688576 152291264
141683296 152292992
141681568 152290752
141692736 152291808
141698080 152298688
141694080 152304992
141688128 152298208
141682912 152291104
141683168 152294400
141688544 152294784
141687680 152297632
141685024 152298496
141687360 152297152
141687264 152290720
141680928 152289440
141682016 152294144
141686144 152290656
141684768 152290848
141685600 152296320
141693824 152296672
141693216 152301440
141690944 152300480
141686592 152298976
141684256 152301696
141684896 152298528
141688832 152300128
141690656 152303968
141694560 152305472
141695808 152300704
141690304 152293632
141687584 152294016
141687008 152295904
141686528 152297568
141689472 152297632
141690848 152298432
141685568 152298272
141691264 152301152
141698624 152304576
141698304 152303744
141693888 152300384
141687264 152292800
141688000 152295744
141686976 152295360
141681952 152291616
141683584 152291808
141690560 152300640
141696128 152297952
141695040 152297344
141689664 152296672
141687008 152292608
141686816 152295200
141689344 152298176
141690144 152299616
141690848 152298912
141690720 152298656
141684992 152294304
141685280 152289824
141683456 152291776
141683584 152294688
141686720 152295936
141685600 152297280
141684640 152302080
141689472 152304832
141687296 152300544
141682528 152296512
141681664 152296576
141684768 152296544
141686976 152298496
141688544 152296640
141684960 152293312
141684704 152294528
141679552 152292384
141679072 152294144
141682368 152296768
141686976 152297216
141688800 152296288
141690784 152297632
141687904 152296576
141687008 152295200
141686464 152292416
141683008 152292032
141680896 152294144
141679872 152297184
141676192 152300256
141684192 152298176
141688416 152300992
141684480 152305184
141684544 152302176
141687008 152294944
141687200 152296512
141689120 152300896
141690592 152299584
141691200 152303072
141690624 152308448
141688832 152300480
141687232 152297600
141689056 152300288
141690816 152298496
141692544 152296096
141689824 152300000
141695264 152296960
141692416 152300544
141689664 152302464
141690144 152298688
141694496 152301024
141698432 152298208
141689728 152295360
141682624 152294432
141685952 152298048
141690112 152293216
141691424 152287488
141693216 152291392
141690144 152293344
141687776 152294880
141690400 152297152
141687136 152296416
141681824 152297248
141684800 152297952
141691584 152300064
141694976 152301024
141695936 152302144
141694016 152301504
141691680 152304864
141695392 152304544
141693472 152306400
141694400 152307616
141700096 152305184
141697504 152298272
141695904 152295744
141691936 152297152
141688416 152295968
141683712 152298464
141680512 152299648
141680352 152296992
141682592 152291648
141680320 152287328
141686880 152291648
141692224 152297504
141690144 152299840
141693152 152300192
141691712 152297408
141688064 152296384
141687936 152299680
141689280 152301056
141689056 152298368
141686048 152297408
141686496 152297920
141680128 152298848
141681472 152298528
141687872 152300896
141688416 152303136
141685632 152297952
141681408 152294944
141688160 152295360
141686144 152291584
141686976 152296064
141691744 152303712
141692672 152307040
141689440 152302720
141684096 152302752
141683136 152299424
141682016 152299808
141684448 152303648
141689152 152304160
141691520 152303264
141692448 152303488
141687584 152305824
141693280 152300416
141698656 152300320
141696256 152304128
141692864 152302528
141695520 152295520
141689280 152291392
141693120 152291584
141691648 152294688
141689376 152292512
141693056 152290752
141698080 152292384
141694848 152291072
141685600 152295328
141690336 152300416
141691904 152299360
141695744 152295552
141694464 152295712
141694304 152298784
141696896 152296256
141694720 152296416
141689408 152289920
141688704 152287840
141687616 152289408
141689632 152295200
141692384 152294176
141692192 152297312
141689696 152297248
141687040 152289760
141692800 152289952
141697440 152295936
141692960 152291200
141690432 152294944
141689824 152297216
141687104 152292832
141685504 152294784
141683584 152293824
141684864 152289184
141688896 152288928
141690784 152290592
141692896 152291168
141689600 152293792
141688576 152294816
141686752 152294336
141686272 152296256
141687776 152297984
141683584 152289248
141684288 152283808
141688288 152288512
141690336 152290400
141690400 152292800
141688064 152295616
141685824 152294592
141691808 152300256
141688832 152300064
141683968 152293504
141683360 152291744
141681792 152294144
141677664 152291040
141682560 152290080
141685888 152294080
141684416 152295712
141684160 152294912
141684160 152293792
141681728 152290016
141686880 152293664
141687904 152295808
141686432 152294112
141686976 152292384
141689440 152297088
141684640 152302752
141683744 152303616
141686464 152301152
141685888 152291296
141687584 152288896
141684352 152291040
141684416 152289504
141686944 152292256
141687360 152290944
141681696 152290496
141674368 152289248
141679392 152284576
141684896 152289472
141683712 152295552
141686272 152296960
141691840 152297888
141694400 152297792
141690336 152297600
141691488 152293664
141691456 152292320
141687488 152295296
141684672 152297120
141685152 152294272
141685024 152295520
141688992 152297792
141693632 152302208
141694592 152299360
141692352 152292704
141691904 152290496
141683200 152292320
141688480 152296160
141693184 152299040
141690944 152296736
141690976 152297696
141690336 152299904
141690304 152302080
141685088 152298304
141681696 152290336
141685568 152290912
141681792 152293856
141680576 152290976
141677856 152293920
141680192 152292128
141681504 152295232
141682016 152296896
141681952 152299040
141681472 152300224
141685888 152297056
141687904 152297248
141683136 152293824
141676576 152289376
141677984 152290208
141680160 152291232
141680320 152291264
141679200 152292704
141677792 152294240
141674720 152293248
141672064 152294176
141676704 152296928
141682112 152298208
141679008 152296416
141679456 152292224
141684320 152291392
141687104 152298080
141688704 152298400
141686112 152295136
141684672 152289984
141687040 152293376
141689152 152293920
141686112 152291200
141687776 152287744
141686592 152287296
141685472 152290272
141686208 152291424
141685600 152293600
141685728 152294304
141691040 152297504
141692448 152300992
141687808 152304608
141685600 152304032
141683200 152298912
141683680 152296736
141686272 152302752
141686400 152302208
141688512 152299968
141690272 152299808
141689344 152298944
141686240 152293184
141681216 152290784
141684448 152292512
141687904 152297888
141681792 152300928
141676864 152297408
141678560 152290272
141683328 152288384
141684576 152289728
141682464 152289408
141683904 152291936
141686560 152292832
141687360 152290912
141685344 152295424
141687328 152292992
141684576 152291904
141681632 152294336
141680672 152294912
141682784 152295936
141684832 152298464
141680352 152288544
141682784 152287392
141683488 152287232
141685696 152288160
141681152 152284800
141680896 152284736
141686816 152293376
141689024 152299424
141692256 152300544
141698496 152297984
141697888 152297568
141687680 152296960
141678656 152292448
141679808 152291680
141686976 152291552
141690304 152290624
141689792 152291104
141691168 152287968
141697760 152293056
141701120 152301504
141693792 152301248
141691712 152296512
141696480 152298976
141694048 152301344
141692224 152295744
141694112 152297952
141697376 152294432
141701632 152296608
141702848 152299904
141700416 152299488
141700096 152304608
141703616 152299872
141703936 152299328
141690880 152302368
141682112 152294176
141678368 152288448
141680096 152285184
141684448 152285376
141686048 152288384
141691872 152298336
141693472 152302016
141694080 152298112
141693760 152295232
141695360 152293664
141693696 152291680
141690176 152292640
141695936 152301344
141694720 152303456
141691456 152298880
141689760 152297600
141687168 152294624
141689760 152294688
141690656 152300032
141693120 152298976
141696576 152296992
141699456 152300768
141699648 152305024
141697216 152302912
141695072 152303008
141694816 152306560
141694400 152308864
141695200 152307008
141694880 152311168
141698336 152310976
141696960 152304416
141695680 152302912
141696384 152300384
141700256 152300416
141696192 152298944
141689120 152298432
141693696 152302432
141691904 152304256
141693152 152299904
141697600 152298944
141699776 152299040
141694048 152296320
141694752 152297120
141695008 152297408
141693056 152296800
141692096 152299424
141690976 152306304
141690624 152305536
141692384 152304192
141684800 152299744
141685856 152294848
141688256 152296896
141691232 152298560
141691744 152297952
141694464 152300256
141690560 152296128
141688192 152295104
141687264 152300512
141689824 152302112
141688064 152303200
141685792 152302496
141684960 152298720
141683520 152291008
141684032 152288288
141681024 152295136
141682656 152297024
141685632 152300640
141679648 152297824
141680640 152301056
141682784 152301344
141689248 152300320
141687776 152299840
141690048 152300832
141694848 152301824
141697504 152300704
141695840 152300000
141697472 152299744
141694208 152299328
141691744 152296832
141688192 152296608
141686336 152299648
141688800 152295008
141690688 152294720
141691296 152297632
141693120 152295424
141694240 152298048
141694848 152302720
141695680 152307328
141696064 152296832
141689696 152294048
141683680 152293472
141681536 152290880
141679168 152289056
141680768 152290880
141682752 152296960
141683328 152295040
141682304 152288096
141681280 152290400
141683808 152293184
141687744 152293728
141684640 152289760
141681312 152294016
141686944 152292640
141694560 152294656
141695488 152297504
141694016 152298368
141693632 152298272
141693632 152293664
141690784 152299104
141691200 152298240
141695264 152296480
141699264 152304864
141702080 152303872
141694528 152297216
141690304 152294240
141688992 152299616
141695168 152299328
141693600 152294048
141689632 152293856
141689120 152292448
141689728 152290976
141689856 152295744
141692992 152297824
141692960 152295776
141689472 152296736
141691072 152293696
141688320 152291456
141686208 152295040
141695840 152296864
141695904 152299968
141692800 152303168
141686624 152301120
141686080 152296800
141692096 152291616
141697376 152291968
141694944 152295552
141695840 152297696
141696384 152298688
141698592 152298368
141695424 152295872
141692320 152293792
141695200 152290656
141690560 152291968
141683200 152294432
141681952 152293728
141688384 152291456
141696704 152294080
141699104 152297568
141693248 152301728
141682976 152290592
141684192 152281888
141690048 152284224
141695520 152291488
141695808 152299552
141690944 152297184
141687584 152290368
141684096 152288096
141689056 152285568
141691872 152292736
141691904 152299840
141689568 152294944
141687808 152293024
141681696 152296256
141674464 152299520
141675616 152296160
141683936 152291264
141690464 152295488
141687808 152301216
141689856 152297568
141691072 152300064
141689856 152293408
141692704 152290784
141694176 152295648
141695104 152300256
141697344 152304576
141696672 152303424
141691040 152305088
141688352 152298400
141688672 152293184
141688832 152291744
141689760 152293280
141694112 152295968
141692544 152297216
141696960 152297888
141699360 152295968
141698112 152297312
141692768 152297056
141687104 152293664
141690208 152293216
141692960 152293952
141689984 152292864
141690784 152293568
141697440 152294080
141700032 152292928
141699296 152296224
141696128 152295264
141694816 152298112
141693504 152295808
141694176 152296256
141697920 152295840
141695776 152299648
141695072 152301984
141690496 152298624
141693184 152294272
141693440 152287680
141687392 152289280
141685376 152292640
141687072 152290848
141688960 152289856
141692640 152289696
141693408 152292736
141691168 152289760
141691040 152286432
141687232 152295776
141692448 152300320
141697984 152299520
141698240 152290848
141698400 152289280
141694240 152292544
141689504 152292576
141692416 152296288
141697120 152296352
141692032 152294080
141686752 152295872
141690400 152300704
141693664 152301344
141694752 152298208
141693408 152294016
141695488 152291424
141690368 152292768
141688160 152289824
141690208 152292160
141688608 152292448
141689536 152292128
141691904 152291872
141691904 152290688
141688576 152286112
141689600 152287904
141693184 152291520
141698112 152297504
141705984 152303552
141703936 152307232
141706720 152308640
141706304 152306272
141700672 152302656
141700288 152301440
141700000 152300864
141696992 152297312
141698624 152300576
141701664 152297344
141696768 152295328
141691584 152297728
141693568 152290432
141693440 152290976
141693568 152295680
141694528 152294240
141692736 152292352
141692928 152291264
141690304 152296736
141689312 152299616
141689952 152297664
141688000 152298240
141690112 152300192
141696672 152302880
141694720 152296736
141688352 152290912
141689568 152294016
141694080 152297216
141689184 152300160
141688768 152298496
141685696 152294848
141683040 152294336
141685184 152295616
141685408 152297600
141684480 152299296
141684576 152297152
141688928 152300192
141693696 152303680
141694080 152303904
141693504 152304384
141688928 152304032
141689792 152306080
141693760 152301088
141688128 152300960
141685728 152301856
141685216 152293376
141682752 152290240
141682752 152285152
141690432 152286080
141684704 152291904
141686496 152297152
141689888 152299392
141688000 152297440
141687456 152295456
141692224 152298208
141692768 152300096
141693728 152299200
141697152 152299264
141696544 152303808
141694112 152309152
141695616 152308768
141697152 152306048
141698144 152303904
141691040 152304384
141695136 152306752
141697664 152301856
141695904 152304640
141692256 152302464
141696608 152302432
141697888 152306944
141691072 152308576
141688512 152303904
141690944 152300192
141685888 152299520
141681120 152295712
141682848 152293280
141692640 152294848
141693312 152297184
141694496 152302368
141692544 152302368
141695392 152302592
141696832 152299744
141696192 152299168
141687488 152297984
141687520 152297632
141694496 152295936
141692992 152294336
141688384 152295264
141692576 152297184
141689984 152294432
141689600 152294048
141690848 152298144
141688320 152295936
141681632 152291136
141678080 152288544
141688128 152290176
141691296 152298112
141692096 152300000
141691328 152300064
141686080 152297568
141685472 152296576
141688448 152294176
141689312 152292320
141687072 152293024
141684640 152290176
141690080 152293600
141690784 152297632
141687072 152294240
141690400 152291360
141686976 152288576
141685664 152286944
141685184 152287360
141684736 152289376
141691040 152293376
141692448 152293312
141691872 152293472
141696672 152292256
141694848 152292960
141689312 152295808
141685952 152294560
141688128 152299200
141690272 152300224
141690208 152299200
141693056 152299328
141695552 152290848
141695296 152286272
141689504 152286144
141691360 152290656
141692000 152295616
141690368 152297856
141687360 152295104
141685408 152291424
141684928 152291488
141687904 152291296
141688000 152287040
141683232 152289184
141678176 152292800
141680480 152295040
141689408 152294240
141691968 152297856
141690016 152305184
141685280 152300032
141685664 152297056
141690880 152298048
141692960 152294912
141689440 152291200
141688256 152291200
141685632 152297984
141694816 152298112
141696000 152293056
141688512 152287584
141689408 152290592
141691712 152295168
141690368 152289664
141692608 152291296
141687840 152294432
141688544 152294848
141688416 152293664
141684640 152294080
141684288 152293792
141689856 152296832
141688864 152294976
141682944 152287008
141678432 152285632
141680384 152291552
141685024 152297952
141687040 152300384
141687968 152296544
141687904 152296544
141694432 152296192
141698176 152299968
141697792 152304352
141692672 152301120
141692448 152297472
141692928 152295360
141689888 152297760
141690784 152295744
141696096 152298368
141696320 152300384
141698592 152299392
141694304 152299008
141690304 152300672
141694688 152298976
141691776 152293504
141688800 152294400
141688512 152299104
141687616 152298720
141688256 152293120
141684416 152295968
141684320 152291072
141688032 152292672
141693056 152299776
141694048 152296640
141695328 152297120
141697760 152298976
141703168 152301344
141699488 152299648
141695424 152301856
141696960 152303360
141696192 152299552
141691456 152292704
141695456 152290784
141695776 152291168
141695040 152292448
141697216 152299104
141698592 152302720
141696704 152306016
141697888 152310592
141692000 152301856
141685504 152298880
141690624 152304288
141690624 152301984
141693152 152299040
141696928 152297152
141693376 152298624
141689344 152301696
141693376 152302304
141694656 152304736
141696736 152304032
141697120 152301376
141690080 152305792
141692864 152304512
141693216 152301568
141690080 152298208
141698048 152296768
141698816 152299488
141696000 152299712
141690432 152299936
141693728 152295904
141696032 152300384
141693728 152300352
141694592 152296480
141695712 152293952
141697600 152302720
141700864 152307168
141703840 152299200
141702144 152299776
141693472 152299680
141687936 152299456
141681952 152291648
141686752 152290496
141689376 152299104
141685632 152298624
141688096 152297440
141691008 152300864
141695616 152306048
141691200 152305376
141685056 152301312
141688640 152301664
141696512 152305024
141696064 152301440
141696320 152297728
141694880 152297280
141690144 152299712
141687040 152298432
141689984 152298336
141691136 152297760
141692224 152294112
141690528 152292224
141688352 152300416
141690432 152302272
141690912 152299264
141693952 152302624
141691520 152303072
141693856 152306272
141696416 152304512
141693024 152297632
141688768 152297632
141689024 152302112
141691552 152298560
141691008 152295776
141687104 152293984
141688896 152296096
141692000 152301632
141691552 152303552
141689184 152306880
141689088 152304096
141686208 152298432
141680320 152292192
141681120 152289376
141684576 152293824
141686208 152298976
141688576 152301792
141693696 152303200
141697376 152301216
141696608 152302400
141696128 152296064
141692992 152295936
141692672 152295808
141693728 152293760
141692288 152297600
141689568 152300800
141686624 152301120
141684832 152301408
141685920 152301088
141686016 152299776
141688000 152296096
141689088 152291232
141687328 152292512
141685248 152291712
141686944 152292832
141690656 152298464
141695040 152302848
141698688 152309472
141699776 152314560
141699840 152314752
141698272 152314016
141696288 152309344
141695744 152305952
141693248 152305472
141691840 152306944
141695264 152302368
141695552 152301824
141692480 152302464
141693600 152301728
141695232 152305376
141695744 152306240
141696736 152300928
141701472 152308384
141703968 152311840
141706112 152311488
141705312 152311872
141704864 152313216
141700448 152312864
141698592 152312768
141696384 152313408
141698720 152313376
141697696 152314240
141692896 152308448
141690592 152301824
141691104 152303456
141690976 152306304
141695776 152308416
141701600 152311520
141698976 152312384
141696416 152305088
141696480 152301984
141693440 152298016
141698112 152297376
141699328 152298400
141698080 152303008
141692576 152302752
141690848 152303616
141689120 152305568
141687264 152303232
141688608 152298720
141685088 152297376
141679520 152300320
141680480 152295648
141688288 152294496
141684448 152298656
141683680 152304384
141686304 152307456
141689856 152308704
141692064 152305216
141691296 152299264
141685632 152298208
141689696 152295040
141692640 152295648
141689632 152298720
141685440 152300864
141687040 152297280
141692192 152299264
141690560 152297760
141689824 152300352
141688000 152301248
141687744 152301184
141692864 152304704
141697856 152305920
141697632 152307712
141697376 152304384
141693248 152298752
141689248 152297440
141688608 152297280
141692928 152303328
141694688 152306464
141693856 152305632
141690080 152302112
141690816 152303296
141692608 152306528
141698112 152305344
141701504 152308320
141707264 152317152
141705440 152313184
141692544 152311104
141687648 152308992
141684544 152301472
141682944 152298208
141688096 152300640
141690560 152298784
141689152 152302400
141690528 152303936
141692192 152304032
141689792 152303904
141688512 152301088
141689472 152304704
141692640 152309888
141696064 152309248
141692256 152301088
141692064 152300192
141688128 152298144
141686752 152295616
141691712 152301952
141687776 152302048
141686496 152298592
141686208 152300128
141690816 152303520
141693632 152304864
141690944 152302624
141692192 152304864
141690016 152302496
141690816 152298304
141687840 152296064
141687136 152299168
141685248 152300096
141686624 152297952
141688512 152300416
141692416 152304672
141693504 152305280
141698080 152303232
141696448 152305248
141690688 152303424
141687488 152302016
141692544 152298976
141691904 152296704
141696704 152301152
141699712 152304832
141700064 152302976
141698496 152299264
141698816 152301696
141696192 152304608
141693408 152301888
141686240 152298656
141686592 152300992
141687232 152302656
141690912 152301216
141693824 152299776
141694368 152300800
141692224 152298144
141684544 152299424
141680416 152298912
141686464 152293984
141696896 152297440
141699168 152298944
141697248 152300832
141697152 152300480
141689536 152300992
141690432 152299776
141690496 152295808
141693536 152294624
141693856 152295904
141689984 152294848
141690912 152297376
141700224 152300896
141697632 152300032
141691520 152299104
141693376 152300000
141694656 152302304
141692960 152301120
141691328 152288512
141685248 152287264
141686304 152293504
141684800 152292000
141689184 152295840
141688928 152296320
141689504 152294144
141693056 152299008
141691872 152293408
141691744 152292128
141687680 152302080
141691840 152304256
141691072 152303264
141687744 152301024
141684352 152295840
141685536 152295168
141688512 152290208
141693472 152294688
141694240 152297344
141693632 152297664
141697024 152302848
141698176 152305920
141697344 152304160
141688480 152300416
141684320 152296864
141684544 152297472
141688320 152293888
141687872 152296832
141687808 152297696
141691104 152296224
141693536 152298336
141694048 152298816
141688544 152299328
141692320 152294880
141690880 152295392
141686784 152298880
141687168 152295360
141686880 152295872
141690560 152299104
141694240 152300096
141691360 152299264
141688864 152303456
141686752 152293568
141678976 152286144
141686016 152293152
141694848 152298112
141695488 152301888
141695776 152300192
141691552 152295264
141689504 152293536
141689024 152288768
141691488 152288544
141689952 152292864
141685888 152291648
141685056 152295648
141682944 152300096
141690528 152299424
141693120 152297632
141696288 152301824
141699104 152302496
141694240 152300736
141686752 152300416
141681600 152299968
141683008 152298048
141683104 152297920
141685216 152299360
141688768 152298272
141691136 152298976
141692096 152293472
141695296 152296608
141695232 152299712
141693568 152298496
141696448 152293952
141691232 152292192
141689600 152295008
141685696 152294272
141689984 152294304
141686176 152296288
141685920 152297760
141693280 152297408
141691424 152296384
141692800 152291680
141687936 152287936
141687648 152290112
141690912 152292992
141692832 152300000
141693312 152301152
141695200 152297184
141690816 152287520
141687648 152290144
141687392 152297440
141683360 152299680
141678656 152292288
141679328 152286784
141680608 152288256
141683168 152287456
141679968 152290208
141684992 152298944
141687776 152303008
141686656 152301472
141688192 152301440
141689120 152297792
141686176 152292864
141687520 152292416
141689696 152295072
141690304 152299872
141683040 152298624
141679904 152293312
141679904 152291488
141687296 152292672
141685088 152290912
141683296 152291968
141688992 152288992
141689536 152297024
141689280 152294464
141692640 152289888
141692864 152291648
141691616 152289920
141687744 152293792
141686112 152296864
141689792 152302560
141688864 152299168
141684608 152299744
141683776 152298624
141690816 152296096
141691584 152295616
141688832 152293024
141686784 152287968
141689984 152295648
141693088 152301824
141694144 152301408
141692448 152298592
141686912 152292320
141687200 152296960
141689696 152302816
141690848 152297792
141690656 152301536
141692416 152301984
141690176 152298464
141689216 152296544
141688288 152296544
141688960 152297408
141689568 152298016
141686400 152299520
141688288 152302304
141693888 152304704
141696320 152303968
141694144 152299232
141686560 152300192
141682976 152302784
141680832 152301760
141684672 152299424
141683168 152292928
141683520 152295360
141688864 152303456
141690912 152302816
141694208 152300512
141688416 152302112
141685952 152303008
141687072 152300768
141693184 152297696
141696032 152297152
141696448 152300288
141689120 152300192
141681856 152291520
141683072 152292192
141685856 152295232
141686976 152289312
141686656 152292672
141680512 152292384
141680960 152291712
141683008 152299232
141686304 152302240
141683904 152297600
141681696 152297920
141683616 152296672
141685824 152296576
141686176 152291616
141682656 152290368
141683808 152292832
141687584 152297376
141688896 152303200
141688384 152300160
141688512 152294176
141688128 152296000
141692096 152300608
141693088 152304288
141695392 152309728
141691744 152308064
141690144 152308800
141689696 152305408
141686240 152301632
141676832 152294592
141676000 152292256
141679680 152294912
141682400 152297120
141683648 152297504
141683392 152297728
141686784 152297440
141695584 152300640
141694016 152297600
141696064 152299040
141691072 152302048
141683712 152297440
141680576 152297824
141684672 152302624
141693600 152304960
141693024 152305984
141693760 152304032
141692768 152301792
141688640 152303296
141686688 152299648
141682624 152297920
141682688 152296128
141687744 152301056
141687008 152301344
141680512 152299552
141684544 152304704
141688320 152301408
141683456 152298592
141678144 152296832
141680480 152291456
141682464 152298560
141686784 152300480
141690208 152302112
141692096 152307488
141693024 152306880
141693472 152306816
141690080 152308864
141687040 152307552
141686048 152298528
141687488 152294144
141692416 152296000
141693120 152297760
141693408 152299584
141695616 152301312
141698816 152305216
141700704 152310240
141698144 152307392
141694688 152304704
141687968 152306112
141687072 152300544
141690848 152297600
141691008 152299488
141693856 152300960
141690272 152303360
141689056 152304768
141690144 152301696
141683584 152301024
141682112 152297664
141682720 152297024
141683968 152300672
141688128 152300992
141685344 152301120
141680896 152300352
141679648 152299200
141683008 152300608
141677824 152298176
141672736 152299296
141679712 152299424
141685728 152296224
141685088 152299744
141689440 152305184
141692384 152304224
141687968 152296128
141680864 152291008
141680832 152289408
141680736 152287776
141677856 152291040
141681504 152296736
141686464 152301056
141689312 152300352
141687808 152295232
141682592 152297024
141686304 152298912
141688704 152300128
141688320 152303392
141681984 152299296
141679872 152295840
141684800 152296864
141687200 152300640
141691936 152302528
141694496 152300288
141686304 152293984
141684736 152291872
141687808 152296576
141685152 152299648
141685312 152303872
141687200 152304448
141686880 152302496
141689856 152303840
141686304 152303488
141683776 152296416
141688544 152294304
141691200 152292576
141690560 152299872
141698848 152305792
141701312 152305152
141695328 152306528
141690528 152302080
141692384 152301920
141694240 152305184
141689792 152306656
141690880 152306176
141686880 152304576
141688672 152300608
141693472 152295680
141685888 152292800
141681472 152294464
141682528 152299360
141679296 152297088
141681280 152295360
141686432 152300608
141689280 152308800
141688512 152304608
141688064 152304800
141684608 152304768
141681248 152300672
141679552 152295840
141680320 152296128
141683808 152299008
141688768 152303584
141684800 152305088
141680288 152296448
141681952 152299712
141688320 152301920
141691232 152305440
141692352 152304096
141694528 152300320
141691040 152299392
141692288 152301504
141694144 152305344
141691904 152303328
141690624 152300096
141688608 152298368
141683552 152299648
141687840 152298432
141691840 152300128
141691392 152297888
141687200 152300032
141684384 152299968
141689152 152299776
141691392 152303488
141696160 152299232
141698336 152299232
141693472 152301120
141687616 152303424
141691136 152304736
141693024 152308928
141694592 152309024
141700352 152309280
141701088 152311136
141697504 152301440
141692128 152297088
141689088 152299616
141690720 152304192
141693856 152304000
141696320 152302208
141688928 152302912
141684672 152304800
141688224 152303136
141692320 152306112
141688768 152305440
141687168 152303648
141687776 152307296
141686400 152307168
141685792 152307136
141687040 152303392
141690560 152299264
141692672 152305216
141690112 152311008
141682432 152308064
141683616 152299712
141684832 152301312
141692384 152307200
141690976 152302912
141685760 152302624
141691968 152306048
141696480 152305632
141693760 152307200
141695648 152308576
141698784 152309248
141693344 152308000
141691040 152313216
141697920 152312672
141697280 152306720
141695424 152298240
141694240 152298464
141695168 152305152
141690400 152301088
141691648 152300672
141696352 152304928
141697504 152308256
141693920 152304448
141688448 152302656
141685856 152301472
141690432 152297792
141696416 152300832
141699104 152304608
141697920 152304768
141700320 152305056
141692672 152304672
141687872 152300064
141694496 152297888
141692672 152295104
141688928 152295328
141688992 152299680
141690944 152302016
141694464 152302656
141695840 152305728
141693568 152302560
141691200 152301664
141688576 152301920
141693568 152304128
141693856 152307936
141698880 152305984
141699200 152305728
141692160 152302816
141690816 152303616
141693856 152304384
141692128 152301760
141689088 152306848
141687232 152303392
141693024 152303200
141699616 152303744
141695296 152305696
141692384 152300672
141692544 152298560
141692928 152299584
141692064 152303296
141694624 152302752
141692576 152303136
141692256 152309088
141697920 152313248
141701248 152318592
141699456 152314048
141695488 152308800
141690688 152308128
141690400 152305248
141686944 152297984
141684160 152302176
141693280 152308704
141693248 152303776
141686080 152303776
141683136 152309184
141687008 152306496
141687072 152304320
141681984 152310240
141677536 152309056
141678336 152303712
141681952 152298976
141687072 152304352
141686272 152309664
141687616 152308160
141694592 152316736
141696000 152319232
141699072 152314432
141699264 152309152
141689920 152307872
141690752 152304288
141694048 152307232
141693344 152306784
141693152 152305632
141691776 152305664
141691136 152308512
141693120 152313056
141694464 152308576
141688992 152308544
141686528 152307360
141690464 152311296
141687840 152307424
141686080 152307808
141681888 152303744
141680320 152304544
141679232 152303488
141679456 152300384
141682368 152301568
141682976 152305696
141686144 152304320
141685920 152304384
141683328 152305344
141684640 152307552
141687136 152305472
141682976 152304992
141684640 152308992
141687456 152314624
141684672 152312000
141682848 152307360
141687648 152303232
141692448 152303424
141689088 152309216
141688384 152310304
141690912 152307680
141690528 152312192
141693504 152314400
141688512 152310592
141681792 152307712
141681344 152310528
141688416 152310848
141687488 152307040
141689600 152305248
141696320 152311584
141692864 152307520
141692768 152309248
141693120 152313696
141691392 152309696
141692768 152307328
141697088 152307648
141689856 152308192
141689888 152306432
141692192 152306624
141685504 152310720
141682784 152312064
141687168 152312864
141687168 152307392
141691264 152309568
141692544 152311904
141689632 152310752
141688480 152306880
141686624 152310048
141687456 152309248
141693344 152308064
141696128 152308032
141696480 152310112
141690848 152309632
141686912 152308960
141687072 152306048
141690240 152301920
141689440 152303008
141687232 152306880
141689824 152306688
141693376 152305280
141689984 152306624
141690560 152307584
141693792 152315360
141691136 152317248
141690080 152313952
141690400 152317504
141690240 152312608
141687328 152309472
141683104 152303616
141677632 152300224
141679584 152302432
141681632 152307776
141690144 152308992
141686752 152303712
141685024 152300960
141688864 152300352
141687968 152298784
141680864 152299808
141677472 152297344
141678944 152296352
141679456 152303520
141679936 152301344
141680384 152300320
141680288 152299104
141679488 152298464
141682016 152301728
141682720 152304672
141684512 152305696
141685792 152301824
141688256 152299904
141693696 152308128
141695392 152308224
141686880 152309600
141683968 152310112
141689728 152302592
141693760 152302912
141694176 152307776
141694592 152308608
141692832 152302976
141688992 152301312
141685664 152300224
141688192 152306976
141696160 152305728
141698304 152308992
141700352 152309920
141701088 152305888
141700256 152308928
141694976 152308352
141696384 152308064
141701280 152309664
141704288 152312800
141700640 152306912
141695936 152300544
141700064 152301344
141703424 152304704
141699872 152301824
141696608 152298816
141694848 152302048
141693088 152303680
141688960 152302048
141694336 152301312
141703200 152302368
141703232 152305376
141698976 152302496
141700544 152306656
141701216 152312768
141701280 152313184
141701600 152312832
141705440 152311872
141706784 152314752
141706336 152314368
141704288 152314112
141701824 152315712
141699104 152313248
141697440 152311744
141692960 152306528
141694368 152302432
141696512 152302464
141698944 152306560
141700928 152310848
141701952 152309376
141701536 152308672
141699424 152307104
141696768 152304928
141690208 152303072
141692096 152304480
141691488 152307488
141689152 152307264
141693440 152308480
141693856 152308128
141689248 152302688
141689536 152301408
141696512 152304096
141698144 152301376
141693504 152299776
141690976 152296608
141687072 152292352
141686976 152296704
141692320 152299712
141693056 152301952
141691392 152304160
141697152 152308704
141695744 152308960
141692928 152309728
141697472 152304000
141692288 152299872
141687744 152302208
141687712 152305792
141697504 152304192
141703488 152305376
141699520 152310976
141692608 152305888
141691488 152291296
141687712 152293664
141688000 152298432
141691904 152301824
141691008 152303904
141691552 152302560
141688512 152299072
141690656 152299040
141692864 152306656
141690496 152307872
141688064 152308160
141693600 152313568
141696896 152313440
141695136 152315616
141695136 152309792
141692128 152312128
141698816 152316192
141702656 152312256
141700384 152307712
141698720 152303840
141694112 152300896
141689216 152300768
141689760 152302240
141690016 152303296
141686816 152304832
141685472 152305088
141683296 152307584
141690880 152309696
141694112 152310368
141692768 152305056
141690016 152303104
141690432 152312416
141691520 152312352
141688896 152302144
141689184 152303648
141690208 152305120
141692672 152302944
141690656 152300896
141693504 152301504
141693152 152305952
141695776 152309536
141697952 152316768
141693472 152317664
141691776 152312672
141692256 152313024
141695008 152319424
141696640 152319392
141690848 152314976
141686016 152309568
141683296 152308128
141683840 152309408
141685280 152313472
141693120 152315104
141695104 152318848
141691712 152314048
141691520 152311904
141692512 152318272
141686784 152317728
141685440 152310432
141688896 152309728
141686592 152310976
141684640 152309952
141683648 152304352
141682560 152306976
141684480 152309632
141687104 152306144
141683968 152302144
141679680 152302272
141683776 152303680
141689568 152306592
141691616 152310496
141689408 152313792
141688000 152309280
141684288 152307232
141684192 152304448
141685984 152306080
141684640 152311552
141687680 152313440
141684864 152310528
141685440 152308352
141686784 152313856
141685248 152313056
141687584 152308000
141686784 152303008
141686176 152302208
141686496 152307744
141688928 152311776
141688864 152309728
141689472 152302752
141688512 152301504
141692224 152305952
141694656 152308800
141694016 152306912
141694880 152306848
141695872 152308192
141693920 152306368
141689696 152307584
141693728 152311680
141692832 152309952
141686656 152314336
141688960 152308096
141685856 152307360
141691424 152312064
141700640 152315712
141699168 152313440
141691872 152309568
141689984 152307744
141685088 152305920
141686336 152310880
141696000 152310528
141701344 152310592
141697920 152310336
141693856 152308192
141695712 152314304
141696384 152312384
141691712 152308384
141691936 152311840
141693408 152312288
141688096 152315616
141684992 152313792
141688928 152312032
141691808 152319552
141692800 152321120
141686784 152316672
141685184 152317920
141689440 152314912
141692128 152309440
141690624 152305664
141686944 152305184
141688064 152309440
141689536 152315616
141688800 152312352
141691264 152309312
141695936 152314048
141692224 152316480
141696032 152314048
141692928 152313312
141692064 152314400
141689280 152304544
141680480 152299040
141676768 152293280
141677696 152295232
141679456 152299168
141676320 152297088
141678688 152297088
141684704 152300256
141686944 152299808
141690144 152302880
141692096 152307616
141692000 152308640
141690624 152305632
141683008 152300736
141680352 152296704
141681920 152296000
141683488 152295968
141678720 152294656
141677568 152294432
141678912 152302496
141679072 152303264
141681408 152304032
141682976 152308128
141681312 152310816
141686400 152311712
141687104 152310304
141685536 152312832
141686880 152311648
141693824 152311968
141688896 152306048
141682560 152300512
141683904 152305408
141683968 152306752
141684544 152302592
141683456 152296288
141681568 152300192
141684256 152309184
141686720 152310528
141681248 152305760
141681248 152306944
141681952 152303936
141681280 152295456
141676608 152293408
141677120 152297856
141682528 152303968
141682400 152305888
141687296 152306816
141684480 152304448
141675168 152297152
141676704 152296064
141687552 152304128
141689696 152308800
141688224 152311648
141688928 152307360
141693760 152307584
141691360 152308128
141690976 152303712
141685024 152310112
141683552 152313152
141688192 152308992
141689280 152310144
141682208 152308448
141681664 152303296
141683936 152301248
141686432 152299296
141684064 152296896
141678432 152295424
141675360 152296864
141684320 152303648
141690720 152314432
141692736 152307776
141695616 152304416
141694720 152308000
141691200 152309344
141687008 152305472
141687712 152302496
141687456 152306880
141689664 152308512
141691264 152307392
141690144 152301120
141690016 152299552
141690880 152303712
141693152 152310880
141692928 152312096
141688320 152309920
141689408 152310624
141687136 152309824
141689568 152310432
141691680 152313760
141691040 152311296
141687648 152309280
141687936 152308224
141685408 152302304
141681600 152303072
141687840 152300864
141692096 152296800
141689504 152297376
141689856 152302976
141689440 152307584
141688544 152306208
141684832 152303936
141689120 152307584
141689376 152313408
141684960 152309696
141687456 152308736
141688256 152302656
141691776 152300704
141695040 152301504
141695648 152304960
141693440 152305312
141691104 152305280
141688992 152306976
141690080 152305024
141686240 152302016
141687552 152305952
141694016 152314048
141693856 152315456
141691360 152309440
141695360 152312544
141690144 152312352
141682944 152304800
141692096 152304064
141691936 152303936
141689408 152305920
141686400 152303680
141685664 152301600
141689344 152301696
141691424 152300800
141698528 152306528
141703744 152309664
141701536 152309984
141695104 152306400
141692704 152301344
141686112 152303104
141685888 152302880
141683584 152305184
141683360 152304320
141685952 152305888
141683744 152303360
141686144 152302656
141694048 152307552
141690912 152305920
141684128 152299328
141683584 152296032
141685984 152297984
141688608 152303136
141684192 152304960
141685600 152304544
141681440 152303744
141682496 152304352
141687744 152305824
141688096 152308672
141691200 152313056
141692192 152315200
141687680 152309472
141686528 152310208
141690112 152304544
141692896 152306368
141692448 152317856
141690240 152314464
141692320 152304960
141696480 152305632
141690752 152305952
141681888 152307968
141686368 152307776
141682496 152304096
141681216 152298464
141685696 152299488
141688672 152303680
141686784 152305248
141689184 152302624
141689792 152303968
141696480 152305792
141692256 152306048
141690144 152306208
141686112 152307296
141688384 152305344
141684608 152303808
141686400 152306944
141688512 152302720
141687776 152303168
141682336 152298176
141681024 152291520
141681280 152289728
141684576 152295392
141686528 152303680
141687744 152307008
141688672 152304992
141691040 152305696
141689280 152298528
141687328 152294336
141693312 152302272
141691520 152300032
141689312 152297248
141694336 152299680
141698464 152304160
141699264 152308192
141697856 152308608
141698496 152308576
141703680 152305504
141699360 152311744
141700672 152315488
141704480 152313408
141700448 152314176
141692032 152304800
141689184 152299680
141689856 152302656
141687936 152300672
141689632 152302688
141693408 152305024
141695680 152309568
141693664 152308160
141689248 152304288
141690304 152306400
141694752 152306880
141690848 152309184
141694464 152309824
141696768 152305760
141701600 152308192
141706784 152313312
141703328 152310880
141698848 152305056
141692704 152299680
141687840 152295744
141685120 152297216
141682880 152300096
141679904 152299360
141681536 152300352
141683936 152301984
141686432 152305664
141688928 152305120
141690176 152304256
141694880 152305216
141691840 152301504
141692576 152299648
141693728 152302016
141693760 152308320
141698144 152307744
141698176 152305632
141696864 152304192
141696384 152305312
141698720 152302272
141697920 152301344
141694912 152305312
141686688 152298848
141688256 152301024
141693376 152308736
141693632 152311296
141688192 152303264
141685664 152297920
141686976 152297344
141685760 152299776
141686688 152301440
141684736 152297952
141688288 152299296
141689824 152300768
141688320 152299104
141686048 152305216
141687552 152307456
141693216 152307328
141691968 152305632
141687584 152307552
141687488 152309184
141690080 152309664
141692064 152311840
141701824 152309152
141700832 152304320
141694400 152307712
141695776 152306048
141692032 152303552
141691104 152306880
141691136 152306592
141691840 152303488
141687584 152301152
141684064 152305824
141687904 152308768
141690304 152306976
141693088 152311616
141695104 152308960
141696416 152307008
141689120 152304960
141685312 152303392
141690112 152305152
141692512 152305504
141692576 152309152
141701760 152315264
141703904 152312576
141696640 152305152
141689376 152299392
141686304 152299424
141690016 152304448
141690752 152307488
141695936 152309888
141699552 152313184
141701088 152314560
141702752 152312448
141707104 152312544
141704800 152313600
141702720 152315424
141702496 152317056
141701920 152319296
141697920 152314144
141699616 152314848
141706240 152320256
141703168 152317760
141697120 152311168
141696896 152310336
141696960 152309568
141697248 152309312
141692256 152308512
141690848 152308704
141690784 152307520
141692096 152304160
141691040 152301056
141687904 152300384
141686368 152304960
141691712 152305632
141698112 152309856
141700032 152316864
141697344 152309856
141692832 152302560
141692768 152297728
141690592 152297472
141689056 152298752
141692832 152300160
141693952 152300800
141693440 152304320
141694464 152304224
141694912 152304640
141697728 152309312
141704992 152314464
141705920 152317088
141704576 152315808
141703936 152311744
141702112 152312064
141701632 152307168
141698272 152306752
141690016 152306336
141692640 152308320
141692064 152302720
141687008 152303936
141685120 152297888
141688864 152301120
141698016 152307808
141698208 152308096
141698336 152302944
141694496 152305504
141692064 152305632
141691744 152300352
141688096 152303136
141687136 152309120
141692672 152309184
141697376 152311104
141699200 152312672
141694016 152317824
141691072 152315328
141694528 152316960
141689376 152315776
141683520 152307232
141685280 152305920
141689664 152309888
141696448 152312384
141692128 152306368
141692768 152304640
141697728 152310944
141700192 152313984
141697728 152313408
141695776 152314720
141696256 152311200
141696832 152309888
141693440 152310016
141691776 152312000
141693728 152307616
141698624 152312896
141698208 152314048
141693184 152310976
141696416 152311072
141695712 152314048
141696096 152315712
141694304 152309312
141687712 152303232
141684288 152303488
141685408 152304160
141685088 152301824
141687968 152306624
141687328 152308544
141687968 152310176
141690240 152305824
141687168 152306656
141685792 152308704
141687104 152309600
141689664 152309920
141690048 152306144
141687648 152307168
141684192 152306432
141689760 152304768
141689536 152298368
141685440 152294208
141685920 152303808
141687520 152307264
141690016 152308864
141691008 152309632
141689536 152310848
141695072 152314720
141698112 152312800
141694176 152309280
141695040 152314176
141699296 152318400
141697600 152314016
141688672 152313600
141690592 152314432
141692384 152315040
141689280 152315936
141685024 152312352
141688096 152313792
141690496 152304256
141683520 152302048
141677536 152303488
141680896 152301536
141686496 152304640
141689920 152309984
141686784 152309568
141683104 152303424
141690624 152305632
141689472 152313440
141685312 152315776
141685856 152314944
141683072 152312160
141679168 152312352
141681056 152315168
141686112 152314688
141686432 152315264
141685152 152316672
141688000 152318496
141684576 152310400
141679232 152305664
141680512 152301888
141682816 152303232
141681248 152308608
141681216 152311360
141688832 152308352
141688224 152313024
141688928 152318464
141692384 152314304
141689344 152309120
141692448 152306272
141691488 152309120
141688320 152311072
141686784 152312864
141687744 152315616
141689568 152316992
141687104 152316096
141683968 152312416
141683872 152313856
141684096 152316576
141685152 152308320
141690688 152306368
141695104 152307584
141694016 152308224
141694912 152314112
141695776 152322208
141699008 152319360
141693920 152318048
141689664 152320576
141692384 152317664
141695552 152309696
141696448 152308544
141692576 152315424
141692832 152312128
141691712 152306304
141682592 152305792
141680416 152303136
141683552 152303744
141682304 152301504
141682624 152298176
141682752 152307712
141683520 152305600
141687200 152308544
141687008 152309024
141680928 152312640
141682112 152314176
141690656 152313152
141691648 152308672
141688992 152307808
141688928 152305088
141689312 152306784
141690848 152308768
141692512 152307872
141692640 152307328
141692064 152307456
141691808 152305824
141692512 152312416
141689824 152318144
141692928 152318208
141692640 152313728
141694816 152308288
141695104 152301408
141692256 152299680
141685952 152298784
141685184 152302816
141681568 152303520
141679904 152299040
141683776 152300512
141685568 152304704
141685120 152303168
141685632 152307488
141685120 152304384
141685920 152306496
141687808 152305440
141687648 152307808
141685856 152311360
141688000 152313536
141685568 152311808
141685696 152312896
141684448 152310848
141686432 152310080
141683872 152314304
141681856 152311168
141683872 152310880
141684192 152310400
141682272 152309696
141680864 152311968
141676480 152310016
141680032 152307584
141683456 152303392
141677632 152306848
141678464 152307776
141682176 152312576
141681376 152312128
141680640 152309952
141678400 152303104
141680896 152303968
141679104 152303424
141683328 152304768
141685344 152305632
141681024 152305536
141682368 152303872
141682912 152297312
141679680 152300736
141678720 152301664
141673824 152299488
141677504 152297888
141680896 152300032
141684768 152305248
141687296 152308000
141686112 152309408
141680544 152302784
141678016 152303392
141683584 152302848
141687328 152304352
141689664 152309760
141686112 152311360
141681600 152306784
141681792 152300768
141677184 152296000
141675296 152293376
141675584 152292288
141676864 152298176
141674912 152303872
141678912 152305792
141680032 152309216
141679072 152309984
141680864 152306144
141686240 152307392
141694784 152310912
141691936 152311680
141684512 152308992
141686080 152310560
141692032 152311072
141691456 152311168
141689536 152313312
141688448 152312384
141690432 152312352
141688544 152308768
141684416 152307424
141689024 152310816
141690336 152311232
141687744 152309952
141687872 152308480
141689792 152314880
141690560 152316992
141689312 152317728
141689600 152319296
141694336 152314816
141698464 152315840
141695584 152317408
141696576 152321856
141694720 152317952
141690944 152316608
141688256 152316160
141691872 152313152
141691872 152308896
141689120 152309056
141688512 152307552
141688288 152310560
141687552 152313472
141691744 152318816
141692512 152320160
141688832 152315712
141690304 152311392
141690432 152308448
141686560 152308736
141684352 152305280
141682112 152306144
141686336 152312000
141689888 152314592
141690848 152316128
141687424 152313088
141686752 152313312
141684928 152313056
141684384 152314240
141688672 152311648
141695040 152308544
141691904 152305184
141682752 152305856
141677248 152300480
141674368 152300608
141676832 152304512
141681696 152300992
141680704 152303040
141682944 152308160
141686368 152307712
141686304 152309152
141688640 152309696
141693728 152308864
141690816 152311840
141688032 152310688
141691328 152309024
141692736 152305696
141685568 152297952
141682016 152300800
141688384 152304992
141688032 152307008
141684864 152307168
141686720 152311200
141692288 152313888
141687904 152308832
141688736 152314272
141686176 152317792
141683488 152308448
141683936 152304320
141686304 152300224
141688672 152304704
141688768 152310464
141685280 152310752
141686688 152309600
141687872 152304992
141683040 152304224
141685184 152305760
141691488 152310816
141697632 152310880
141695360 152309408
141693792 152313184
141691840 152316896
141688320 152316160
141692416 152314912
141687296 152308800
141688800 152303200
141688800 152304416
141686464 152305728
141691296 152311104
141694432 152313440
141685440 152312256
141687328 152307136
141691392 152305792
141688704 152310144
141690432 152304224
141690592 152301344
141687744 152304704
141683200 152301344
141686816 152299680
141686944 152303136
141689312 152307680
141685888 152306080
141688032 152307296
141690752 152311552
141693664 152310560
141696832 152311264
141692736 152309600
141687776 152303808
141681632 152300672
141681280 152305696
141689728 152306752
141692160 152313664
141696160 152314144
141689024 152306784
141685376 152302528
141684736 152302400
141681728 152299840
141681536 152302432
141687264 152304960
141688768 152305760
141689056 152309664
141690272 152314464
141689504 152316160
141691840 152311680
141696544 152305504
141696448 152297728
141688960 152300448
141684064 152305600
141686976 152305248
141684992 152300160
141684768 152299040
141679904 152299456
141682528 152296608
141684768 152297184
141686848 152300864
141693088 152311936
141694272 152317664
141692544 152313280
141691360 152308160
141690752 152305504
141692384 152307488
141694304 152306880
141690656 152300608
141692416 152298592
141692608 152298720
141683872 152300320
141683840 152301472
141689472 152305344
141700224 152309664
141705696 152310976
141701408 152306816
141692416 152307616
141694432 152310080
141699776 152311328
141699520 152306208
141695776 152302112
141691328 152301472
141689600 152299616
141695520 152304416
141693312 152306880
141692512 152304960
141694400 152307648
141696448 152308448
141693376 152305152
141691936 152304160
141692256 152304768
141689632 152305696
141686656 152310400
141690752 152313664
141691808 152316608
141688800 152311584
141689856 152309408
141686880 152313408
141684832 152308768
141687872 152302880
141687392 152301312
141684448 152303648
141686944 152308512
141691648 152311264
141689472 152310912
141689920 152311328
141692256 152310304
141695808 152307712
141691744 152309632
141688800 152305248
141691040 152305856
141690592 152305472
141692096 152311456
141693984 152314816
141697568 152313920
141700768 152314720
141696288 152314272
141696128 152310624
141692864 152307392
141692416 152308000
141696224 152304032
141696320 152306176
141698208 152309440
141695616 152307744
141691840 152307840
141690880 152308512
141693440 152311008
141697440 152309280
141698464 152302880
141699680 152307680
141696800 152312096
141699520 152311584
141699968 152305504
141697664 152304768
141697024 152305952
141695808 152303680
141690304 152300000
141691296 152297792
141688096 152304320
141686880 152306624
141690112 152303712
141691712 152305472
141696736 152306624
141693664 152310848
141693120 152307104
141691232 152298752
141691136 152301440
141688352 152302784
141688768 152303328
141690368 152305408
141696032 152308544
141691040 152301088
141689568 152298208
141694176 152303424
141697280 152310112
141696768 152311040
141698976 152310944
141694176 152307744
141684640 152302432
141692544 152305600
141698144 152313536
141697920 152315360
141693728 152313600
141688224 152309024
141686176 152302464
141682752 152298592
141685280 152297984
141687840 152299328
141692096 152298624
141693312 152301120
141693376 152302464
141690816 152305792
141692640 152311840
141690432 152309248
141691840 152308544
141696224 152308480
141700544 152303936
141697696 152300192
141690592 152301408
141690208 152307488
141691456 152312320
141689952 152309504
141691968 152310048
141701344 152312608
141700128 152307744
141696864 152304096
141695296 152302240
141688640 152302528
141696640 152307456
141699552 152308416
141697440 152305536
141690304 152307328
141686752 152306272
141692320 152312832
141692064 152311328
141691488 152307552
141697696 152309632
141698880 152312768
141698080 152313888
141695936 152316224
141697888 152316992
141701888 152315968
141697792 152313696
141695840 152312896
141693152 152317824
141691936 152318240
141689728 152313792
141690784 152307968
141696352 152309312
141697728 152309984
141691424 152306912
141685728 152304448
141690048 152301568
141690304 152300928
141689824 152304096
141692288 152305216
141692256 152305504
141689312 152310144
141692928 152315392
141693184 152313728
141693312 152311648
141690688 152316576
141695968 152318368
141698624 152324928
141699680 152320864
141696160 152315968
141692896 152309088
141695392 152306848
141699776 152311520
141702304 152313216
141702016 152315264
141698944 152315296
141697056 152318112
141697152 152317088
141695488 152315552
141693696 152317888
141697184 152319904
141695744 152322336
141688960 152313696
141687360 152310464
141692768 152312864
141692704 152307968
141693344 152308256
141695552 152307104
141699520 152308448
141691872 152309888
141691104 152312064
141696320 152315232
141689472 152315776
141688576 152312736
141690816 152313760
141693728 152313024
141696064 152312640
141695296 152314016
141697248 152313632
141694816 152307488
141690592 152306464
141691392 152304672
141688384 152307808
141684256 152313120
141684448 152312160
141687488 152312192
141688320 152313760
141692416 152315104
141693856 152315232
141691584 152313152
141692736 152314144
141699200 152318208
141697152 152321312
141692864 152317152
141692032 152315584
141691456 152315552
141693472 152320032
141698528 152325824
141699232 152324384
141696256 152316768
141695712 152320384
141696544 152323552
141695840 152322304
141696800 152317504
141696096 152315136
141698400 152313312
141695680 152314784
141694016 152314560
141692960 152311552
141694784 152311872
141697504 152311808
141703584 152314880
141702592 152322560
141701600 152320256
141697920 152315008
141692512 152309568
141699232 152309280
141701376 152311552
141699008 152308960
141702272 152310752
141705600 152312320
141701728 152310336
141698816 152308064
141701472 152309408
141702464 152314816
141697760 152320288
141703168 152322400
141697312 152321248
141695104 152309504
141691520 152306368
141691968 152309984
141691552 152306944
141693184 152304256
141693440 152306656
141694720 152304320
141696896 152307328
141700768 152312128
141703648 152312800
141699808 152309664
141697728 152309568
141696064 152308832
141699488 152314464
141697920 152315648
141695712 152312000
141694144 152308448
141695232 152312096
141697792 152307456
141692672 152300064
141687104 152301568
141695904 152306176
141704128 152305632
141702432 152306944
141695872 152301696
141689280 152303392
141690816 152309120
141697984 152309120
141701984 152305248
141698272 152306496
141693792 152308480
141694592 152308160
141701216 152311072
141697184 152316608
141694720 152311936
141692672 152309600
141689600 152302432
141681440 152295296
141680192 152305376
141685280 152308832
141690048 152306144
141690560 152305824
141691840 152311200
141690144 152308000
141690816 152307136
141693664 152316672
141694784 152318272
141692640 152311008
141693120 152306208
141695392 152309632
141694752 152308928
141693664 152306048
141692512 152305376
141692576 152308832
141687232 152309568
141683808 152309344
141683040 152311136
141685664 152305120
141691264 152305280
141693056 152308800
141688992 152305408
141691872 152306400
141691680 152306848
141690752 152303872
141692960 152304704
141692128 152312576
141688672 152312672
141694944 152312480
141693152 152311424
141686816 152306880
141689952 152308960
141695136 152310784
141696352 152310816
141690336 152307968
141687040 152300640
141687808 152304320
141690656 152306944
141692576 152305536
141690944 152303648
141688864 152302976
141689728 152305440
141687232 152310912
141695904 152308992
141699872 152309824
141695840 152310528
141695040 152310912
141701824 152313408
141704288 152314720
141703328 152316032
141703776 152319392
141704800 152319488
141702144 152318592
141697536 152316320
141696192 152315776
141702464 152322752
141705088 152317408
141699648 152308032
141696032 152309600
141696608 152315936
141698112 152318784
141699520 152314432
141691424 152309248
141685920 152306080
141689856 152313248
141695104 152314880
141697184 152312512
141699104 152308480
141700224 152306944
141701824 152313216
141704672 152315008
141704608 152314912
141705120 152319200
141701856 152312416
141690624 152306272
141690464 152302848
141692448 152300800
141696000 152304832
141702432 152312960
141700320 152315680
141699296 152314336
141693952 152314720
141695072 152310624
141696896 152310656
141695072 152313216
141694208 152315584
141695008 152318016
141696128 152317312
141694144 152316544
141691008 152315264
141689024 152310464
141686368 152303008
141688544 152300896
141695616 152307264
141696032 152311616
141701760 152317984
141703232 152315488
141700288 152315648
141699232 152311584
141697280 152312096
141698720 152311424
141696192 152310560
141696128 152308480
141696288 152301984
141691104 152301184
141689536 152308128
141692128 152309376
141692960 152307552
141697536 152312384
141699680 152314080
141703616 152313824
141704992 152309152
141699584 152304320
141692832 152305216
141692320 152307328
141702848 152307456
141698400 152305344
141692480 152304704
141694016 152304320
141695744 152304480
141696512 152306080
141693664 152311136
141695712 152311328
141700064 152312480
141698464 152318784
141697280 152317312
141696320 152307712
141691552 152298368
141688672 152293504
141686208 152294016
141687776 152302336
141691872 152305568
141687424 152312832
141690944 152310752
141694560 152309408
141686528 152304032
141687200 152310336
141693248 152309248
141694304 152306592
141695200 152310912
141695264 152313952
141702112 152315584
141698272 152314656
141688224 152312288
141689792 152309472
141692608 152310912
141690208 152308160
141687008 152306272
141689344 152309376
141693088 152309472
141690944 152298720
141689920 152299232
141690240 152301280
141692352 152301504
141692352 152304320
141689792 152302528
141696800 152300512
141698912 152303392
141692032 152306112
141694112 152309152
141702240 152308832
141704096 152307680
141700032 152309440
141695168 152303040
141691968 152299168
141693888 152304384
141693792 152302912
141692704 152300832
141693280 152301760
141691744 152300640
141689024 152296896
141686624 152302912
141689440 152306976
141694272 152309536
141696032 152311232
141699488 152311520
141696192 152307488
141699392 152310432
141697600 152310080
141691104 152305920
141694144 152301344
141697600 152309408
141701920 152311200
141698176 152317248
141696640 152315776
141694944 152309888
141694208 152307488
141703488 152311872
141699808 152315904
141696352 152311168
141700448 152314784
141701696 152312928
141697120 152305792
141692512 152308000
141693312 152309568
141693440 152307680
141691072 152309696
141688288 152310656
141690720 152304000
141697312 152304960
141697248 152310752
141700352 152312672
141698944 152312256
141691168 152305760
141691072 152300928
141691488 152303808
141693120 152304352
141696672 152307008
141697024 152312416
141697056 152311744
141695296 152311808
141692416 152313696
141694880 152314784
141700480 152310464
141702688 152313120
141700512 152313984
141694208 152309344
141689344 152306304
141691104 152306720
141688608 152308320
141689888 152308448
141693216 152308320
141696096 152308096
141694720 152309024
141692736 152305728
141689312 152300256
141696640 152304704
141700896 152310944
141697792 152307360
141694784 152304032
141698752 152305056
141696064 152304224
141695744 152306112
141701472 152307712
141699008 152304448
141695232 152307904
141701792 152313312
141696224 152308960
141686944 152303744
141686624 152305664
141691776 152303360
141694720 152304800
141696000 152307776
141697312 152302240
141692992 152298816
141687648 152296544
141690688 152299104
141697696 152297952
141701760 152302240
141699968 152308192
141698208 152307136
141695008 152301472
141691072 152295328
141689984 152295040
141689664 152302336
141689760 152303008
141689472 152304000
141690464 152303136
141691936 152298848
141695776 152300448
141696192 152298624
141697184 152304768
141697312 152310496
141693568 152307200
141687264 152300448
141685792 152300704
141686592 152297824
141685344 152293920
141683520 152295648
141686240 152299872
141692064 152300704
141695680 152306944
141688384 152306208
141688608 152302304
141693536 152305920
141695680 152305888
141697152 152301216
141700160 152300288
141694400 152296320
141690272 152296000
141690528 152294688
141687840 152292192
141688800 152287744
141690400 152292384
141691968 152297248
141695488 152305024
141696640 152301632
141695360 152299296
141696576 152299328
141693600 152297792
141686592 152301120
141685664 152298016
141689856 152296192
141692480 152294752
141694304 152301632
141698528 152310272
141699904 152309760
141699328 152302752
141700480 152300608
141699552 152305920
141699040 152307776
141698144 152305760
141696896 152305536
141694560 152303520
141696800 152303904
141701824 152311200
141700480 152309440
141699712 152307424
141695744 152307072
141692160 152306432
141692544 152304608
141695520 152301472
141695552 152300896
141696576 152306656
141702592 152304832
141701376 152304800
141701152 152304832
141697696 152306912
141699552 152309344
141697696 152307936
141695616 152305760
141696000 152309792
141693760 152306272
141690144 152299520
141688320 152300576
141688928 152300224
141685376 152299904
141687584 152304800
141694944 152305376
141693504 152305280
141690656 152309536
141693536 152312480
141695232 152311840
141697344 152310976
141693344 152308640
141692800 152309056
141700224 152310208
141700512 152315392
141699552 152315680
141696544 152312832
141693216 152312992
141688704 152308896
141690656 152304832
141697760 152306816
141700736 152310848
141698464 152310656
141694944 152308288
141692128 152308928
141693248 152309376
141690400 152307712
141689792 152305600
141690464 152307520
141694688 152312096
141695872 152311712
141698688 152304736
141697792 152299104
141696448 152300448
141695136 152306272
141694432 152305408
141699008 152308896
141702624 152311136
141698912 152307936
141696928 152306208
141689888 152309664
141690592 152309376
141694208 152308064
141700096 152307008
141692640 152302496
141689440 152304384
141691328 152304640
141691296 152303136
141692128 152301792
141691072 152302752
141686144 152303872
141685568 152305728
141684256 152307584
141690016 152308224
141694944 152310624
141698016 152309600
141692448 152308256
141686432 152308960
141692480 152307264
141696864 152308832
141692256 152306560
141691776 152314464
141693600 152312736
141697728 152308448
141697600 152310112
141691936 152313600
141695360 152317056
141700768 152316000
141704928 152307648
141702688 152303648
141703008 152308192
141705088 152314176
141698816 152314336
141692480 152309280
141695296 152307360
141696224 152313344
141701600 152317760
141698624 152317632
141693888 152313984
141692640 152309536
141694464 152308416
141695648 152312576
141695040 152317312
141696224 152316896
141696832 152315520
141694240 152315424
141695264 152314624
141694336 152314304
141693760 152315552
141692800 152315296
141690336 152316704
141692160 152315712
141696640 152312448
141696192 152307616
141687456 152303904
141688064 152308736
141692960 152314528
141695488 152317728
141696032 152314560
141694912 152315392
141695584 152315392
141696800 152316160
141695488 152308640
141690496 152307104
141690336 152303584
141694080 152303040
141694528 152301248
141697568 152305760
141701440 152312448
141708448 152317600
141706560 152315328
141700160 152310720
141698688 152309536
141699488 152312192
141697184 152307552
141695584 152307552
141702080 152306080
141703072 152302880
141703136 152302144
141694240 152300032
141694784 152302208
141696704 152310848
141705248 152319840
141709664 152323648
141705632 152314560
141700480 152310880
141700960 152312032
141704576 152313504
141708416 152315488
141707264 152318656
141701280 152314720
141702784 152310784
141701920 152309984
141701632 152312288
141700672 152310880
141700064 152307264
141700000 152304960
141696256 152302432
141695296 152303168
141697600 152308864
141700736 152309952
141699552 152309536
141701504 152307552
141702048 152313664
141701952 152315456
141701408 152309600
141698240 152308096
141698592 152306144
141701152 152307488
141704128 152312480
141704896 152315936
141698400 152310144
141691168 152304864
141696128 152304320
141701248 152306080
141696768 152308512
141692672 152303328
141690848 152297632
141687072 152300416
141692448 152305088
141695136 152308800
141694944 152309952
141692096 152307904
141690816 152305184
141694624 152300576
141694784 152301248
141697888 152307328
141706976 152312256
141707264 152313312
141706688 152305568
141700864 152304736
141693568 152304416
141686944 152306848
141688896 152310560
141689920 152312000
141694816 152310112
141694176 152311424
141698560 152313024
141702848 152314976
141702368 152317024
141701856 152310688
141700000 152309408
141697280 152309856
141691456 152306368
141691392 152303328
141695552 152309024
141691872 152316736
141697600 152311968
141697024 152312320
141695104 152307168
141691392 152304352
141686656 152297184
141687264 152293280
141688384 152299168
141692288 152306048
141697248 152308064
141696640 152308640
141692384 152309632
141691040 152310944
141694848 152308960
141695296 152302816
141693920 152302112
141696864 152311168
141695712 152307168
141692864 152300992
141694080 152304000
141696480 152308128
141694880 152310912
141695168 152311808
141696032 152310400
141697792 152310208
141698592 152308928
141696768 152308416
141686080 152307616
141686016 152304832
141690944 152305408
141694272 152307072
141695488 152311136
141700320 152312000
141708480 152318880
141711232 152319616
141703264 152315040
141697632 152311328
141695072 152309280
141697376 152311424
141698656 152311328
141701696 152305888
141700832 152308288
141696736 152311072
141696544 152307072
141698912 152308608
141697632 152308960
141692192 152304992
141688576 152306496
141687552 152303136
141690656 152304512
141696448 152308640
141696288 152308640
141696672 152309664
141694848 152311392
141694112 152314560
141700192 152318656
141706176 152319424
141703744 152315136
141707680 152316704
141703584 152313472
141696288 152311040
141697568 152312416
141702752 152309536
141701472 152315104
141696736 152317696
141704288 152310752
141701760 152309120
141700384 152312384
141695072 152312288
141695584 152310880
141696928 152312352
141699168 152314336
141702048 152314528
141702304 152313792
141700800 152309280
141698176 152308832
141703232 152318336
141705632 152317952
141702784 152316672
141706688 152314432
141703776 152313344
141703072 152310080
141701856 152307008
141697120 152312224
141694208 152306400
141697088 152306112
141694048 152305184
141687840 152304384
141694528 152307744
141698560 152311520
141696576 152312320
141695104 152308416
141700736 152306432
141700224 152305760
141695584 152309472
141696864 152311360
141698048 152311776
141705088 152315040
141705920 152316000
141695296 152309216
141692288 152307872
141697344 152305344
141707232 152312384
141709696 152312192
141710176 152310976
141711776 152309312
141707840 152311136
141704704 152310944
141698656 152307808
141693728 152303200
141689600 152304160
141692704 152304032
141689600 152302560
141688864 152300448
141691040 152298144
141692480 152295968
141693920 152298080
141697344 152304960
141700288 152306784
141696576 152304064
141698528 152307808
141703712 152312864
141707360 152307808
141701280 152305664
141698048 152306176
141695648 152307648
141696032 152308608
141702400 152314816
141705888 152317952
141702816 152316736
141703616 152311936
141707040 152307296
141706400 152311392
141705696 152311904
141707072 152314048
141712064 152318752
141710432 152319072
141706112 152313728
141705088 152310016
141701056 152307168
141702592 152303200
141707520 152306336
141708480 152311904
141705280 152305248
141704480 152298752
141701760 152296672
141701984 152297408
141702240 152302432
141704896 152308352
141706368 152312064
141703104 152313184
141698688 152311008
141697056 152309376
141704736 152312736
141707296 152310944
141701280 152308992
141701888 152308512
141706688 152306240
141707072 152306336
141708672 152311072
141708000 152312960
141711424 152311040
141707552 152308096
141700896 152304320
141697536 152301472
141698016 152300224
141705312 152301888
141702208 152303840
141699296 152299360
141698240 152301760
141700160 152309920
141700960 152306144
141703008 152306272
141705024 152307104
141704256 152299744
141699744 152296928
141696544 152299776
141692576 152302528
141698496 152302336
141699680 152302848
141699072 152304352
141697440 152305984
141693536 152305280
141697024 152303424
141695680 152303584
141694720 152303552
141692064 152308640
141689920 152302400
141690784 152305376
141695936 152308512
141699392 152304416
141697760 152305408
141696256 152302144
141694784 152295936
141690080 152293728
141689376 152293312
141691552 152300736
141693792 152304704
141702400 152307616
141704864 152310048
141701664 152312384
141699392 152312352
141702016 152315296
141706912 152314080
141703680 152312640
141694528 152307488
141693664 152303360
141698880 152304224
141702080 152304704
141701504 152305536
141704800 152307840
141706400 152308896
141709152 152311296
141710880 152314752
141705056 152310176
141707008 152307232
141709728 152308960
141707232 152308032
141709312 152309504
141705728 152308960
141702240 152308480
141700736 152305216
141704704 152312832
141709024 152319072
141707264 152314880
141710080 152313664
141710304 152312064
141703936 152306656
141702848 152309408
141704096 152313344
141705568 152311040
141704064 152309152
141700576 152312416
141701696 152312416
141704160 152310304
141703520 152306880
141703296 152306752
141709504 152312032
141709536 152307456
141703968 152305408
141702400 152308352
141710240 152309376
141709344 152307776
141703328 152302144
141700352 152295328
141698176 152294656
141696256 152296032
141702400 152305920
141701344 152310144
141700320 152308256
141699840 152300512
141695200 152295872
141695040 152300256
141696992 152305440
141699040 152308640
141697216 152304928
141696800 152306208
141701920 152308352
141698752 152302400
141704704 152306784
141702816 152304800
141705568 152302336
141707776 152305056
141699136 152307552
141696320 152309472
141698976 152311520
141701024 152308288
141704576 152303776
141710528 152307808
141713632 152317184
141713600 152319424
141710112 152312992
141704288 152307392
141703808 152310880
141703424 152308384
141706944 152312576
141709856 152320992
141705344 152315840
141702080 152311520
141707520 152312416
141705376 152311456
141699392 152308224
141701760 152308800
141706240 152306016
141705408 152311136
141704032 152311968
141698656 152301024
141696160 152302112
141707104 152310592
141712960 152317440
141708544 152316416
141705216 152313248
141701024 152315584
141698848 152312000
141697440 152310464
141695744 152312416
141697920 152313920
141696992 152309952
141695936 152306592
141690624 152305696
141694144 152309248
141704640 152310624
141699808 152308288
141695776 152305568
141694368 152304384
141693408 152307776
141692416 152305568
141694144 152300224
141691776 152302048
141694848 152304256
141699872 152305888
141704768 152307616
141706464 152312864
141704096 152311808
141695392 152303072
141688544 152299584
141692864 152298944
141696736 152304064
141696832 152313952
141693056 152306336
141686880 152301504
141689696 152300224
141687584 152301344
141691072 152308960
141693440 152317504
141697024 152316160
141692928 152310240
141692672 152309056
141694752 152309088
141694944 152306240
141691168 152304640
141691520 152305856
141689216 152304864
141691424 152304672
141693888 152308192
141699200 152313504
141697152 152308896
141693760 152306880
141696640 152308896
141696864 152311488
141702112 152304768
141703424 152307840
141703104 152309824
141703616 152309504
141705632 152308416
141703936 152306240
141702176 152307008
141701120 152307936
141697152 152309888
141697536 152308672
141702752 152308672
141700288 152307392
141698208 152308032
141699104 152305824
141697472 152307424
141697248 152310144
141697440 152310848
141705152 152311936
141703808 152310848
141699008 152306784
141695136 152303552
141693504 152305888
141693024 152308608
141698848 152310400
141701312 152312320
141702816 152315040
141703744 152314208
141705600 152314816
141710272 152316640
141712800 152322624
141710624 152323040
141704896 152318368
141704224 152315616
141702688 152316096
141693184 152309984
141692320 152303488
141696064 152308064
141699456 152313152
141701792 152309184
141700128 152300576
141691584 152301568
141691648 152301568
141697600 152302528
141701568 152303648
141703872 152306048
141704640 152303968
141702880 152309536
141706976 152313472
141704416 152313920
141699488 152311744
141696032 152308864
141697856 152307296
141701984 152308544
141699840 152307584
141700256 152308192
141706048 152307648
141702752 152312256
141703552 152312384
141705504 152307872
141707456 152308704
141704480 152308000
141700896 152305440
141704320 152305984
141707136 152307680
141707168 152309792
141706400 152308576
141707040 152307744
141702144 152301536
141695392 152303072
141693952 152305280
141699328 152301824
141698272 152302336
141699392 152302336
141702048 152299648
141702400 152305664
141702080 152310560
141700224 152308640
141693920 152309152
141692800 152308224
141696928 152300768
141698016 152301792
141701120 152307200
141700960 152308800
141697760 152311136
141695200 152310624
141692832 152305376
141695424 152304000
141698816 152304960
141704000 152306112
141708512 152303680
141707328 152304480
141709632 152306688
