10
141735808 169522208
141738816 169526144
141739904 169524832
141747264 169518016
141746848 169522528
141744640 169522624
141741568 169524928
141750976 169530240
141753600 169532320
141747232 169526048
141742272 169520768
141739744 169525024
141743168 169523520
141750336 169521536
141750624 169523936
141750976 169522976
141751680 169526496
141744032 169521312
141738208 169514624
141742496 169520576
141745472 169524864
141749600 169520128
141752832 169516512
141756960 169520672
141753600 169524576
141746944 169521440
141748032 169522720
141748224 169523200
141749920 169524224
141745824 169521024
141744640 169522432
141741952 169520128
141746080 169518304
141748320 169519616
141745728 169511808
141741952 169511104
141738528 169518016
141742880 169527904
141750144 169533152
141750912 169526208
141743232 169523968
141736800 169520960
141734048 169520224
141735264 169519872
141735552 169521600
141739520 169523392
141740000 169527968
141739104 169528928
141744480 169529184
141749216 169528352
141744608 169525824
141741536 169526784
141735968 169518752
141733920 169518080
141737312 169523456
141740544 169523520
141741408 169526176
141740256 169520352
141734880 169514592
141733024 169513088
141732288 169513184
141737280 169520640
141738528 169516544
141736576 169509184
141734496 169512992
141738720 169522816
141739488 169522560
141736992 169520192
141736448 169521536
141741632 169521792
141745120 169525792
141744224 169528672
141744224 169524224
141739296 169523488
141732480 169523840
141733920 169525024
141731648 169521344
141730880 169516576
141734400 169517920
141734720 169517024
141733120 169515968
141737344 169517120
141738432 169521824
141741760 169523968
141736544 169521856
141738240 169523648
141740288 169528832
141739040 169524960
141738528 169521728
141737664 169518176
141734240 169516288
141738080 169520864
141743328 169522560
141747584 169520928
141748448 169518432
141738912 169515712
141734624 169521216
141736960 169523584
141739232 169522912
141744864 169519616
141744288 169519264
141744800 169525568
141746624 169526784
141748640 169530272
141742752 169530816
141742176 169528640
141738976 169532416
141740832 169527584
141742912 169532544
141747264 169532320
141742624 169524832
141740064 169524192
141743776 169533568
141746112 169536032
141746464 169532992
141740960 169530784
141740768 169528736
141740832 169520032
141746016 169523232
141744928 169528800
141741056 169524480
141741408 169529312
141739648 169527456
141744256 169526880
141747488 169526880
141746240 169526080
141746048 169528896
141743072 169534016
141744896 169531040
141743424 169533088
141739936 169534432
141746560 169531808
141742816 169532416
141744608 169528352
141742880 169524896
141738304 169530592
141738912 169535840
141744544 169532352
141744576 169530208
141735744 169528160
141736800 169531008
141741376 169525984
141741344 169521760
141744288 169528576
141744384 169533600
141742464 169529120
141739744 169529920
141743872 169535520
141744832 169534880
141744928 169531840
141743872 169531168
141744288 169530848
141743456 169530368
141738528 169529152
141738464 169529408
141739744 169534976
141743072 169534944
141744896 169534016
141743520 169532032
141743104 169529568
141738720 169533408
141739712 169539136
141745600 169533600
141742240 169534272
141738720 169536896
141732416 169531840
141742080 169531008
141745984 169537632
141744672 169537024
141748800 169542880
141747584 169541184
141741216 169538528
141739488 169536768
141741376 169531872
141742848 169536672
141748928 169540544
141748032 169534528
141745728 169535712
141746784 169533728
141739456 169526944
141731552 169529536
141737984 169533952
141742016 169535296
141741824 169530240
141739744 169527936
141742016 169531488
141741568 169533856
141743296 169535008
141747840 169539296
141750432 169543040
141749888 169539840
141752672 169538272
141751968 169541216
141750080 169545024
141753344 169540128
141754528 169535520
141750176 169536352
141744256 169531424
141737568 169528768
141739552 169531104
141740736 169535264
141737856 169540480
141736256 169532640
141735808 169530912
141742816 169537856
141741056 169532928
141736224 169529568
141732704 169531168
141734112 169534240
141736192 169531936
141739264 169530784
141739776 169532032
141741216 169534720
141746048 169535520
141743904 169534592
141742176 169534720
141743552 169534080
141744672 169540032
141745888 169539840
141744320 169539040
141742784 169539232
141744448 169536032
141743520 169544576
141742240 169542816
141744608 169536384
141739616 169537568
141743264 169542144
141744224 169544448
141740416 169536640
141746176 169534880
141749312 169533184
141745760 169530560
141743584 169531168
141739360 169534624
141739872 169533760
141742624 169538496
141744064 169536768
141746016 169538560
141742752 169540320
141745472 169536512
141742752 169537184
141740928 169536352
141744608 169537504
141745088 169545408
141743936 169542112
141742176 169535840
141737792 169533248
141743904 169528832
141746176 169533376
141744704 169543488
141740640 169541568
141739680 169541984
141746016 169542784
141746272 169539104
141740256 169536032
141739008 169539648
141741984 169543648
141741888 169542112
141748384 169540576
141745600 169538048
141742240 169534784
141742496 169536288
141739808 169533568
141740928 169532224
141742464 169534560
141740288 169533600
141744704 169531840
141746816 169539424
141746848 169542592
141739616 169538272
141739168 169539872
141739200 169539456
141738720 169535456
141735904 169532832
141739584 169538080
141744064 169545536
141744768 169548544
141745152 169546432
141746368 169542816
141743392 169541568
141743744 169543136
141741536 169540288
141743392 169539808
141748736 169541216
141749920 169543776
141747520 169546880
141744992 169545664
141742112 169539264
141737696 169540064
141742336 169539488
141744608 169534624
141741472 169540416
141740192 169544000
141737344 169536640
141733792 169533696
141740096 169532992
141742944 169533664
141742016 169537536
141743456 169537824
141739552 169535296
141737152 169531808
141740512 169532000
141741888 169536544
141745472 169538560
141744992 169537536
141741728 169537248
141736768 169537728
141737760 169538048
141740544 169541024
141740672 169540704
141739712 169541984
141737120 169538944
141733120 169537792
141734240 169536064
141733696 169531520
141731552 169533056
141733472 169526080
141741184 169527616
141741632 169532480
141741888 169533856
141742080 169536032
141745856 169539232
141741824 169536384
141740416 169529760
141746784 169536608
141749440 169541568
141752352 169536032
141750944 169534304
141743712 169540320
141748000 169545312
141747520 169541760
141742016 169542560
141741280 169542400
141736064 169536320
141734176 169534144
141736224 169532640
141739360 169527552
141737600 169531232
141737408 169534912
141739520 169533504
141737888 169533056
141739104 169536768
141739936 169533024
141744128 169534816
141744320 169536480
141744800 169534912
141743456 169535072
141746656 169535520
141749312 169537280
141746368 169530688
141746592 169532224
141743104 169535200
141744640 169537696
141749344 169540768
141745504 169538720
141742656 169533920
141742528 169528576
141740192 169520928
141742720 169524992
141743328 169532480
141743072 169536288
141743328 169532576
141740576 169527584
141743776 169528288
141749376 169524928
141749248 169521664
141750880 169528448
141750016 169529568
141744064 169532128
141746304 169529792
141746816 169538560
141744416 169538560
141748960 169538112
141746432 169536736
141742976 169535552
141742368 169531808
141738112 169533984
141735104 169532608
141738720 169533568
141736832 169532736
141738112 169528096
141737600 169523136
141739776 169522880
141736896 169529568
141733632 169531520
141739584 169532192
141744064 169535808
141743424 169539552
141744640 169543392
141745856 169548992
141739776 169548000
141734752 169545024
141735520 169544800
141742016 169549184
141743488 169545120
141738848 169539584
141738656 169537216
141741952 169544128
141742592 169551328
141731872 169552832
141733248 169552480
141734112 169546560
141737792 169547552
141737664 169547712
141736608 169547840
141736864 169545472
141738272 169547392
141743040 169556288
141746048 169557792
141741664 169561312
141738688 169561536
141736512 169568576
141744448 169566240
141744640 169566048
141739776 169571808
141742784 169572992
141743808 169561216
141742752 169557920
141743360 169558304
141738816 169560736
141740992 169565312
141739776 169567552
141743488 169566080
141747232 169561856
141752768 169566304
141754016 169575680
141748768 169572448
141750272 169568992
141745824 169569856
141741600 169568864
141744192 169568768
141744064 169571520
141745504 169570304
141748128 169570368
141743712 169567584
141741696 169562752
141745568 169558912
141744352 169561728
141739584 169561824
141737184 169557984
141734624 169558112
141734080 169556384
141737056 169563904
141744768 169569344
141749760 169570944
141742976 169572992
141741312 169568608
141737184 169559680
141728896 169555200
141729376 169556032
141731264 169554912
141731776 169557600
141728000 169555296
141725632 169552000
141723040 169557696
141732192 169563712
141737632 169566176
141738112 169566848
141736352 169565664
141735040 169568352
141742112 169567936
141740160 169563552
141733312 169559808
141734880 169563200
141739552 169564000
141744448 169562368
141741600 169562080
141737760 169567008
141737792 169566688
141739840 169566784
141738976 169568320
141732896 169565280
141731264 169563296
141729760 169562560
141739296 169563968
141740224 169556928
141734240 169553536
141731392 169557920
141740544 169566016
141744832 169569632
141746432 169568576
141742912 169568544
141736576 169562208
141738144 169563264
141737920 169565152
141739072 169558976
141741408 169557376
141740000 169564352
141737216 169568064
141736896 169565344
141739584 169564704
141738432 169561376
141736000 169558944
141739040 169561376
141740000 169565952
141743648 169568256
141744416 169569856
141738880 169574528
141741120 169567680
141739808 169566144
141743552 169567584
141739328 169565472
141737024 169562624
141742400 169566816
141744064 169567392
141741088 169563712
141736384 169561792
141737248 169564960
141742144 169563488
141741856 169566624
141742368 169569344
141744256 169568224
141742176 169563968
141738240 169565184
141741280 169568352
141742560 169574912
141745120 169576448
141739488 169570048
141740480 169560128
141741888 169558912
141742752 169559840
141742400 169557600
141745920 169557952
141739392 169556832
141737152 169555424
141736800 169557856
141736480 169560256
141737216 169562528
141739712 169555936
141737280 169552864
141743040 169557248
141736896 169554688
141739744 169555360
141744768 169558176
141738432 169563552
141741984 169561920
141739232 169556064
141741216 169555904
141741248 169555712
141738752 169554688
141738624 169553248
141736352 169543072
141737376 169541760
141741440 169547200
141744704 169553504
141745248 169557376
141745472 169559520
141741312 169554752
141738720 169556224
141742400 169551424
141742816 169549536
141739200 169558240
141740832 169556096
141742080 169556544
141741408 169555488
141740480 169552544
141739776 169552160
141741344 169558688
141743904 169560736
141745856 169556256
141744736 169558048
141740640 169559712
141738048 169557824
141737376 169558016
141739712 169562848
141738528 169561664
141736384 169559712
141737408 169563744
141741600 169562656
141742720 169557824
141737856 169546432
141734592 169544160
141734464 169549792
141732832 169552928
141734880 169557760
141735232 169556704
141731264 169550112
141732640 169555296
141737664 169553792
141746688 169553952
141741248 169550848
141735648 169548320
141739520 169553568
141742624 169556480
141747328 169561376
141747328 169566208
141740544 169561504
141743328 169560512
141743872 169558848
141736928 169559200
141736384 169558528
141740320 169560096
141739456 169564352
141742880 169561888
141743232 169560352
141740640 169556160
141742080 169553088
141736128 169552128
141729344 169550560
141728736 169549152
141728032 169548448
141731584 169551552
141737024 169554624
141736224 169556096
141734336 169559008
141735136 169561664
141734272 169569792
141734336 169565056
141735392 169561344
141733312 169559520
141731968 169556928
141731392 169553408
141729312 169547552
141731776 169544928
141733184 169548544
141737664 169553216
141736672 169556736
141733504 169558848
141732800 169553024
141732192 169549696
141734592 169551232
141734304 169552480
141732576 169554496
141735168 169558848
141731552 169553120
141731328 169551360
141739712 169558592
141742400 169559040
141743232 169558560
141741728 169555424
141736832 169554880
141738560 169553216
141747424 169553312
141745824 169554048
141732416 169547456
141728960 169549920
141736896 169552832
141739616 169550176
141737440 169546944
141737120 169552224
141739584 169556448
141743040 169565312
141742144 169563232
141739936 169556608
141739648 169555680
141740256 169564736
141741952 169563968
141740064 169560416
141740192 169554464
141743456 169555072
141740608 169554848
141742080 169553920
141742816 169556256
141742208 169560832
141740096 169556704
141737472 169551904
141740032 169556320
141737792 169551456
141740032 169551200
141741568 169556960
141745024 169561792
141747520 169557408
141743936 169553248
141741024 169555264
141740576 169555968
141746208 169558080
141748704 169559776
141749472 169562880
141747360 169555584
141742048 169548608
141735776 169543168
141732512 169544768
141729952 169546496
141738368 169548896
141744384 169554784
141740224 169560320
141738752 169554528
141745376 169551616
141743200 169548256
141740032 169549856
141737152 169552544
141739392 169553856
141744064 169556320
141746176 169555872
141740768 169554464
141737568 169555648
141739040 169557632
141736512 169551072
141735456 169547424
141737504 169549568
141740000 169548320
141740064 169543936
141740640 169541728
141743360 169541952
141748704 169550048
141744320 169550784
141748832 169550528
141750240 169550144
141749536 169556288
141746528 169559584
141748992 169555648
141746336 169551136
141744448 169547744
141745696 169550240
141738080 169544864
141735168 169539232
141739808 169538400
141743520 169538912
141748480 169545728
141744000 169552000
141742912 169549216
141746656 169548384
141743232 169548288
141738880 169545632
141734336 169540128
141734080 169542368
141737184 169541536
141743232 169544864
141740160 169541984
141735968 169540928
141736640 169541760
141742336 169545824
141745440 169543264
141747104 169546464
141747584 169552960
141746592 169556576
141740704 169553984
141740896 169549312
141743520 169552416
141748064 169551008
141744000 169548128
141739744 169548448
141741024 169555616
141742816 169556000
141744768 169554304
141748704 169555648
141757536 169558368
141756224 169555808
141752384 169554240
141747392 169553888
141743584 169550080
141742688 169549376
141743456 169549280
141745824 169552768
141745024 169560224
141744352 169560576
141741472 169554304
141740800 169555360
141742336 169548864
141745344 169550624
141747616 169556064
141739552 169550624
141737248 169549504
141733120 169548928
141734144 169549664
141740032 169548768
141744544 169544736
141746752 169546816
141745184 169547520
141742848 169546016
141739488 169545120
141737696 169539168
141739136 169542432
141743232 169548576
141741376 169547424
141737184 169545568
141740896 169546784
141749056 169555904
141745024 169557472
141741440 169552992
141737696 169549632
141737920 169548096
141734912 169542976
141730592 169540992
141734368 169545024
141732896 169544256
141736992 169545216
141742528 169555360
141745440 169552192
141745120 169548352
141743904 169547360
141742208 169545024
141737792 169540480
141739104 169547904
141740768 169557120
141742624 169557120
141744416 169552960
141740608 169552416
141740384 169556192
141740128 169556576
141739776 169546912
141746400 169548384
141745600 169557760
141748000 169550400
141738496 169543840
141734944 169547424
141739968 169549760
141746080 169554272
141743328 169556608
141740096 169552448
141742880 169550272
141741472 169550720
141741088 169554304
141738368 169549184
141740224 169548800
141740416 169550592
141738336 169548416
141740352 169550560
141745024 169557600
141743072 169559712
141740064 169560576
141736096 169558272
141733600 169559936
141740448 169558560
141742304 169556672
141744896 169552384
141740640 169550464
141744480 169559520
141747648 169563040
141748512 169561216
141746656 169555712
141745632 169559648
141744288 169563744
141746176 169563360
141743872 169560448
141737312 169552160
141738528 169553248
141743968 169561440
141739168 169559744
141741888 169550496
141742464 169553376
141742816 169550176
141740224 169546432
141741184 169548800
141738496 169549696
141741920 169552256
141741792 169556480
141740608 169553760
141736736 169555072
141738752 169554912
141739968 169557472
141736160 169558848
141730048 169548352
141736960 169543392
141734816 169547840
141731968 169547520
141730912 169550048
141734432 169553504
141738688 169557152
141741504 169552320
141737760 169548480
141735200 169547584
141745856 169553600
141746432 169551904
141737056 169550752
141737152 169555424
141745024 169557312
141748288 169562720
141745856 169562112
141742752 169557568
141741152 169564960
141747584 169568800
141754112 169572960
141750016 169572128
141746592 169565120
141746112 169568096
141743456 169575328
141738752 169572064
141733728 169565952
141737024 169567040
141740416 169567808
141741824 169570336
141738240 169575264
141736032 169574304
141733760 169580000
141737600 169577312
141749344 169581184
141753888 169587328
141749024 169578976
141749056 169581216
141742848 169582272
141740256 169576960
141748032 169583200
141747936 169581856
141746816 169585664
141750368 169593664
141750560 169592032
141747008 169593888
141746400 169592896
141743328 169583936
141742944 169578208
141739168 169575712
141739744 169578752
141743072 169587776
141744608 169591616
141750208 169595488
141750560 169595872
141747712 169592640
141743616 169587680
141744672 169588256
141742304 169592544
141736288 169586464
141740000 169585504
141735904 169589184
141733152 169588608
141738144 169593120
141745728 169596544
141743168 169599904
141739264 169595616
141742432 169596416
141744864 169592416
141737088 169584608
141738144 169583840
141743552 169590208
141748992 169592032
141747328 169591840
141738336 169583680
141741888 169577312
141744608 169580160
141747904 169583488
141750336 169581248
141745408 169578880
141739104 169578400
141738080 169581792
141737600 169580256
141733152 169582752
141742048 169585952
141744416 169588800
141739616 169587392
141737568 169582016
141740512 169581760
141747520 169585152
141747648 169586144
141748192 169587520
141745152 169588608
141749504 169584352
141748160 169578016
141745344 169582208
141741376 169588992
141743872 169593408
141750304 169591232
141751104 169584544
141747456 169585152
141744576 169581440
141744928 169581280
141744832 169584032
141739712 169578816
141742560 169572832
141738208 169573632
141734176 169573088
141734560 169573472
141733696 169568544
141735136 169572160
141736960 169570496
141732064 169574496
141734656 169578624
141736640 169580288
141733792 169580448
141735680 169581216
141742880 169576000
141743040 169578176
141740992 169582944
141733376 169578560
141731712 169579040
141730240 169576544
141733504 169576928
141738816 169582272
141743424 169587424
141739616 169584576
141735936 169578720
141731552 169574784
141731424 169573152
141736992 169577088
141738368 169581696
141736192 169581920
141738304 169582624
141740608 169578720
141742496 169573376
141742240 169577120
141738976 169583904
141736864 169579200
141737184 169568896
141733088 169571936
141734944 169570656
141739136 169572256
141741184 169573088
141747040 169575264
141748032 169573824
141747040 169576000
141742944 169573664
141737600 169571840
141737376 169576800
141733056 169579296
141734368 169577280
141739968 169580768
141737888 169581088
141736832 169574656
141734912 169573216
141732352 169568576
141732128 169569568
141733792 169569440
141735008 169567680
141735456 169567136
141738048 169571360
141735360 169573504
141739584 169574304
141737344 169567040
141733568 169566048
141734880 169568736
141734688 169567584
141738976 169568512
141740992 169571936
141740096 169570016
141735808 169573056
141740608 169569760
141742880 169573184
141738240 169575520
141738048 169574432
141739392 169570912
141737312 169567136
141738848 169570752
141740448 169572768
141738976 169576736
141740736 169572128
141744320 169569760
141747328 169573728
141750944 169576800
141745344 169575840
141737120 169574720
141737984 169571968
141734048 169573024
141730560 169572416
141733280 169571136
141731264 169572288
141730880 169573184
141730560 169571616
141732896 169569632
141729216 169571168
141733920 169576352
141737248 169576832
141739520 169574592
141735904 169570720
141735200 169568704
141735040 169573632
141728960 169579456
141732672 169581184
141735392 169579552
141734368 169573184
141733952 169571136
141742048 169582528
141740608 169585472
141737696 169574112
141734720 169565696
141734464 169568224
141735360 169572032
141732928 169570560
141735296 169574496
141738464 169576704
141743072 169578624
141743200 169583456
141742688 169581280
141740672 169573568
141741600 169576608
141739328 169578464
141736288 169578912
141736576 169579680
141735072 169583008
141739584 169582336
141735680 169577440
141735040 169576256
141737760 169578560
141737152 169576992
141734592 169577120
141735488 169574112
141735808 169578560
141728800 169576384
141729696 169579104
141732320 169586368
141731808 169586208
141726336 169578336
141728288 169577152
141732576 169577536
141730432 169576544
141731680 169575296
141735104 169579584
141734752 169583392
141729216 169579616
141730816 169574240
141731776 169573888
141736384 169580992
141737024 169583232
141734656 169583872
141734592 169583040
141735008 169579200
141737408 169577344
141742304 169579264
141739968 169580576
141739840 169579232
141735936 169580608
141727904 169577856
141729504 169574752
141735168 169577568
141738464 169578528
141738240 169573056
141739904 169569504
141735840 169565632
141726624 169562336
141726880 169566240
141729696 169569888
141729280 169570208
141732032 169568608
141733024 169569760
141734336 169576160
141731680 169578368
141728512 169575360
141727392 169570624
141732480 169573440
141738016 169576672
141734880 169575936
141730656 169576256
141732064 169575808
141731712 169573024
141731808 169574816
141734592 169579360
141736032 169575680
141738656 169575648
141732768 169576416
141727520 169575040
141732160 169573088
141735392 169570560
141737600 169574176
141744992 169577120
141748896 169575424
141745472 169578272
141743136 169577152
141736288 169568864
141737472 169561760
141735808 169564288
141735296 169572256
141738048 169572544
141737184 169567776
141733856 169571232
141729184 169564544
141735168 169567424
141741184 169568544
141741056 169575744
141735296 169578336
141735136 169572704
141732768 169571136
141736160 169573728
141736320 169577856
141734912 169573024
141738048 169577088
141740384 169579232
141742400 169574720
141742048 169570400
141739648 169570848
141742016 169571168
141741632 169569696
141741728 169567040
141740288 169570752
141740640 169577888
141743360 169575968
141740320 169574624
141738208 169569856
141738720 169571680
141736192 169571264
141738144 169568640
141747552 169570240
141750048 169579808
141745760 169581152
141738048 169570624
141737632 169565568
141735136 169564608
141741184 169564992
141744928 169568672
141746944 169572928
141748224 169574752
141748992 169578688
141746624 169576672
141746368 169569952
141741792 169567488
141738400 169566688
141740544 169565856
141742912 169566176
141743840 169571136
141748128 169570112
141746816 169573600
141749728 169576896
141747936 169576128
141743168 169575104
141747520 169575040
141749472 169576992
141745472 169580032
141744864 169575488
141746080 169569856
141747680 169565760
141750848 169568640
141748864 169573088
141747136 169572416
141740192 169568512
141738880 169569248
141738592 169571200
141739232 169568928
141738976 169571232
141739712 169576160
141742176 169578112
141744736 169576128
141746016 169573408
141743008 169573632
141742944 169573728
141741664 169574208
141740448 169578656
141739200 169577856
141741664 169571520
141744672 169571168
141740864 169572352
141738272 169568000
141739456 169567232
141741248 169566784
141740992 169563616
141740704 169564576
141741312 169567200
141739232 169565344
141738816 169564416
141740992 169565760
141746240 169568960
141748352 169572160
141745472 169573728
141746048 169582112
141751872 169582592
141747936 169579136
141742656 169573280
141741120 169572192
141737856 169567744
141736992 169566112
141732288 169567072
141732320 169565088
141737696 169570976
141745184 169572512
141748256 169573280
141740288 169578720
141744192 169576352
141743552 169575776
141740608 169578688
141743424 169576608
141744672 169576544
141746368 169579360
141747264 169578912
141745856 169571872
141741824 169570464
141745952 169582016
141750880 169587168
141744512 169583840
141740992 169578816
141744064 169584288
141746624 169585728
141741664 169579200
141733184 169576896
141732640 169574208
141738656 169574880
141740224 169576224
141742496 169575648
141742816 169580576
141741152 169579808
141735616 169577888
141741664 169578880
141736672 169575840
141728704 169569056
141730656 169569024
141737792 169567648
141743680 169566144
141740960 169567872
141738496 169572320
141739264 169574080
141737760 169573568
141741504 169577760
141748064 169578304
141748768 169581664
141742560 169578752
141739872 169574624
141739392 169577184
141737888 169576928
141745696 169577248
141742912 169576640
141736736 169573984
141740256 169567872
141738656 169574784
141742784 169586592
141748384 169590720
141747968 169589952
141746112 169589248
141739808 169580800
141739968 169577920
141742624 169581920
141734624 169581472
141733952 169579744
141737248 169581120
141742880 169582208
141741728 169585344
141738464 169588896
141736160 169588672
141734528 169582144
141739712 169581632
141741024 169581152
141746176 169585088
141745632 169592384
141742816 169595200
141738784 169593696
141737952 169589568
141740640 169596448
141742208 169599520
141743808 169596992
141736384 169596864
141738816 169604512
141742784 169605856
141748288 169608096
141747648 169609696
141744224 169606112
141742720 169599104
141742048 169599584
141747680 169606624
141746592 169608640
141742496 169609248
141741440 169606464
141741376 169606720
141743616 169611200
141747456 169610944
141744064 169612512
141746464 169609024
141748512 169605472
141743328 169601088
141741984 169602912
141744800 169606592
141745248 169607424
141743392 169607040
141739488 169607744
141739008 169612640
141741504 169619008
141743136 169616960
141740064 169608736
141743808 169607328
141744128 169609824
141742656 169614592
141740640 169616000
141742400 169612832
141749120 169613280
141747168 169615840
141747264 169615616
141748640 169615552
141741600 169609152
141737600 169607008
141740064 169604160
141737952 169600160
141735872 169598656
141738912 169604992
141741696 169603840
141747360 169603552
141749568 169612224
141747648 169616800
141751488 169616320
141747296 169617760
141742624 169617792
141741952 169609856
141740288 169609568
141742880 169610752
141743136 169606784
141745664 169605152
141746304 169608416
141745600 169604736
141753216 169603776
141751712 169607424
141749312 169608544
141746240 169609152
141743264 169604992
141741248 169601312
141738944 169596800
141738496 169603168
141743360 169611520
141741152 169607904
141745024 169610688
141747680 169611488
141747520 169609792
141740096 169604128
141738272 169607392
141746240 169612288
141750080 169612384
141749248 169612256
141747360 169605248
141749248 169599328
141746560 169601696
141742816 169603808
141748352 169608768
141749440 169608544
141741120 169604864
141734720 169604288
141736224 169605216
141744096 169607168
141751168 169612032
141753728 169613504
141744512 169611872
141741312 169606176
141740128 169601216
141746912 169603040
141750880 169608704
141750784 169614560
141748160 169611904
141747232 169611392
141743328 169613152
141749504 169613664
141749920 169613952
141750752 169613792
141754944 169611456
141750944 169610368
141753728 169608032
141751520 169608800
141747968 169608352
141744832 169611296
141744800 169603264
141742592 169601760
141747520 169604512
141750240 169603008
141746176 169605088
141751936 169606496
141750400 169607744
141751520 169603552
141753632 169601056
141749216 169602752
141750272 169600448
141755136 169602144
141757600 169611296
141756064 169612064
141747456 169605856
141747232 169603584
141751072 169603136
141751648 169606176
141747392 169607392
141747520 169607776
141749184 169607648
141745664 169609632
141745024 169608960
141746720 169610272
141750080 169607232
141750592 169612864
141752928 169617184
141760768 169618080
141758624 169617184
141757888 169616416
141754976 169612512
141751136 169612320
141755328 169611392
141752704 169610528
141751552 169617696
141748608 169621344
141747744 169618592
141750048 169617632
141751904 169616128
141753600 169618976
141745632 169615552
141741632 169607072
141745888 169610688
141750688 169615264
141745504 169616416
141744064 169620704
141743648 169623104
141740672 169616288
141740800 169611488
141745152 169613280
141742048 169612800
141743904 169613920
141746464 169614784
141746560 169612032
141750592 169611712
141755104 169617120
141758560 169618560
141754144 169617728
141751840 169615360
141758080 169613088
141754080 169612096
141756352 169610272
141758304 169616608
141750656 169619264
141747712 169617088
141749760 169615776
141743968 169607936
141737568 169603584
141743040 169606336
141749568 169611904
141748800 169613824
141745280 169616064
141745888 169616576
141750112 169618560
141753568 169623584
141752128 169622976
141750016 169621920
141760256 169625760
141760192 169626752
141748160 169619328
141745440 169620256
141750688 169625376
141747904 169622144
141748032 169620832
141750784 169621664
141752224 169620800
141753824 169625600
141755040 169632064
141754592 169623264
141748256 169619264
141741440 169614048
141744416 169615648
141750624 169624576
141748480 169629600
141749184 169625632
141743808 169620544
141746208 169615136
141748704 169621120
141753472 169623776
141745568 169618464
141743968 169615424
141748448 169620384
141748960 169621760
141748960 169615904
141745824 169617696
141748896 169622688
141750688 169622144
141751616 169625376
141749696 169626912
141749760 169624672
141750784 169621280
141752992 169617440
141754912 169618528
141749728 169620160
141744480 169618432
141741056 169610720
141743776 169616448
141752928 169621120
141751552 169625280
141745120 169623104
141736512 169622496
141736416 169625280
141742784 169625600
141746080 169625440
141744128 169624960
141745856 169621728
141747328 169622496
141747008 169619456
141746208 169613952
141744128 169612224
141747712 169610176
141749248 169615840
141747392 169622944
141743712 169622656
141745152 169620672
141749632 169617056
141746720 169611552
141751712 169611520
141753952 169623616
141751328 169627008
141747648 169619104
141746080 169622624
141752512 169633088
141757472 169635264
141756896 169628704
141757696 169620672
141752672 169615200
141741504 169612704
141737792 169610720
141739296 169613952
141741280 169614848
141737632 169612256
141739168 169613568
141742720 169618432
141742112 169615360
141746560 169611488
141749664 169614560
141744768 169616672
141744608 169618848
141749952 169617248
141747488 169613408
141742432 169615520
141746592 169612384
141746656 169622496
141746080 169620736
141748096 169616224
141747744 169612896
141745248 169613696
141746144 169616832
141750048 169617504
141751424 169618688
141753120 169618880
141753856 169620736
141752064 169617312
141747680 169614912
141740800 169617664
141737088 169618944
141736128 169617600
141733600 169613184
141738176 169613952
141744416 169621184
141742752 169619360
141743616 169616672
141745120 169614560
141745216 169618816
141742528 169623936
141743360 169627168
141749216 169621056
141745600 169617280
141743264 169615840
141745440 169615232
141742432 169614208
141747584 169617664
141753920 169616800
141750432 169615072
141749440 169613344
141743744 169617600
141747904 169620544
141742368 169619872
141741536 169617632
141744096 169615296
141744832 169612032
141744608 169605280
141748512 169607072
141748800 169615232
141752416 169616384
141746016 169609120
141744480 169608096
141743936 169610976
141747808 169614720
141749984 169621248
141751424 169624544
141752320 169623872
141753184 169622464
141750496 169622912
141748480 169618336
141743008 169615296
141741312 169612480
141746848 169611776
141748384 169615648
141750016 169615040
141749248 169615264
141742912 169615520
141745600 169618496
141750208 169623232
141749568 169624416
141747264 169622144
141751232 169623680
141749664 169621792
141745248 169623104
141747680 169629120
141745376 169620576
141748064 169615360
141758432 169617248
141760288 169617600
141753664 169622208
141749760 169623360
141750496 169624192
141753312 169621120
141751968 169622368
141755040 169625920
141752640 169620384
141753344 169618368
141751776 169625312
141753024 169624192
141755520 169623840
141753152 169614976
141750080 169617600
141753408 169624576
141752096 169626304
141751744 169629728
141750400 169630912
141747040 169625376
141746688 169618688
141748832 169615840
141745568 169618560
141742272 169621760
141741568 169618304
141742752 169621888
141746752 169622496
141752480 169621536
141752960 169625984
141746080 169626272
141745536 169622208
141748704 169621696
141751168 169623200
141750208 169626272
141752672 169624800
141750144 169619936
141745536 169618528
141747264 169618560
141750336 169618848
141750912 169617472
141746624 169617760
141743872 169623264
141746400 169625280
141744800 169624320
141745952 169626144
141741216 169617696
141739520 169610400
141739136 169616192
141739168 169622144
141743776 169622048
141753536 169625280
141753792 169626368
141749792 169624640
141742400 169622848
141736800 169617632
141742112 169622560
141744448 169624480
141742304 169621408
141740416 169616896
141738080 169618176
141737504 169623392
141743328 169622112
141747840 169623072
141745984 169624928
141743904 169620864
141745728 169619168
141748352 169622176
141752736 169627808
141753216 169629920
141750816 169623264
141749344 169621472
141743904 169625568
141743616 169627424
141745184 169624544
141754016 169629984
141752192 169630048
141743168 169619424
141741600 169622080
141750048 169623360
141748480 169625728
141745472 169624896
141744736 169624800
141742720 169627328
141745984 169629024
141750240 169625568
141749984 169623584
141747520 169624384
141748544 169624832
141750112 169628192
141754368 169631008
141748160 169630048
141744928 169628352
141747104 169621216
141748544 169623968
141746688 169623392
141748448 169624128
141746720 169626368
141742144 169627872
141741024 169624768
141747264 169620416
141752512 169627584
141751040 169631936
141747392 169628224
141748128 169632000
141754272 169638720
141753600 169637760
141742784 169636064
141740384 169642304
141741504 169641824
141745248 169630432
141748704 169631968
141747328 169632832
141745184 169634400
141745344 169642304
141754912 169647200
141759840 169644768
141753024 169639136
141751072 169636768
141754912 169639456
141750720 169640096
141750848 169639392
141752160 169644384
141750880 169644032
141748416 169644384
141749184 169642656
141748032 169643360
141747200 169644384
141749056 169642304
141751296 169641760
141752032 169644224
141752352 169648192
141751584 169648640
141749760 169645248
141744928 169647200
141740160 169644608
141744096 169646272
141747008 169648000
141744480 169644000
141744608 169638080
141746592 169642496
141742592 169644672
141743328 169644256
141747200 169642432
141750080 169644384
141749536 169647456
141749344 169644928
141749728 169650976
141757472 169654816
141761152 169657440
141758976 169659008
141754848 169659680
141751808 169659904
141753184 169658368
141749248 169658016
141752192 169659904
141756480 169661088
141758944 169660192
141760384 169661952
141757984 169662880
141755200 169661888
141755264 169660352
141753952 169659424
141754784 169658944
141754496 169655264
141757056 169653888
141756512 169656672
141745088 169649856
141736000 169644096
141739200 169643168
141741344 169641568
141750048 169646016
141750272 169650688
141743040 169647104
141744160 169646016
141748224 169651136
141746496 169646240
141742368 169642592
141743552 169645344
141746080 169648544
141749632 169645344
141747552 169640512
141743776 169640640
141743712 169642848
141750304 169647104
141757312 169647040
141753088 169641792
141748064 169641536
141746976 169640896
141752160 169640896
141757728 169645312
141751072 169652928
141744800 169651424
141742464 169648416
141747488 169655840
141746304 169655328
141744384 169644896
141743616 169641504
141740960 169642080
141745536 169643456
141752896 169647008
141746144 169650656
141740288 169649984
141740000 169645984
141740480 169647840
141741792 169640832
141742400 169640896
141745440 169644128
141741632 169646944
141743232 169647360
141745152 169643072
141742240 169639808
141741536 169644448
141747968 169642752
141748096 169639328
141745728 169632832
141743648 169635808
141742496 169636864
141742304 169638816
141745984 169643552
141752192 169649696
141747328 169647616
141741728 169642016
141739200 169640704
141740352 169636352
141743424 169637504
141741792 169634656
141744896 169638016
141749792 169641056
141748832 169643008
141746368 169648352
141745120 169646464
141748800 169646368
141749504 169646400
141749920 169651552
141753536 169653152
141752352 169649696
141742784 169647616
141737696 169640544
141741312 169638304
141744096 169646272
141747520 169645728
141746656 169640160
141742176 169640384
141740320 169642624
141746848 169641216
141747648 169640288
141747712 169641984
141754368 169647648
141753856 169655648
141751040 169653216
141746912 169643104
141750240 169641536
141752032 169645088
141751168 169645984
141748608 169644768
141747904 169646400
141750272 169645440
141754592 169642560
141751520 169639424
141753056 169636416
141752192 169636544
141753120 169640704
141750912 169640320
141753056 169635744
141747200 169637152
141745760 169634336
141746400 169631904
141746112 169628256
141748736 169636160
141752608 169645984
141756704 169647296
141757120 169644800
141759424 169642752
141756928 169641632
141757952 169636640
141752960 169640160
141749152 169649952
141751616 169648288
141754464 169653088
141758272 169649504
141757440 169650912
141758112 169653088
141759552 169654016
141758528 169657408
141759584 169653472
141759200 169649440
141749952 169648608
141748192 169645600
141752000 169647360
141748800 169647776
141748064 169644800
141742944 169645696
141742272 169642944
141744480 169638944
141748800 169639872
141749312 169644864
141750176 169644320
141747040 169645568
141747200 169647200
141748704 169649056
141751040 169648320
141748608 169647200
141747392 169646976
141748448 169642656
141751200 169645472
141752512 169653632
141751008 169653600
141750016 169651680
141746880 169647424
141742560 169647744
141739392 169645696
141738176 169640320
141741344 169639872
141743552 169640128
141736928 169640256
141734944 169639040
141743712 169641408
141744704 169647104
141744256 169647168
141745408 169641664
141743840 169636256
141746368 169637536
141744832 169641888
141740576 169642816
141736928 169641504
141737632 169641760
141740800 169635232
141737920 169639648
141736960 169638336
141740608 169640640
141744512 169646016
141743200 169646176
141744576 169645984
141745056 169644608
141745216 169642688
141748448 169644960
141747104 169638240
141740800 169633888
141737184 169636288
141743488 169639648
141745664 169643232
141746304 169646368
141751424 169653344
141747488 169653248
141737984 169649984
141739328 169646144
141744768 169652224
141742016 169654400
141740896 169651264
141737792 169654048
141736448 169651552
141737472 169646016
141739072 169644768
141738176 169645248
141738784 169648640
141742336 169657280
141750048 169663168
141755520 169661696
141752288 169657056
141745952 169654528
141739680 169652352
141740032 169644288
141734080 169636224
141733600 169635168
141736224 169633856
141736128 169633600
141737632 169636128
141740512 169642336
141741888 169638528
141738144 169641504
141739712 169642688
141741280 169640032
141738368 169635072
141743872 169638048
141749664 169640352
141750080 169642240
141746368 169645504
141746304 169641600
141749792 169644096
141752704 169649088
141748416 169645536
141744960 169649344
141743680 169648544
141746976 169642496
141748512 169642208
141747168 169642784
141743488 169645216
141741056 169648896
141743296 169648288
141739872 169645056
141740864 169640320
141743040 169638144
141746208 169644192
141749120 169644512
141752192 169645600
141750912 169650176
141752288 169648864
141743008 169643360
141740544 169637888
141741216 169633632
141741184 169635648
141746496 169640576
141743648 169639584
141742624 169637696
141746560 169637536
141744416 169633216
141741280 169632736
141742368 169636544
141744864 169641152
141749728 169641760
141746048 169640096
141742752 169633088
141745248 169633184
141754688 169641088
141755808 169643808
141750176 169638400
141753600 169641760
141754048 169652064
141751616 169654176
141744096 169650208
141746144 169645600
141746464 169646976
141747168 169648384
141745696 169643456
141747616 169643264
141745696 169646080
141739872 169643136
141741376 169640576
141743040 169642880
141739616 169641952
141737472 169641696
141736736 169647424
141742464 169643648
141746976 169644064
141747808 169648448
141744800 169646976
141742176 169646112
141741440 169647136
141741440 169650464
141745536 169649376
141750272 169643456
141744384 169636544
141742720 169641216
141743040 169648864
141741952 169649888
141741696 169650560
141748128 169647904
141749984 169647680
141749376 169644544
141748352 169640416
141746080 169639904
141742528 169640544
141743040 169642400
141745792 169642464
141743296 169641920
141740480 169639296
141741632 169641536
141742720 169643712
141742272 169643488
141741248 169644448
141741504 169647200
141743520 169645920
141745568 169643776
141747712 169648384
141746912 169643424
141750784 169644000
141753696 169650688
141750240 169646944
141747904 169641856
141744992 169641856
141741088 169641536
141745120 169645696
141750784 169645856
141755232 169650752
141752064 169647296
141746496 169640288
141748480 169641120
141743360 169636800
141741184 169631392
141742112 169634592
141744928 169636416
141744704 169641024
141739936 169639968
141738176 169633728
141738976 169635904
141738368 169638976
141741856 169639296
141740704 169639360
141737856 169640608
141739328 169637504
141736544 169633408
141739168 169632832
141742976 169636736
141739424 169638656
141741536 169638816
141744352 169640288
141736096 169637376
141734144 169634816
141736480 169637760
141741248 169645536
141743936 169642368
141736864 169640416
141733312 169635680
141736128 169632736
141736352 169637440
141738944 169638368
141737760 169639648
141738144 169640064
141737184 169633728
141740160 169640960
141744992 169644288
141746752 169639328
141739264 169638112
141738464 169641184
141743232 169646368
141744224 169649184
141741856 169652256
141745120 169645888
141742912 169651616
141738048 169653792
141739840 169650016
141738720 169645088
141739552 169644928
141742912 169641120
141745280 169643584
141745504 169645920
141746784 169648160
141742336 169646144
141736608 169645536
141733920 169641504
141732192 169640864
141734112 169636800
141735168 169639168
141741952 169646304
141745376 169647424
141739200 169644096
141738048 169643328
141741248 169643136
141743424 169644480
141740000 169642176
141732256 169638016
141733760 169646752
141744448 169648736
141749120 169650912
141743776 169650336
141742144 169647712
141739328 169642624
141740672 169636864
141745056 169634944
141745216 169635808
141739904 169639520
141737344 169633888
141734816 169635616
141734112 169640064
141736096 169641120
141738496 169644864
141737664 169642720
141736544 169642336
141735456 169637504
141738112 169636032
141738112 169639552
141740800 169640192
141739648 169639808
141737920 169635104
141740288 169640576
141746048 169644768
141746080 169645216
141746048 169645280
141742400 169641568
141742912 169639424
141744672 169639648
141744736 169646144
141750432 169654112
141744800 169655072
141737472 169651040
141736512 169644352
141737856 169645344
141736352 169646208
141730720 169643616
141734016 169648704
141737696 169653088
141738304 169655936
141736288 169651776
141734688 169653248
141727648 169650912
141724576 169651808
141736544 169656896
141736416 169658944
141729664 169653312
141728192 169653024
141731616 169648256
141724704 169649024
141728736 169658752
141736448 169663616
141735264 169660096
141726016 169656032
141726688 169663712
141732800 169666208
141736288 169671584
141739968 169668512
141737088 169664640
141736128 169663008
141732896 169659936
141733024 169660064
141733600 169665056
141735872 169674240
141729280 169668256
141728928 169659936
141730176 169659840
141729568 169660832
141734912 169669248
141739168 169673152
141735328 169669696
141735360 169673152
141740768 169672160
141738528 169667488
141735776 169668512
141737728 169669440
141736192 169678176
141732736 169676768
141729344 169665984
141723936 169659488
141727904 169662400
141738528 169670304
141743328 169673120
141744256 169669856
141741632 169665696
141739488 169659936
141737280 169659904
141734784 169656736
141735808 169661376
141735584 169664000
141733024 169661056
141735360 169664736
141736704 169666912
141734240 169663680
141736736 169664608
141735776 169663072
141735040 169668960
141734912 169676512
141740064 169673088
141737728 169664672
141737152 169672800
141738368 169680064
141731712 169675392
141731392 169667488
141733056 169666560
141736544 169661920
141738912 169662432
141740512 169665888
141739520 169669728
141736512 169664096
141731360 169656128
141727872 169655296
141726880 169661600
141732896 169667136
141734848 169662304
141735008 169662016
141738816 169663232
141738688 169659840
141739360 169656704
141741856 169662912
141741216 169664352
141740384 169665408
141739840 169662112
141732480 169659648
141726624 169654912
141724736 169656672
141728800 169662752
141733536 169663776
141735744 169657504
141734272 169655904
141732000 169657760
141738400 169662368
141744992 169665088
141740384 169659488
141734592 169655296
141738400 169656960
141738656 169661120
141740256 169665760
141741952 169667104
141740928 169668128
141741280 169664480
141740480 169661888
141742048 169665856
141742624 169669536
141739616 169667840
141738560 169667136
141740512 169665152
141742624 169663488
141741760 169668128
141737728 169664032
141732864 169662784
141736448 169664192
141738016 169662752
141736256 169666432
141739584 169663456
141741024 169660544
141738528 169658656
141738848 169663904
141740032 169659968
141739968 169655008
141737664 169655840
141745024 169661952
141745120 169663264
141739360 169662080
141740224 169657600
141739744 169655712
141739296 169660320
141735968 169659968
141733952 169660640
141736352 169661568
141740256 169666112
141746208 169673152
141745024 169670624
141741536 169662784
141738144 169660800
141734944 169661440
141735168 169659616
141737120 169660128
141737280 169660000
141735680 169655936
141736608 169654624
141733792 169657024
141730560 169657152
141732032 169659552
141737760 169657408
141746656 169663456
141747552 169670592
141748928 169669696
141743392 169666880
141741888 169665728
141745344 169660768
141742112 169653440
141737888 169654048
141739552 169656288
141735552 169652960
141733376 169646368
141736416 169648896
141744000 169653568
141740704 169660064
141738752 169660640
141734656 169663616
141735808 169659936
141732128 169654304
141729408 169655104
141730112 169656736
141728576 169656032
141726528 169648736
141730432 169654400
141739968 169664192
141738720 169666400
141737472 169661216
141738016 169656992
141734496 169659680
141730816 169655200
141729088 169649408
141734208 169655296
141737664 169656416
141739296 169658272
141739872 169666688
141737312 169665184
141740160 169660544
141736224 169657088
141730560 169651296
141731872 169656000
141736768 169659424
141738656 169656032
141738048 169660896
141738144 169663488
141735840 169662432
141735072 169658304
141737760 169657408
141745248 169665056
141750720 169669088
141738016 169664096
141735840 169660192
141738624 169658432
141741216 169661056
141737824 169661472
141736192 169660416
141734752 169659008
141727552 169653152
141723840 169653504
141727040 169652704
141728416 169653088
141737824 169664512
141742112 169672992
141746112 169669664
141745856 169665440
141740064 169660320
141737792 169656256
141737952 169655104
141737184 169660000
141736256 169667488
141735200 169664800
141737760 169666816
141738176 169666720
141738624 169663584
141741728 169663584
141738816 169663456
141737408 169658944
141732032 169658528
141732256 169654336
141741088 169655040
141744608 169663488
141740928 169664160
141734592 169657888
141733600 169658976
141736416 169662400
141738528 169661216
141741120 169660800
141744832 169660448
141740640 169661344
141733472 169657280
141733632 169655776
141739584 169662464
141742720 169668544
141744064 169672320
141739168 169664128
141735104 169664544
141736352 169659552
141729632 169650784
141723232 169652096
141727616 169654304
141735552 169658464
141742144 169661856
141740992 169662592
141733888 169656768
141726208 169653184
141729696 169649760
141733696 169659136
141737696 169667456
141741152 169658816
141736224 169650368
141731424 169652128
141735520 169653952
141740160 169661056
141740640 169661536
141736672 169658336
141734208 169661440
141730144 169659840
141732992 169658560
141738080 169664160
141738336 169661120
141739200 169660928
141736832 169662144
141736512 169659008
141734720 169656576
141736896 169655104
141736576 169656416
141732640 169653728
141732992 169653696
141738784 169658688
141740800 169662272
141737088 169660896
141731232 169660768
141730560 169659936
141734336 169662336
141734400 169657024
141739424 169661888
141742496 169664960
141745280 169659712
141746208 169657344
141739584 169653568
141736224 169658688
141742976 169665600
141741376 169662528
141736736 169663040
141736480 169661600
141738656 169659040
141737248 169667904
141733920 169666592
141734624 169660864
141735008 169662880
141737856 169660576
141741152 169658752
141741664 169662560
141739680 169658592
141734720 169654432
141735136 169656096
141734560 169650816
141735040 169648928
141740288 169648512
141738432 169650304
141736160 169654624
141734944 169656352
141735776 169652992
141735104 169652640
141732256 169658144
141732832 169657632
141729984 169654848
141729952 169653696
141729280 169653600
141728576 169650656
141725984 169652480
141721216 169652704
141720544 169658688
141730912 169658368
141739648 169656608
141732768 169657216
141726976 169655584
141723936 169655168
141728576 169648352
141731584 169655712
141733920 169661408
141736096 169660544
141735040 169659776
141733376 169656672
141731072 169654496
141731488 169653920
141734048 169656672
141734240 169659104
141729792 169655936
141727904 169655904
141729248 169663200
141736128 169666208
141741632 169669184
141740704 169667744
141733472 169660736
141731712 169660192
141732032 169662432
141736672 169667360
141741344 169662720
141745728 169660096
141741600 169661952
141730656 169658432
141724736 169652192
141726432 169654656
141728672 169656736
141733248 169655712
141736288 169655840
141735968 169651808
141738048 169651808
141736832 169655424
141737536 169659744
141736928 169659872
141735264 169658272
141733344 169659488
141739776 169660864
141747488 169658528
141746016 169655872
141739488 169656576
141739936 169656256
141738400 169657088
141735040 169658912
141735808 169656736
141730656 169652000
141732736 169647264
141733632 169651712
141731296 169647936
141730560 169650496
141731264 169654976
141732640 169651936
141731360 169648480
141732416 169652832
141738144 169657216
141738048 169657376
141732416 169652192
141732416 169649344
141738656 169656480
141740544 169659520
141738336 169654144
141734784 169646528
141737568 169655328
141741664 169658144
141737504 169653728
141734432 169649248
141737088 169641568
141735840 169640416
141736000 169639840
141734528 169643232
141737600 169656064
141740832 169661248
141744576 169666240
141744096 169667296
141741760 169662400
141743904 169659968
141742592 169657376
141740320 169657568
141744544 169657376
141747328 169659296
141743904 169656992
141740640 169652960
141744448 169648352
141743648 169655232
141745376 169653760
141739424 169648864
141737600 169647328
141736896 169647360
141733472 169647616
141735232 169655040
141733632 169657632
141735296 169656992
141737568 169655520
141733760 169656160
141737248 169657088
141741824 169653792
141739904 169653728
141738656 169654816
141734624 169654080
141740800 169659648
141746272 169657184
141744864 169654688
141738976 169656480
141736800 169653088
141733440 169652640
141737472 169652832
141744896 169653984
141742720 169652800
141738976 169655488
141740640 169653216
141735616 169646688
141730496 169645696
141734080 169653792
141734496 169653056
141733472 169652064
141736448 169652096
141735808 169649088
141741792 169650048
141745280 169655648
141743648 169656128
141742208 169652832
141742624 169656992
141743296 169662752
141737152 169663872
141734624 169654560
141733888 169656832
141735040 169663552
141738976 169661888
141736288 169662688
141734304 169658880
141729632 169660576
141733024 169660832
141735360 169665088
141731904 169668320
141728640 169665504
141729216 169664096
141736576 169666976
141736608 169666592
141734624 169663872
141734144 169661280
141731424 169664384
141729280 169669440
141734208 169672384
141737408 169676000
141731552 169672768
141730976 169672640
141734624 169675968
141739008 169681536
141741632 169682592
141745440 169684832
141745856 169686048
141737312 169678496
141725344 169676352
141725472 169673952
141731072 169672800
141736320 169676320
141736992 169676448
141737568 169681984
141743968 169685664
141748320 169688288
141745856 169685504
141741952 169682208
141738336 169679424
141736960 169675456
141732576 169674560
141733152 169679776
141738656 169685696
141739872 169681056
141739680 169679840
141736160 169679168
141733664 169679296
141734144 169682912
141730816 169679456
141733440 169679424
141734752 169684416
141734496 169686240
141731584 169683424
141732736 169681472
141735392 169683328
141737984 169686944
141737568 169687872
141735872 169684160
141737920 169682144
141737408 169683264
141735808 169680128
141734912 169683904
141739456 169689536
141742368 169685920
141736544 169681536
141737856 169686400
141742176 169687616
141737888 169687456
141735392 169687392
141737312 169687424
141741280 169685952
141747360 169687776
141744512 169687136
141744160 169682496
141746080 169683552
141749952 169692064
141751424 169695136
141749984 169686592
141743040 169685472
141740512 169682304
141741088 169680480
141739328 169684960
141739040 169684160
141740192 169678688
141739488 169685536
141740448 169681024
141739520 169677440
141739168 169680192
141736864 169680864
141738400 169681088
141741408 169674368
141739840 169671936
141733024 169669344
141725728 169670688
141729440 169678560
141735360 169683712
141734816 169680704
141736320 169679328
141740448 169680768
141741504 169674720
141745056 169680544
141745792 169676928
141736512 169674432
141729888 169672096
141731488 169673376
141735776 169673536
141739744 169673664
141737280 169672800
141733344 169673760
141731456 169673632
141733152 169675232
141733568 169677568
141736544 169682272
141739840 169684544
141742016 169686464
141739072 169683552
141738976 169685504
141743168 169687648
141742816 169684480
141739744 169682784
141739488 169680608
141733888 169674816
141730112 169673152
141731328 169666144
141731520 169663104
141735584 169665600
141738592 169666144
141737984 169668480
141739040 169668320
141741152 169666880
141738528 169673824
141736320 169671936
141737824 169673440
141738752 169669696
141732512 169664320
141730048 169659104
141730592 169660896
141734176 169666496
141730112 169673440
141726912 169669888
141728992 169671488
141732288 169669568
141733152 169669792
141733248 169668960
141733504 169672096
141735680 169667840
141728736 169665216
141730048 169668960
141735616 169665472
141739296 169667488
141735104 169671200
141733056 169673120
141738816 169676064
141743744 169674624
141739328 169674944
141737824 169673056
141740032 169668352
141738240 169665504
141730112 169665568
141727744 169666272
141729472 169670272
141736160 169672896
141739456 169674464
141736576 169671904
141734720 169668992
141737824 169672192
141739648 169673888
141736096 169665504
141734464 169661856
141741216 169668320
141733664 169668256
141730176 169665504
141731776 169664416
141735616 169675840
141738528 169681120
141736000 169673280
141741344 169677440
141749056 169683520
141747712 169682624
141746432 169683456
141745472 169681056
141743392 169676736
141740096 169679232
141737952 169675584
141735424 169668064
141740192 169664224
141738656 169672576
141736832 169671232
141739360 169670784
141737920 169668896
141734880 169670080
141740800 169672704
141744096 169670816
141745536 169671296
141738528 169665056
141735200 169665280
141737824 169666048
141739616 169662752
141738720 169666784
141739136 169668480
141737312 169674080
141734880 169673440
141737408 169672576
141741856 169671840
141737056 169669632
141732576 169672928
141737184 169676704
141735776 169673728
141730016 169668736
141725568 169667040
141730016 169659072
141732512 169661024
141735200 169667936
141737856 169674240
141739616 169670048
141737728 169667104
141739104 169666368
141740000 169662656
141738912 169668096
141737504 169671776
141736704 169674240
141736384 169676000
141738400 169680480
141737120 169672416
141737024 169667808
141736128 169663904
141730368 169664000
141728576 169663904
141732576 169666240
141734432 169670080
141737760 169677280
141742048 169676000
141742176 169674496
141741536 169670272
141746784 169672928
141751488 169677440
141742752 169671360
141734496 169665024
141732416 169662336
141736224 169666656
141742912 169669536
141742656 169674880
141740576 169680768
141736800 169675744
141730944 169666496
141728960 169663168
141735168 169664672
141737952 169668608
141735328 169671648
141732352 169675200
141731808 169673856
141734432 169676288
141737824 169674592
141736224 169674080
141734368 169674848
141736512 169670432
141734144 169672288
141737184 169673728
141742144 169671776
141736480 169672928
141736992 169675904
141736960 169679040
141736192 169681056
141736640 169681120
141735936 169677920
141735072 169672384
141733856 169675040
141735968 169681728
141741312 169682656
141740704 169674752
141736800 169677216
141740320 169676704
141736480 169676032
141732096 169671456
141736896 169665888
141742144 169666976
141738080 169669504
141740128 169669568
141737120 169672160
141732032 169674144
141726336 169671392
141729664 169669600
141736896 169674560
141734752 169673824
141729440 169673440
141730048 169668160
141733152 169665856
141728864 169663328
141731808 169668384
141734560 169671552
141726016 169666048
141725120 169665696
141731456 169667776
141734720 169670496
141731872 169671616
141735200 169672576
141733216 169670272
141731872 169668256
141735520 169668544
141740192 169672096
141738048 169673952
141738336 169673344
141735232 169668640
141736640 169669248
141731872 169670752
141730016 169670016
141729408 169668384
141728320 169672224
141727904 169669440
141725280 169672736
141724544 169677728
141731680 169677152
141734880 169673280
141732448 169669472
141728576 169669792
141727552 169673856
141729408 169674560
141732480 169665856
141729280 169665696
141727104 169664448
141730016 169665568
141729952 169669120
141731200 169672096
141730048 169676704
141724480 169671072
141718944 169664192
141718976 169665920
141727520 169672768
141733312 169675808
141734400 169677248
141731104 169675296
141723936 169670112
141728256 169670464
141734048 169671904
141736576 169670784
141734720 169669728
141736640 169671680
141737280 169675008
141731136 169676000
141731904 169675680
141729120 169671872
141731008 169671872
141726272 169670784
141727808 169666912
141733280 169667136
141734208 169662592
141730976 169666688
141731200 169671584
141727264 169672160
141726880 169669824
141729344 169667648
141732672 169666912
141735488 169662272
141735424 169665472
141737792 169668384
141737792 169669824
141740736 169675040
141744480 169675424
141740288 169671008
141735776 169668416
141734240 169668128
141735936 169670912
141737792 169669568
141738624 169666240
141738464 169662208
141736640 169664032
141733920 169669056
141736384 169665888
141732352 169662592
141733824 169667520
141731360 169667808
141730656 169665984
141734784 169667328
141735872 169665920
141731776 169661152
141728032 169664256
141732704 169669536
141737600 169673344
141740768 169680992
141737152 169680256
141733760 169677504
141739040 169675456
141736288 169679456
141729088 169680224
141731392 169677152
141734496 169675808
141734560 169672032
141732864 169673632
141732832 169669760
141734240 169665728
141733408 169672960
141732256 169679040
141728576 169669632
141725984 169666848
141722272 169668960
141725984 169666528
141732608 169671680
141733536 169674080
141735648 169671936
141732960 169668224
141731808 169664160
141728320 169664096
141723392 169660832
141723040 169656384
141726464 169660320
141724704 169666624
141732096 169666496
141734624 169668928
141732896 169669568
141732960 169671040
141728640 169665952
141726528 169656928
141730240 169659520
141730368 169664928
141731872 169667808
141734784 169670080
141734944 169676064
141733248 169676960
141733472 169671360
141733312 169668512
141733280 169668384
141734304 169668320
141732288 169667104
141729024 169667712
141732096 169666560
141732608 169664928
141733728 169666784
141733152 169663904
141732096 169664256
141731904 169667264
141725888 169666912
141722688 169667392
141729760 169663104
141730656 169661920
141729472 169670784
141730720 169672480
141729120 169671968
141725184 169667712
141729856 169667360
141734624 169664448
141734624 169667584
141731904 169676160
141732800 169674752
141731424 169669472
141728608 169669856
141730176 169671520
141734336 169671168
141732928 169673024
141734016 169671136
141732576 169666144
141734592 169667104
141735680 169675744
141732480 169675488
141730336 169675584
141735552 169670016
141731872 169665632
141729280 169665792
141728480 169665184
141730976 169664192
141733440 169666656
141741376 169672160
141742528 169674976
141732928 169665344
141728448 169659168
141732512 169658624
141733568 169657408
141730720 169658624
141730944 169655392
141735360 169659680
141735680 169668416
141735872 169666944
141736576 169662272
141740736 169664256
141737664 169670688
141739680 169679616
141733376 169676416
141730880 169680608
141732672 169680352
141737248 169675840
141737568 169677120
141732128 169676384
141732704 169676224
141727104 169671680
141724608 169668448
141728544 169669120
141728256 169667904
141730688 169667648
141739200 169675680
141738752 169676704
141735648 169674592
141736064 169674592
141737056 169672576
141735104 169673856
141733280 169676480
141733888 169678464
141730912 169679712
141732384 169683776
141738176 169688352
141738080 169688960
141733248 169688608
141731936 169685760
141731552 169685888
141732832 169688704
141728992 169689472
141728224 169685216
141729984 169686144
141734016 169684128
141733952 169685216
141738240 169687648
141735968 169685728
141733472 169686656
141729600 169685792
141729888 169687520
141734688 169692960
141733152 169691392
141726560 169684960
141727456 169686976
141732512 169688896
141733408 169690464
141734496 169697024
141739360 169693792
141740128 169694816
141736512 169695584
141731264 169693184
141732736 169694336
141732640 169690592
141729632 169685920
141735552 169690112
141739008 169695552
141739392 169701248
141736192 169695040
141732704 169691776
141731264 169693344
141736416 169696800
141740448 169702656
141739296 169701344
141741056 169695008
141748032 169700064
141745056 169701600
141741504 169699584
141743200 169698400
141746624 169701664
141747392 169703040
141742048 169701600
141739392 169700512
141737088 169693248
141732352 169693632
141734816 169695104
141736704 169689568
141738208 169691488
141735520 169688384
141733696 169687584
141737056 169692896
141736352 169694272
141734528 169690304
141735328 169690112
141737920 169694592
141737504 169697056
141737664 169695392
141735456 169688032
141737952 169686912
141740832 169687360
141740736 169690784
141737952 169695104
141736672 169692928
141740256 169690720
141740032 169684992
141738368 169680352
141740928 169683424
141744032 169695520
141743328 169699648
141740416 169692928
141737312 169685376
141734112 169686976
141729088 169687264
141732320 169691808
141740736 169691776
141740608 169690560
141737376 169687296
141732192 169686304
141733152 169686080
141735072 169686816
141740032 169690784
141739552 169689184
141740192 169685312
141737088 169687936
141734976 169688832
141737920 169691392
141740128 169689696
141731360 169678784
141729856 169674368
141732320 169676896
141736448 169683616
141741888 169692288
141747328 169690080
141747680 169691520
141743680 169687200
141738496 169685952
141739200 169687360
141739488 169689216
141736992 169683712
141741088 169686720
141744480 169690848
141747808 169692832
141743040 169695328
141742752 169693120
141741120 169691008
141746784 169695872
141746400 169694080
141744064 169689408
141746112 169692128
141749088 169693568
141746240 169691264
141742752 169685632
141739968 169679808
141738304 169681984
141741536 169689568
141741152 169691488
141732608 169683200
141729248 169678368
141736160 169684032
141744096 169685856
141742784 169685376
141742176 169685792
141741056 169683776
141735552 169680224
141734976 169677248
141733568 169677920
141732000 169676256
141734048 169675872
141735424 169684096
141740544 169686464
141741184 169679904
141736704 169681664
141737440 169679232
141740992 169677184
141747904 169681728
141745952 169684480
141739744 169680768
141737088 169678048
141739136 169682592
141737024 169681344
141732864 169681472
141734688 169684896
141733952 169682688
141733056 169680928
141736672 169680992
141734976 169679712
141731136 169681568
141737728 169686720
141731392 169681056
141728352 169676832
141729696 169672448
141731520 169674464
141732224 169678784
141733888 169680032
141731488 169676032
141735296 169673952
141742720 169687648
141751136 169695104
141746912 169693600
141735616 169691136
141736064 169683360
141739904 169681568
141740896 169683616
141738112 169679424
141735840 169679264
141740224 169684992
141743072 169683296
141740256 169680576
141734848 169686976
141730208 169682016
141728800 169676928
141731264 169674176
141737760 169671808
141738528 169678016
141743520 169688736
141749504 169691520
141749568 169684288
141738496 169677728
141730176 169675104
141735040 169680096
141735776 169677376
141737120 169677600
141736512 169684896
141742208 169687840
141741344 169686272
141734880 169680864
141736448 169684512
141739360 169690944
141741568 169692416
141738816 169687968
141737152 169686688
141736640 169684704
141742592 169679392
141743072 169679968
141737184 169682304
141730080 169680448
141731008 169681024
141737824 169685056
141742208 169691232
141742976 169690048
141742112 169682048
141732192 169677760
141727808 169677312
141729440 169681536
141732576 169679968
141734784 169677216
141732704 169679424
141736448 169680224
141743168 169682784
141741984 169688992
141740256 169691776
141742112 169691648
141747968 169689440
141739328 169681696
141733824 169676384
141734752 169675936
141735328 169679296
141737088 169677152
141736256 169678656
141736352 169683808
141738016 169683136
141742336 169681696
141744928 169678528
141746656 169676672
141746912 169679840
141743616 169672800
141741568 169673120
141739808 169678272
141740608 169683456
141737984 169681184
141737024 169677760
141742240 169683168
141743424 169688928
141740416 169687808
141741152 169686720
141738720 169681024
141740384 169683520
141739840 169686080
141740960 169684320
141744896 169683584
141740384 169678624
141732512 169668512
141726080 169663392
141725312 169669824
141730304 169673088
141735232 169671136
141737792 169678688
141737184 169685024
141741472 169687616
141742464 169682400
141737984 169678816
141739424 169679136
141738816 169680320
141731456 169680896
141730048 169680000
141734272 169681120
141736416 169681920
141735744 169679232
141735648 169676416
141739008 169676800
141737216 169675328
141738656 169676608
141738944 169671808
141732832 169670656
141739680 169680416
141744064 169686880
141748224 169689728
141746336 169687296
141747552 169687744
141747872 169684448
141742656 169674496
141739648 169671808
141735904 169674592
141736544 169674464
141738144 169674336
141742464 169679744
141743392 169681920
141739328 169676192
141740416 169674016
141745152 169678944
141748448 169680736
141744864 169675648
141736448 169675616
141735136 169672032
141731328 169673312
141725280 169676960
141725568 169678816
141732576 169672448
141737984 169670432
141739488 169674464
141740416 169676608
141748320 169681920
141748864 169682528
141744256 169684352
141739776 169683648
141738336 169682656
141741728 169682016
141739040 169682784
141739200 169680032
141743616 169676512
141745888 169677280
141741792 169678400
141739200 169681312
141738496 169680640
141732288 169679712
141728992 169674400
141728768 169673728
141724928 169669600
141733120 169676256
141738464 169679296
141739104 169679616
141740736 169670528
141738880 169668928
141731456 169672032
141733696 169679104
141740576 169682336
141745280 169681120
141744032 169678752
141740992 169674528
141739648 169673184
141737408 169669056
141738368 169671200
141736192 169671328
141738752 169670240
141740160 169673216
141738720 169671808
141736640 169668576
141734624 169669536
141737472 169673056
141736096 169677184
141736256 169671520
141739072 169673024
141738784 169678112
141744896 169677600
141744480 169680544
141744032 169681216
141739648 169681376
141743200 169682752
141744672 169680384
141739584 169679328
141740736 169676192
141743776 169679232
141748128 169684160
141745280 169677056
141742176 169669472
141737696 169671488
141734752 169677504
141739232 169673344
141745056 169675488
141746656 169675424
141742016 169672288
141736832 169669312
141734656 169667680
141740128 169675936
141743008 169681920
141747648 169678624
141749312 169678176
141747488 169680160
141747808 169676064
141748704 169675296
141749600 169680992
141748480 169683168
141749280 169678848
141744032 169676352
141741024 169672288
141741920 169667616
141742368 169667520
141739808 169671104
141740832 169675264
141740800 169680128
141739744 169680800
141746464 169679616
141745024 169677504
141740736 169667936
141739040 169669376
141738368 169677280
141747776 169685120
141748320 169685664
141742976 169675744
141739360 169676288
141741440 169675808
141741216 169668128
141738272 169670624
141736864 169668160
141733664 169660512
141731456 169658976
141729312 169661152
141730880 169659008
141735648 169657728
141742976 169660192
141745024 169662112
141743936 169671776
141742528 169680640
141743008 169678720
141734528 169677504
141733472 169679072
141739744 169671648
141742976 169665664
141739296 169670944
141734624 169674144
141738688 169675584
141738752 169681696
141736640 169683040
141736480 169678496
141730176 169678176
141729600 169681152
141736256 169681856
141742816 169678688
141744800 169678592
141742816 169679264
141743616 169679840
141745312 169684800
141740384 169685376
141737376 169674848
141737056 169672448
141736576 169670080
141734816 169670048
141736512 169674016
141740032 169675392
141740128 169677888
141735040 169673280
141734112 169674080
141737056 169672416
141740192 169674560
141737952 169680128
141733728 169678304
141737344 169679584
141740096 169677664
141742336 169676256
141739072 169674976
141739648 169680928
141746752 169680096
141747840 169679360
141749408 169677728
141748032 169679520
141745184 169677920
141749504 169679616
141744448 169676512
141742816 169682976
141745984 169691520
141747776 169690880
141749056 169692160
141750176 169686624
141748064 169682592
141742112 169684576
141742976 169681440
141740384 169677920
141739904 169676416
141741024 169676704
141735328 169676416
141735008 169679136
141739040 169687840
141739712 169687904
141740640 169681824
141737984 169678048
141738592 169678208
141735872 169677504
141734112 169676288
141740448 169681088
141738592 169686944
141733696 169690528
141725952 169692160
141732768 169688864
141738624 169691136
141743968 169693600
141739168 169693248
141736000 169689632
141740768 169688896
141739104 169692704
141736224 169689184
141735712 169693024
141741280 169697536
141747232 169703552
141743776 169700032
141740032 169698208
141740512 169694336
141738368 169693248
141738080 169692896
141745728 169696512
141745152 169698624
141742272 169693376
141743168 169694592
141742848 169699840
141741984 169699648
141746560 169694336
141744192 169694560
141740640 169695296
141739392 169690592
141739232 169694496
141737568 169699712
141738976 169698816
141735008 169696576
141733248 169696704
141738048 169696864
141736480 169693056
141735008 169694496
141732576 169694944
141735680 169695520
141740672 169704352
141746784 169710912
141738880 169706656
141733728 169701888
141736704 169703328
141742464 169702304
141733376 169696896
141735904 169698496
141741696 169695680
141739872 169692896
141737472 169693376
141738208 169692224
141738976 169693728
141745056 169698720
141745312 169697728
141739936 169702272
141742720 169703200
141744384 169703264
141745408 169703360
141738624 169697344
141733088 169693056
141735776 169695744
141740064 169698560
141736384 169696032
141740192 169700800
141746432 169704000
141740768 169701280
141737408 169700928
141745984 169703328
141741920 169700256
141734176 169692384
141734592 169689024
141736192 169689952
141740704 169695200
141736928 169695296
141734560 169692480
141735104 169691040
141736800 169690528
141739168 169691072
141736128 169694752
141732960 169696736
141735040 169701664
141740288 169708768
141742560 169704544
141744128 169699968
141743904 169700576
141742400 169693760
141742368 169697120
141741696 169689472
141741952 169688320
141738336 169692224
141739200 169689184
141740768 169689248
141745472 169691904
141743776 169690784
141737728 169688480
141739648 169685632
141742496 169683104
141740064 169680864
141738656 169679232
141740096 169684320
141743168 169688320
141746880 169687712
141744736 169686976
141735840 169683840
141734560 169687584
141740736 169690976
141743872 169689856
141744064 169695520
141739360 169688000
141734272 169685440
141738208 169683968
141741984 169684000
141741216 169686304
141740704 169689664
141741056 169689248
141741088 169683840
141735360 169685088
141739168 169682304
141741536 169683008
141735552 169677280
141736704 169678464
141739968 169686048
141743520 169689600
141744416 169687392
141742016 169679072
141738912 169676864
141734432 169675808
141737504 169676256
141734144 169676000
141734048 169676160
141737632 169681152
141733248 169684736
141730368 169680064
141731232 169677952
141736320 169680032
141739392 169684864
141742528 169687712
141743456 169685088
141744288 169685408
141741696 169682176
141744672 169686144
141745696 169690720
141741888 169683680
141737728 169679168
141741824 169676192
141736352 169669536
141736896 169673696
141743840 169680544
141740064 169684928
141738176 169679520
141739008 169680288
141741440 169683968
141741760 169684512
141743328 169679648
141740096 169678976
141735584 169680224
141733120 169675872
141732736 169678080
141736672 169677152
141733696 169676960
141738048 169678816
141743680 169679136
141740096 169677248
141735936 169669824
141737184 169672256
141742112 169676608
141743552 169677792
141745728 169681184
141743136 169684064
141743168 169684224
141741664 169681088
141748032 169678336
141751840 169679360
141748832 169677216
141741984 169677440
141740224 169678944
141740096 169678016
141741536 169676960
141736864 169677120
141736128 169674496
141733856 169674816
141732832 169673376
141735072 169674080
141739168 169683616
141733568 169686016
141733088 169683680
141738432 169681632
141744160 169687200
141741504 169690208
141743424 169692896
141744288 169690784
141744096 169687488
141741728 169687328
141736672 169688448
141737280 169690272
141738528 169689152
141739488 169691552
141746848 169694144
141750336 169697472
141752512 169690848
141749344 169688928
141744704 169688480
141737312 169687264
141736608 169688576
141742560 169691072
141744544 169690016
141742304 169686784
141738048 169682304
141738912 169680672
141739040 169682496
141741152 169682624
141738112 169681568
141729856 169678176
141738400 169675552
141749760 169676288
141749312 169677344
141747776 169686016
141746144 169687360
141745696 169686112
141743520 169690496
141748192 169691104
141748800 169685312
141752544 169686336
141753344 169687296
141755008 169687456
141751168 169684768
141743648 169682752
141742944 169679136
141742144 169684384
141737024 169684480
141732000 169684064
141734432 169692000
141742080 169691296
141742880 169685920
141743104 169685056
141741920 169688672
141739872 169692768
141746240 169692576
141754176 169692672
141749600 169692416
141746912 169690208
141743296 169686464
141743648 169681536
141745920 169682880
141744224 169687488
141743808 169685472
141743168 169688288
141740736 169693632
141743968 169692576
141745536 169689344
141746912 169683904
141749472 169684448
141749408 169680768
141744768 169678592
141745888 169675296
141745472 169680032
141742368 169684288
141747968 169686048
141750016 169688416
141744608 169692672
141746144 169687872
141745888 169681248
141735776 169676448
141733856 169679520
141736576 169678528
141739424 169682720
141738112 169684288
141735200 169683584
141740928 169684160
141744096 169690816
141738752 169685728
141736544 169680480
141727200 169673184
141728960 169672032
141731584 169677664
141739872 169683136
141740864 169684928
141737760 169686720
141739296 169680352
141736480 169673184
141736448 169670560
141742752 169672672
141746368 169680928
141747712 169686912
141750816 169687584
141755904 169688512
141757024 169691840
141748288 169684672
141743136 169679296
141741024 169678048
141740352 169677408
141740384 169682048
141733312 169683104
141737376 169681280
141738016 169682048
141741024 169686272
141745280 169690368
141747904 169689056
141745664 169691104
141741152 169687744
141744704 169684896
141749472 169690080
141747680 169689920
141744800 169679552
141745344 169687520
141746528 169688608
141744992 169691008
141744704 169692864
141742656 169686816
141742080 169677088
141740640 169671968
141743392 169679296
141743328 169681824
141740896 169686048
141742368 169688736
141743776 169683712
141741312 169679264
141739680 169679712
141742560 169681696
141742688 169680000
141742400 169680832
141745184 169684192
141747584 169687488
141742208 169683392
141740800 169683840
141745440 169682528
141746848 169680672
141745056 169686688
141742016 169683296
141743392 169676800
141737600 169673632
141736000 169682976
141736128 169680000
141739520 169673824
141732992 169675840
141736704 169679712
141744896 169684992
141740192 169685856
141741248 169683200
141745536 169684960
141739968 169683072
141735264 169680128
141738496 169681056
141739584 169683072
141738368 169683840
141741632 169682912
141740128 169680320
141734208 169678784
141737792 169673888
141735296 169667872
141741216 169667904
141742784 169676352
141738272 169678912
141743392 169678656
141749792 169686272
141744160 169688960
141736640 169686016
141745024 169684512
141747648 169683712
141742400 169682336
141742176 169679392
141741792 169677664
141741440 169675104
141741344 169679200
141744288 169684960
141744640 169684352
141740256 169683008
141736576 169680448
141737952 169680960
141741568 169684288
141737920 169680832
141737248 169679904
141736864 169680512
141739712 169677504
141736736 169669920
141736448 169670848
141741824 169677440
141743584 169681024
141745056 169681728
141746016 169681312
141745856 169677760
141743456 169677920
141737184 169674848
141738976 169675424
141740608 169673632
141736992 169671968
141741216 169682784
141745152 169683776
141743072 169686688
141744096 169687392
141748864 169684128
141742304 169679616
141738272 169675552
141738112 169677056
141737152 169681216
141736416 169674016
141735456 169673056
141730848 169677664
141737536 169675552
141745632 169679168
141737568 169673920
141737760 169673024
141742272 169679648
141744416 169686688
141744480 169688128
141747040 169689824
141746496 169686944
141745664 169683520
141745088 169681504
141744640 169674080
141740992 169676224
141745216 169679232
141742496 169675936
141741920 169682848
141745568 169683200
141747392 169681408
141743808 169679808
141742272 169678592
141743104 169681824
141745024 169677152
141744032 169679168
141743904 169684736
141748384 169688512
141750464 169688960
141744448 169686784
141752480 169685952
141750208 169683008
141748288 169684096
141751456 169692288
141748160 169692320
141741632 169685280
141745760 169689280
141751328 169685152
141751680 169682560
141746720 169683264
141743072 169682528
141745088 169684608
141744032 169685632
141744288 169683328
141741856 169693152
141742784 169695328
141746144 169696064
141746944 169700512
141745408 169696896
141742400 169695072
141740192 169694528
141739712 169691552
141741120 169694880
141742304 169702144
141744928 169703616
141739648 169694912
141735360 169696832
141741600 169701664
141744736 169702944
141739296 169701632
141737536 169701024
141735328 169695872
141733024 169693312
141738976 169690848
141741984 169693920
141741920 169700544
141739136 169705024
141737568 169708288
141741216 169711456
141739808 169706656
141733600 169705440
141731552 169709504
141739488 169709600
141741792 169711136
141741824 169709856
141742752 169702624
141740640 169701728
141742880 169709376
141745984 169715232
141749408 169711456
141752608 169713120
141750304 169710688
141747616 169709664
141751456 169714176
141749696 169714720
141746944 169719072
141747040 169720928
141745184 169713024
141743808 169708256
141737152 169709248
141735264 169704384
141735776 169700192
141739136 169698176
141738848 169696768
141738336 169698464
141742496 169702912
141745056 169713440
141745280 169713824
141746272 169707008
141749408 169710464
141749696 169710048
141744384 169705568
141742208 169709248
141738688 169703872
141741920 169702912
141743296 169709376
141747808 169712512
141746816 169711232
141742976 169711840
141747328 169712320
141747072 169708320
141745408 169707104
141741856 169706496
141743296 169705440
141744960 169703264
141742816 169703296
141740288 169695712
141736224 169697312
141732512 169697664
141735808 169703616
141741216 169699392
141739840 169696896
141742176 169700512
141747296 169704352
141743296 169705728
141741440 169700192
141741824 169694496
141739424 169702048
141738752 169703136
141745600 169706560
141744192 169705760
141743872 169704224
141744192 169701440
141743328 169701056
141741600 169701920
141742624 169701184
141744064 169704128
141734016 169698848
141732448 169693632
141736544 169691872
141742464 169695040
141739456 169698240
141738304 169696384
141742816 169696160
141743424 169696640
141741568 169694784
141742368 169696192
141745664 169698240
141743968 169701760
141741856 169699168
141740608 169689472
141736288 169690272
141739168 169698976
141742464 169704512
141745696 169701888
141752384 169706336
141751168 169704096
141741856 169698848
141739328 169696480
141740256 169693216
141738112 169690624
141737600 169691328
141741312 169697376
141744576 169698240
141742368 169691200
141734656 169688224
141736896 169687808
141736608 169689088
141737984 169690400
141736160 169688032
141730112 169686080
141735488 169685440
141735648 169688800
141736992 169692736
141737504 169697984
141735488 169692032
141734080 169682048
141739712 169686400
141745120 169693344
141744832 169697440
141743680 169699296
141740704 169696864
141739424 169693280
141736576 169691168
141740736 169694944
141744224 169696000
141748000 169692096
141739296 169690176
141739264 169688320
141739680 169682528
141736480 169684256
141736672 169688448
141741600 169689312
141739776 169687840
141739872 169684960
141744480 169687360
141747808 169688800
141753760 169693600
141749376 169699552
141748864 169697472
141745056 169694976
141739072 169695392
141740032 169694208
141741152 169691680
141744000 169694464
141752000 169702880
141752192 169704768
141741888 169697664
141738144 169693408
141737824 169688192
141739712 169688672
141742624 169687296
141742784 169686592
141741568 169691136
141741984 169696768
141748736 169693504
141750912 169692032
141749824 169688992
141746016 169686752
141747168 169687904
141747584 169690272
141755136 169693344
141756896 169695552
141757760 169696736
141758592 169701536
141757536 169701728
141751616 169701408
141744896 169698720
141746624 169692128
141742656 169691072
141741056 169697792
141743360 169700416
141742816 169700544
141747520 169701696
141742688 169696128
141740448 169694976
141741280 169690656
141740352 169686496
141733728 169690272
141730272 169689952
141729536 169686816
141729920 169692096
141734880 169694496
141732096 169693440
141735168 169689856
141735104 169691488
141734816 169692256
141732000 169692032
141729664 169694880
141734624 169695776
141734304 169701728
141734560 169693408
141736128 169692128
141734240 169695936
141730464 169696224
141730048 169692160
141736032 169690944
141732832 169693728
141734240 169692416
141739456 169695456
141737472 169696320
141731616 169693920
141732160 169696608
141735872 169690848
141730848 169690880
141731424 169695200
141732864 169693280
141737312 169693632
141739552 169694912
141736480 169692608
141734784 169693536
141735552 169698880
141736832 169702976
141744064 169698016
141740704 169690848
141740512 169688832
141741472 169689120
141737600 169692512
141742400 169696288
141742720 169699552
141745632 169701696
141745024 169702176
141746240 169699296
141741472 169697472
141738976 169698080
141737664 169694496
141738560 169686016
141735616 169685952
141733120 169686272
141732096 169687328
141729888 169686400
141733824 169689472
141732768 169696448
141727744 169695968
141734880 169693408
141739232 169696864
141732608 169695840
141727616 169686656
141729504 169685280
141735040 169687840
141737312 169686080
141735680 169689664
141738112 169692416
141738496 169690016
141733376 169692768
141733056 169692832
141738720 169691328
141739776 169685152
141738656 169680832
141738880 169684384
141737056 169695136
141735776 169697088
141741120 169692768
141742912 169694368
141741504 169690112
141735840 169684800
141732448 169685120
141734624 169684192
141728832 169684416
141732192 169689280
141732960 169691296
141732032 169689120
141736416 169689984
141740192 169687616
141738528 169686752
141735424 169693760
141735648 169693280
141733440 169686976
141736736 169689024
141735456 169686816
141735200 169686848
141741024 169693056
141739328 169696192
141740192 169692480
141741760 169692896
141738304 169692576
141745312 169697472
141743488 169697440
141740128 169692256
141742080 169689952
141740832 169694720
141739104 169694880
141741920 169691104
141742912 169691200
141738816 169689728
141734368 169685824
141735584 169685408
141740000 169688992
141739616 169683072
141733568 169682112
141736928 169685984
141739936 169686304
141735808 169685888
141733312 169685344
141736736 169684864
141738144 169684096
141735360 169681568
141732960 169678784
141726080 169680288
141725088 169685472
141731072 169690784
141731552 169692672
141735776 169693824
141734208 169691072
141726624 169687616
141726368 169686400
141726784 169690496
141730816 169689152
141734688 169683680
141737216 169682080
141739488 169683680
141736576 169680352
141739424 169685120
141739936 169689024
141737760 169685792
141735360 169688640
141736800 169691648
141735232 169691392
141737696 169685152
141739680 169685536
141735744 169690784
141736416 169692992
141734272 169687104
141730784 169685312
141735328 169687744
141739456 169691040
141736448 169690176
141737472 169693696
141737504 169692512
141742304 169687744
141739296 169688800
141738848 169687232
141742752 169683200
141742400 169680000
141742112 169682656
141742688 169687552
141739616 169684000
141735552 169681376
141739008 169682112
141738752 169687648
141737696 169685120
141734240 169677952
141731456 169682944
141735360 169687296
141738496 169687136
141740960 169685504
141738912 169688352
141737664 169689504
141737856 169687616
141736256 169687840
141738784 169690432
141740096 169688384
141739200 169687904
141740928 169687712
141741696 169691104
141741312 169691328
141739616 169691424
141742496 169691872
141738368 169688608
141739008 169686496
141737440 169688736
141740128 169689504
141742016 169689600
141743072 169690016
141743136 169689920
141738592 169689408
141738048 169687296
141741376 169693216
141746464 169694720
141739392 169687488
141732960 169679616
141732928 169674272
141734016 169677280
141740288 169686880
141742144 169684896
141737152 169684000
141734624 169683776
141729152 169682624
141727040 169678816
141729184 169686400
141736192 169687040
141739936 169683904
141735968 169680544
141732992 169679552
141740544 169682176
141739520 169686016
141738112 169685664
141743808 169684672
141747968 169685312
141747712 169689056
141745440 169690432
141741536 169687424
141738080 169684448
141734336 169684416
141735456 169691392
141736928 169690528
141740832 169693536
141740480 169694176
141741056 169694432
141742496 169689920
141743520 169689376
141740224 169689184
141739872 169692192
141733856 169685952
141731904 169687040
141737888 169694208
141741888 169692576
141738400 169688672
141736032 169684192
141736288 169682176
141739584 169681184
141735584 169684064
141735040 169687104
141732224 169686592
141730880 169679840
141738848 169681792
141738592 169684160
141736192 169683424
141735424 169689376
141738880 169682880
141739520 169682912
141739872 169683744
141744416 169680768
141743936 169680672
141738944 169683648
141730432 169687232
141732576 169691776
141736768 169694272
141733760 169691584
141735648 169684352
141741408 169687520
141745248 169685152
141743072 169684320
141743552 169686816
141737024 169691296
141734656 169693248
141737248 169692352
141738080 169690304
141734528 169689216
141733952 169689440
141737120 169689888
141741760 169693344
141739808 169697376
141737920 169692672
141735872 169692672
141737152 169697408
141742368 169699168
141744384 169698624
141735136 169699488
141733792 169696192
141734016 169689152
141729440 169690432
141727840 169693504
141732992 169698144
141738464 169704128
141741120 169710176
141737632 169704672
141738240 169700576
141738464 169702336
141740544 169704288
141732192 169702496
141729952 169704416
141735232 169701984
141734272 169705056
141738336 169713312
141740288 169714048
141739712 169711360
141737152 169712768
141737760 169712928
141733472 169715200
141735680 169707680
141744224 169709312
141747040 169709920
141740512 169708736
141738848 169712736
141743840 169713024
141743520 169709728
141736064 169712576
141738112 169709920
141741824 169712768
141750624 169721472
141752256 169727168
141743328 169723424
141740032 169717312
141742816 169718496
141739136 169720032
141732384 169717024
141733856 169720256
141744192 169722592
141747552 169721440
141747808 169722048
141742400 169721760
141741728 169718016
141737792 169713472
141735360 169715744
141736576 169718272
141738880 169716768
141740320 169714560
141739968 169709600
141735936 169706240
141733920 169706336
141734144 169706976
141733280 169704352
141731840 169706048
141733728 169713344
141739072 169717440
141740416 169720480
141741728 169716576
141741568 169707360
141733792 169703680
141727680 169700800
141728352 169703424
141733920 169710016
141733248 169711680
141736928 169709120
141741344 169710240
141741312 169709632
141740544 169703552
141739776 169696128
141737024 169704096
141735200 169702624
141734464 169698560
141737184 169702048
141739520 169704544
141745472 169708672
141747072 169705216
141738112 169701344
141733056 169699232
141736032 169699264
141737920 169695008
141736064 169691424
141734880 169697056
141735616 169701952
141736800 169708832
141736800 169715616
141737856 169713696
141739168 169709760
141742080 169709504
141741536 169706112
141739104 169700672
141734720 169704768
141737664 169705184
141742944 169705760
141738720 169707008
141732192 169703488
141726592 169699808
141726048 169700256
141727424 169699072
141731872 169702976
141732832 169709248
141730144 169705280
141727936 169699072
141726048 169702944
141726144 169704160
141731680 169700096
141739392 169704544
141741120 169708864
141740672 169702816
141735936 169700992
141733792 169703968
141736800 169704672
141739072 169708064
141739488 169706880
141733888 169700480
141734848 169702528
141738624 169704352
141741312 169706720
141742336 169708256
141734848 169708416
141730976 169708064
141738176 169700640
141742368 169697152
141742304 169699712
141739744 169701440
141740096 169703232
141736832 169697856
141734240 169697152
141733024 169698560
141733984 169696960
141736928 169703520
141742784 169702016
141736640 169705984
141731616 169710400
141737088 169704224
141738240 169707552
141741152 169706176
141739840 169699552
141738112 169698528
141743104 169703552
141743296 169700352
141738304 169698432
141733664 169702592
141731040 169700640
141732256 169699264
141736576 169701024
141733824 169695680
141729760 169694208
141727392 169691872
141732736 169699296
141739488 169707104
141734400 169707232
141730528 169703168
141734368 169699744
141737088 169697344
141736000 169701856
141735712 169699200
141731584 169693216
141730080 169691520
141732672 169700288
141731776 169704416
141731616 169698944
141734944 169701280
141739904 169705888
141744352 169706368
141740416 169703744
141736288 169700480
141738304 169697152
141737664 169697664
141738624 169698688
141737888 169694112
141737120 169689152
141729056 169689248
141727552 169690144
141734016 169695424
141738912 169697984
141737184 169697184
141731264 169696992
141734144 169697376
141733504 169693344
141733760 169695808
141731264 169702048
141730400 169701568
141729888 169703232
141732352 169704000
141738816 169704672
141737440 169700160
141737248 169698016
141736480 169696512
141734112 169697600
141738080 169699840
141732928 169697152
141730016 169697760
141733344 169698304
141734752 169702720
141737472 169699936
141737632 169697152
141735904 169700320
141734688 169705024
141740128 169706432
141738400 169704128
141735104 169703488
141733856 169703584
141733824 169701504
141734272 169696224
141737472 169699904
141729408 169706048
141727424 169704608
141730688 169701184
141737024 169702944
141739040 169706656
141733856 169703520
141732480 169700704
141740896 169708064
141739808 169705600
141735104 169701152
141740000 169701984
141742688 169711776
141747776 169714592
141745472 169706176
141738432 169698272
141737920 169699776
141737376 169705024
141735136 169703968
