10
125868800 169551232
125870176 169552128
125868384 169550720
125867488 169548320
125867840 169549152
125873984 169559776
125876704 169569664
125875520 169568960
125875136 169564960
125874656 169561728
125872416 169561440
125871776 169558944
125871904 169563552
125881504 169573088
125890176 169577632
125886848 169581792
125883648 169579040
125882656 169575776
125887232 169572992
125885376 169574912
125896064 169586176
125912928 169606112
125919168 169617664
125919808 169621056
125920736 169623680
125927904 169630720
125928192 169637984
125932768 169648320
125932896 169652800
125935776 169659200
125939008 169664832
125935808 169667360
125938432 169662560
125940672 169662624
125947424 169661952
125946592 169664480
125949088 169673952
125951808 169683040
125956576 169687296
125956960 169685792
125957056 169684032
125952032 169685440
125956576 169682272
125959040 169682656
125948608 169683552
125948800 169682752
125952576 169686464
125954272 169683168
125948544 169680384
125942944 169677856
125944576 169682400
125947840 169689696
125955296 169698240
125966880 169704480
125976032 169711296
125980416 169720736
125976288 169718944
125966912 169715712
125968288 169718080
125978016 169724608
125987136 169734368
125990272 169739168
125987648 169731456
125985408 169726464
125989536 169736992
125999008 169743648
126006816 169747264
126010400 169754208
126008928 169754880
126012544 169754272
126015584 169758080
126019232 169759200
126017376 169757632
126017408 169751872
126016960 169754080
126015328 169757696
126011968 169753280
126004352 169743520
125984896 169728576
125969600 169707648
125964960 169699904
125964384 169694752
125962432 169695552
125971136 169713280
125983936 169726016
125989472 169735136
125991104 169741024
126001184 169741600
126009248 169749664
126005856 169752416
126010048 169751328
126013280 169754496
126017216 169753888
126024192 169756896
126019616 169758048
126011584 169758720
126010592 169757728
126011392 169758304
126008064 169759296
126007872 169758688
126008736 169754816
126010528 169751680
126011328 169752672
126013728 169757920
126017088 169762848
126021664 169770912
126027168 169775072
126036160 169786336
126039680 169786496
126039488 169786848
126047552 169797600
126051200 169801824
126052096 169809344
126053408 169809536
126053824 169805504
126052544 169803712
126049536 169799008
126052512 169796384
126048192 169796384
126058464 169804384
126071040 169815136
126076480 169823072
126076064 169825184
126075808 169820256
126078176 169825088
126084160 169825280
126084384 169824256
126083104 169824864
126085408 169820960
126087520 169825088
126092864 169828896
126087072 169825184
126076768 169822400
126078912 169822432
126085120 169821984
126084704 169824672
126085824 169823776
126083136 169821728
126085888 169826080
126090176 169828064
126098560 169839136
126111872 169849056
126107808 169842560
126111360 169845056
126123744 169852032
126129024 169857760
126132832 169861984
126126880 169858496
126118496 169851776
126123328 169847808
126124352 169846560
126123264 169849600
126124608 169851168
126128800 169857440
126132352 169859840
126133312 169858400
126136384 169860992
126142976 169864704
126147392 169865632
126150496 169867648
126143360 169863264
126135040 169854560
126132352 169844288
126131648 169847584
126129184 169845344
126118912 169831584
126105344 169819136
126109728 169817600
126114560 169829376
126115328 169845792
126119168 169844480
126120896 169842144
126115200 169842624
126104576 169840096
126102880 169839808
126101216 169842048
126106560 169843296
126115264 169850560
126124224 169868032
126128992 169878944
126130560 169884224
126132192 169878688
126123168 169865472
126095648 169848832
126082432 169832864
126074752 169828640
126065440 169827392
126068128 169833152
126076992 169837664
126083328 169845536
126108704 169867680
126131680 169893152
126133312 169897920
126139584 169904544
126148416 169916256
126145760 169913504
126136928 169901120
126136448 169898208
126142080 169896992
126142912 169901024
126147872 169911840
126156960 169920544
126166464 169935232
126171712 169942976
126172704 169942048
126170368 169935072
126165696 169925568
126154208 169916512
126136832 169902688
126124960 169884480
126108256 169861728
126088416 169835552
126079904 169821312
126079040 169822976
126081824 169827232
126088704 169832640
126088608 169835648
126098496 169838272
126106208 169846464
126112064 169860576
126122656 169867712
126125312 169871232
126131232 169875136
126137536 169881440
126131552 169874848
126126144 169868160
126121984 169855808
126108736 169838176
126089856 169814144
126076544 169812416
126083136 169814080
126084800 169802016
126079744 169793376
126072992 169791776
126078048 169794816
126080000 169797376
126083360 169798048
126097536 169808352
126103520 169816992
126111360 169826272
126110176 169831648
126110176 169830048
126114592 169831360
126111200 169828736
126104544 169820832
126103200 169815424
126101920 169818144
126100960 169819328
126106560 169823040
126112896 169824416
126112928 169827040
126108864 169825728
126108736 169827520
126114336 169831008
126114848 169834944
126116256 169833632
126120672 169837248
126128256 169840960
126131744 169846272
126136096 169856672
126143552 169865504
126155328 169869632
126156064 169874912
126156384 169879168
126156480 169873984
126148928 169868864
126140896 169865024
126141184 169864992
126144288 169873472
126156832 169877920
126167808 169883264
126171104 169887104
126178624 169890752
126178368 169896576
126181440 169896160
126177376 169894272
126174240 169899424
126185984 169905568
126193984 169911616
126196768 169920288
126192640 169916416
126185312 169899232
126181696 169893120
126174816 169893440
126165952 169893792
126166048 169877632
126150976 169861248
126140192 169851040
126134816 169840416
126131872 169836864
126131680 169833312
126132736 169836736
126140000 169847360
126140960 169850272
126135968 169855712
126139168 169858528
126138176 169852000
126129440 169846560
126124000 169841024
126109184 169818752
126090080 169792544
126076704 169773696
126075680 169771936
126073568 169775680
126074496 169781760
126080608 169786176
126082016 169790560
126079904 169792576
126078592 169792896
126083296 169791936
126089888 169795808
126100928 169810048
126109920 169820256
126116256 169820416
126119584 169829408
126129120 169838368
126126528 169841376
126118816 169840800
126114752 169830784
126110848 169822400
126110400 169822464
126114368 169824864
126114880 169825056
126109440 169819680
126108704 169813952
126110944 169815648
126109024 169819296
126111392 169823968
126118336 169823424
126122144 169831008
126126976 169835680
126129472 169845632
126129280 169853696
126134432 169855168
126138592 169860160
126139776 169864736
126145216 169867424
126143712 169868544
126140416 169860832
126130944 169848512
126128352 169842624
126122272 169839488
126120992 169840512
126131328 169852992
126141024 169863168
126146720 169868448
126151488 169877664
126154688 169885408
126157248 169887648
126173888 169898048
126185792 169908000
126186560 169912352
126190816 169911552
126199584 169921120
126198976 169924320
126191968 169921120
126190368 169918176
126192480 169926656
126192352 169925600
126191936 169921280
126187488 169916416
126183328 169907328
126179392 169899168
126171680 169897984
126171680 169897696
126173408 169891648
126168896 169888448
126162624 169881024
126160672 169869856
126149152 169860128
126145312 169858944
126143552 169862624
126150112 169863296
126151328 169864512
126152800 169869312
126155360 169869984
126150240 169869728
126151424 169870336
126149312 169869568
126149824 169868384
126149568 169865056
126148608 169860704
126147008 169859520
126148512 169860960
126140992 169859520
126140736 169857056
126138496 169851904
126129728 169845696
126130336 169846496
126129920 169846080
126131584 169849376
126136672 169853632
126140608 169859456
126145216 169869152
126154176 169876800
126158208 169886624
126156864 169891072
126166848 169901440
126179136 169908832
126183680 169909952
126187360 169914272
126190912 169919040
126186720 169913600
126170624 169901056
126162784 169896832
126163328 169894176
126162112 169891072
126164800 169890944
126175136 169900000
126182528 169910048
126184096 169917184
126185024 169924160
126191168 169928032
126197248 169924576
126204256 169928192
126198656 169929440
126196288 169921472
126199008 169919008
126198016 169922752
126192480 169922176
126186528 169912160
126175360 169902432
126166944 169896960
126160576 169885120
126155680 169877728
126153280 169878496
126161376 169879168
126163520 169883744
126158656 169888640
126160832 169889216
126166912 169892384
126176640 169907936
126189504 169919232
126197568 169920960
126198368 169922496
126184736 169914560
126174048 169899168
126169824 169891680
126166592 169893184
126168032 169894848
126168064 169895648
126171072 169894752
126169248 169888960
126168352 169882400
126165696 169889824
126163072 169889440
126164224 169893536
126168832 169891936
126168032 169881472
126156864 169875552
126151008 169870784
126148448 169870528
126142304 169869888
126138304 169864032
126139200 169854528
126141152 169850944
126143200 169854560
126144512 169858752
126140160 169863904
126142400 169864096
126149120 169866016
126155584 169878880
126171264 169888416
126180640 169891744
126173376 169893248
126166720 169889472
126169696 169879424
126156768 169870272
126149632 169866016
126151168 169869216
126157600 169873344
126159968 169877120
126160864 169878464
126156320 169871616
126144192 169872288
126145824 169873440
126143328 169864192
126139296 169864128
126143424 169867008
126139008 169861696
126125664 169854656
126113760 169846144
126104704 169834304
126096416 169823456
126091360 169819584
126089440 169827008
126094272 169837632
126100608 169846208
126098336 169847552
126097120 169848672
126107232 169852544
126112736 169852512
126109888 169851264
126102688 169852480
126101088 169853888
126099680 169854112
126099776 169862240
126107904 169873568
126116608 169877024
126119744 169877664
126113632 169878272
126107552 169876576
126109504 169877472
126104192 169875584
126097440 169871008
126092320 169862208
126088832 169854624
126086976 169855456
126089856 169854624
126093568 169851392
126088416 169849600
126082976 169852928
126085408 169852320
126079104 169853760
126078112 169848192
126079872 169844672
126075776 169841120
126072992 169835104
126069696 169836288
126059040 169828000
126051200 169815936
126054336 169810464
126051008 169809536
126057600 169819392
126069472 169830112
126071520 169835648
126071104 169839808
126076288 169842720
126087392 169850592
126096000 169854304
126094144 169853856
126088928 169846720
126085728 169842560
126082464 169841760
126076800 169842496
126075264 169841504
126069760 169839040
126071488 169844704
126077472 169842208
126076480 169842752
126081696 169845696
126092288 169850368
126101472 169860096
126104320 169860384
126102592 169854080
126100704 169851872
126103360 169855136
126101792 169860736
126106912 169863424
126109312 169861920
126110816 169864512
126108800 169867936
126106624 169869376
126107040 169864480
126106336 169861760
126109504 169864928
126110912 169869760
126110720 169875296
126117472 169881856
126126400 169882688
126125056 169876640
126117792 169866432
126109568 169855776
126104896 169850656
126099968 169848672
126093088 169847552
126093280 169843520
126109632 169858496
126118560 169866496
126123584 169869760
126128320 169879968
126129504 169884864
126127904 169882976
126133344 169880768
126140320 169882848
126137088 169881920
126132800 169877344
126135296 169883232
126139168 169890368
126142048 169893376
126145472 169895296
126141696 169892064
126136032 169885664
126132480 169881440
126131776 169880032
126128192 169878560
126126528 169879808
126129696 169882400
126125216 169878016
126127904 169876448
126129760 169875552
126128320 169877088
126132800 169875904
126127744 169872288
126122336 169871712
126117600 169864160
126109856 169863328
126106560 169863488
126109024 169858560
126109376 169860032
126109344 169855776
126105824 169845760
126103104 169840416
126108992 169835392
126110400 169842080
126112064 169854144
126111872 169852672
126112928 169842592
126104896 169841632
126100896 169841120
126101824 169835936
126105376 169829184
126102304 169835744
126093184 169833664
126086272 169833312
126088832 169832928
126087488 169824320
126088288 169822624
126087584 169825696
126092096 169827328
126094944 169826432
126094592 169827872
126099104 169825696
126091808 169816768
126086240 169820128
126082752 169827360
126083456 169828640
126080704 169813920
126064640 169795008
126048064 169776736
126035872 169767616
126024800 169753728
126010368 169742688
126002752 169730400
125999104 169718432
125991968 169717888
125997408 169715584
125994368 169710816
125992160 169711680
125993600 169717120
125988896 169714368
125993344 169721056
126007808 169734368
126009888 169738720
126013024 169737536
126017440 169745024
126025088 169753344
126036864 169752288
126043488 169757408
126041952 169754208
126036832 169754144
126035040 169757280
126033600 169758784
126042400 169753920
126046528 169755008
126054336 169763008
126054912 169775616
126061088 169775488
126060544 169777696
126053792 169776640
126056096 169775296
126058944 169778368
126061472 169780480
126064128 169784096
126069888 169786784
126081152 169797600
126089920 169806368
126090816 169812384
126093376 169812800
126100608 169818048
126111904 169827840
126119840 169840512
126128000 169845216
126132544 169855104
126142112 169864288
126145600 169863072
126145600 169864640
126150016 169871456
126157632 169879616
126161568 169881344
126156832 169879808
126151776 169876768
126150656 169875392
126156448 169879200
126156672 169879776
126156096 169875296
126156096 169873728
126160768 169874112
126165792 169876416
126169984 169882336
126176576 169887680
126183968 169888384
126191872 169890496
126190368 169893536
126186816 169898848
126188576 169896032
126189920 169899360
126191136 169901248
126188896 169900480
126190368 169901792
126194080 169905152
126202944 169905216
126204352 169910208
126202176 169908640
126203520 169909632
126204256 169908416
126206112 169905568
126210848 169906144
126216224 169911424
126215744 169914720
126219264 169917600
126221184 169914752
126217984 169913696
126217536 169913760
126221696 169910912
126221312 169910752
126219008 169908928
126216032 169898464
126214240 169897120
126224160 169910016
126230880 169916256
126237792 169921408
126241472 169924704
126247840 169930208
126249824 169931616
126247232 169928736
126248288 169935232
126252096 169943840
126264448 169951776
126268192 169947648
126265440 169941440
126263776 169938176
126258432 169939328
126262784 169941312
126268800 169943904
126262688 169939392
126264448 169942112
126268576 169949600
126287136 169957408
126296768 169964640
126294304 169973568
126294304 169979136
126295264 169978336
126294176 169975712
126290464 169971584
126279744 169968800
126278208 169964736
126279488 169962272
126276608 169959648
126279872 169963488
126291456 169968832
126289600 169970624
126288640 169969184
126290400 169968800
126294976 169965920
126300768 169977664
126304416 169985856
126307648 169992416
126305152 169992416
126307968 169993856
126309536 169990080
126304480 169991584
126304480 169980800
126298720 169967872
126294080 169970464
126289792 169969312
126292512 169963168
126297984 169965024
126292896 169964480
126284384 169959232
126290176 169963424
126296352 169965312
126289184 169962432
126292864 169964800
126301280 169970624
126309856 169974208
126311776 169977408
126309760 169974144
126310624 169973152
126312704 169979872
126315936 169990336
126325280 169993760
126330464 169997696
126336064 170006528
126333216 170003392
126331424 170003424
126327648 170003392
126326080 170002560
126326208 170003168
126330432 170007552
126333088 170011712
126335872 170017952
126330272 170020000
126331744 170020288
126335008 170021984
126332704 170025632
126330496 170027584
126333600 170032736
126346240 170043264
126350656 170051104
126347744 170055968
126349024 170057120
126347456 170058944
126345312 170050560
126335008 170040416
126324256 170028736
126312064 170021696
126305248 170009536
126301120 170002144
126297184 170002336
126297600 170002560
126302304 170005888
126307584 170009984
126307776 170015712
126309216 170018112
126311936 170026496
126311328 170034912
126314432 170038304
126327552 170050656
126339296 170062624
126338560 170069856
126333568 170064640
126339040 170066784
126345120 170072704
126344160 170073856
126345152 170073280
126348896 170072960
126355488 170081760
126366560 170088448
126371712 170095424
126377856 170093984
126375424 170084000
126367904 170076192
126362688 170078080
126362016 170080800
126363136 170080320
126366080 170082688
126369216 170086784
126369088 170083520
126377824 170090272
126387744 170091232
126388064 170096224
126389760 170100640
126386720 170098528
126373312 170087104
126355456 170067104
126347904 170053632
126348320 170047072
126351360 170046400
126350816 170043520
126352224 170048608
126357792 170057344
126361952 170066016
126368736 170069504
126374592 170070848
126373440 170079360
126376448 170083328
126378144 170085664
126378112 170083616
126383424 170083328
126387424 170088416
126391008 170089632
126397952 170093056
126401056 170099328
126396608 170098912
126402176 170100672
126407392 170111232
126413344 170119552
126412192 170125088
126413344 170131808
126417024 170132640
126421344 170134112
126428160 170136064
126416800 170126016
126402080 170105888
126398304 170092768
126397312 170094816
126395968 170101984
126396992 170102368
126394240 170100512
126394624 170101440
126388448 170096480
126378080 170087328
126377760 170079296
126373184 170069184
126352416 170048352
126330304 170028640
126323872 170023328
126328000 170023872
126337824 170027040
126340896 170037024
126345440 170048448
126355360 170055520
126363200 170062912
126366336 170068576
126373888 170067104
126374528 170068288
126373472 170064512
126366560 170055584
126355808 170051552
126351200 170055200
126360800 170064096
126363776 170061440
126367328 170059808
126369536 170060672
126362784 170057632
126367968 170062592
126377088 170069920
126375136 170072512
126378656 170072736
126384096 170077824
126387968 170080832
126387584 170076992
126385600 170077952
126380832 170076608
126378688 170082400
126381472 170084448
126387040 170085248
126383904 170081792
126380736 170082720
126390080 170085856
126393408 170086976
126390016 170089824
126389216 170087232
126391584 170086112
126393216 170088800
126384704 170087584
126386432 170082816
126393024 170091328
126396992 170098464
126402688 170103744
126408896 170104192
126407136 170107360
126404608 170106720
126403712 170101120
126402592 170095648
126401920 170099136
126401952 170098848
126404416 170094528
126403232 170097856
126406880 170107104
126416544 170115584
126416576 170119360
126415840 170115136
126413344 170110144
126417984 170118528
126423360 170120896
126420864 170119808
126410080 170108736
126393344 170096864
126379808 170085984
126373440 170069344
126364352 170053504
126361344 170052480
126365632 170055872
126364192 170054048
126366912 170056928
126374688 170067776
126377664 170078592
126381984 170088928
126385024 170092096
126395232 170094336
126401728 170099680
126410176 170110112
126417120 170119616
126417120 170125472
126421056 170130688
126431072 170132032
126437088 170137312
126443808 170144832
126451072 170145088
126451456 170145728
126442816 170145824
126434016 170138624
126425184 170126720
126419008 170114720
126419072 170103744
126410880 170102816
126403392 170100800
126404800 170096160
126400160 170092864
126404928 170100256
126411648 170105248
126403552 170100032
126404928 170094912
126406080 170096896
126403392 170095584
126410080 170100000
126412128 170105280
126417088 170108256
126427200 170116256
126430560 170121760
126425664 170117536
126422880 170107136
126421472 170106080
126413344 170102112
126413440 170101792
126415840 170106528
126415264 170107200
126410912 170103648
126410368 170097632
126410272 170093216
126414496 170097504
126421664 170107584
126419520 170108320
126416128 170104896
126411936 170109152
126419072 170110304
126419872 170109248
126418240 170113184
126423680 170113120
126421408 170105408
126416320 170098048
126411712 170096480
126406528 170093376
126401536 170092576
126406976 170097504
126413152 170100800
126417600 170106080
126421984 170110272
126424480 170116512
126427200 170119072
126429888 170114496
126425888 170112640
126430080 170115584
126431104 170112096
126430944 170112512
126434464 170116096
126437120 170125984
126440128 170122816
126444512 170128352
126451552 170138048
126459232 170142880
126464192 170147648
126464480 170149408
126470784 170159584
126477664 170167616
126481120 170178784
126489952 170186976
126497344 170187392
126486016 170185504
126484608 170185472
126493760 170187552
126493984 170185504
126483968 170175648
126471008 170164096
126462528 170150016
126455552 170136736
126453408 170129152
126450080 170127232
126447200 170134368
126455264 170139648
126456064 170138464
126453376 170139680
126459968 170140544
126459936 170143680
126456160 170138560
126453056 170134720
126454144 170134816
126463456 170137248
126471808 170140992
126473632 170143488
126474112 170147072
126477504 170144000
126476096 170140768
126474240 170146336
126475232 170152288
126478048 170156896
126476672 170150912
126471808 170139520
126466528 170133408
126465952 170129440
126464960 170127584
126460768 170121856
126461088 170121024
126458752 170127552
126469568 170130688
126480544 170133440
126481472 170132320
126479744 170130752
126479872 170139520
126480928 170140736
126481664 170131552
126477984 170135296
126480192 170136960
126482432 170134944
126479456 170131168
126482784 170130496
126485056 170134368
126480704 170138592
126487648 170140000
126492704 170140416
126493152 170134592
126498304 170135168
126496608 170137920
126500832 170139808
126503680 170141024
126500736 170135104
126495648 170133792
126501600 170141184
126501120 170142688
126498560 170139488
126498784 170140256
126501504 170139200
126498560 170141760
126496000 170139520
126492416 170135520
126488352 170132864
126493504 170138016
126496416 170140384
126495904 170136224
126493888 170139392
126494400 170139136
126489472 170136608
126482432 170137792
126485184 170133152
126487648 170128928
126487104 170129216
126484960 170134816
126481376 170135680
126477120 170133312
126477664 170130688
126480160 170134944
126474784 170137536
126481408 170142496
126489728 170144352
126491712 170151328
126485024 170153312
126484320 170155968
126479232 170158976
126471520 170153216
126469600 170148384
126469856 170149760
126469248 170147136
126469952 170145664
126468384 170146784
126466656 170144608
126469920 170144768
126471840 170152960
126477824 170156096
126481632 170158144
126481984 170159360
126478048 170159040
126475136 170155520
126472096 170151936
126470880 170147968
126476896 170134496
126473920 170120576
126468800 170117056
126477248 170124064
126484192 170136096
126489824 170138880
126496672 170142432
126495424 170146464
126493408 170154208
126496928 170157440
126500224 170154336
126498656 170154432
126499104 170151936
126497760 170152128
126493728 170148480
126492704 170140320
126497120 170142880
126505856 170150784
126504416 170154240
126505056 170157024
126501632 170149952
126496032 170139904
126486240 170129312
126478112 170123296
126479008 170124288
126483040 170122656
126480800 170122496
126487072 170120320
126496256 170121120
126497408 170126080
126484160 170113728
126468640 170096512
126457344 170076800
126447712 170059168
126438656 170043360
126426880 170034848
126418528 170031136
126420928 170023872
126424544 170015840
126422240 170015872
126422144 170018272
126422304 170017856
126429568 170016768
126434304 170020128
126431840 170016416
126424160 170003744
126420512 169991232
126417728 169990208
126416288 169987712
126419424 169987488
126426144 169996640
126429472 169999136
126436352 170001216
126440256 170001760
126448320 170007904
126454784 170022080
126447776 170013248
126439808 169995744
126437952 169994624
126441728 169997984
126441184 169997760
126438720 169996192
126446464 170002528
126455200 170009440
126459424 170014816
126459392 170017184
126460192 170018528
126453632 170008896
126450240 170001920
126448928 169996672
126444416 169991872
126441888 169985824
126439680 169985664
126436032 169985696
126434944 169982624
126433120 169983520
126429120 169985536
126430304 169983648
126435264 169981024
126438720 169981152
126441696 169981312
126444192 169975456
126442112 169974464
126433632 169970880
126433600 169972640
126443936 169974144
126449184 169975648
126447744 169975520
126451808 169974912
126451904 169980160
126448064 169972960
126445600 169970944
126445344 169972416
126440320 169970048
126438720 169967104
126435904 169972064
126442368 169972512
126451168 169972160
126454880 169976736
126450496 169978336
126452800 169979040
126455584 169984096
126453536 169986016
126452736 169987072
126454528 169982912
126451104 169981824
126453664 169988544
126460896 169997920
126467168 170001408
126470528 170004608
126469536 170003808
126464640 170001120
126465056 170003552
126462112 169996416
126455136 169992256
126452288 169988608
126455968 169989920
126453600 169985568
126452992 169982176
126452608 169981984
126447040 169981184
126451552 169979648
126454240 169980928
126453440 169986976
126450880 169990784
126448992 169986528
126447424 169989792
126450752 169991584
126452416 169989504
126455968 169990848
126457664 169991968
126457024 169986496
126450208 169983776
126448768 169983872
126443968 169982528
126441792 169979552
126448608 169980640
126461696 169986784
126465088 169994752
126465504 170000416
126469536 170001632
126468512 170000288
126471840 170000480
126474912 170003904
126474240 170004832
126478880 170010432
126483200 170010080
126479840 170006816
126477632 170004448
126473472 170003040
126477920 170004512
126488512 170010848
126485024 170008352
126481856 170001600
126483648 169996832
126480928 169998624
126482880 170001184
126481024 170005248
126477184 170005632
126470144 169994976
126467456 169985536
126459136 169976224
126436032 169951296
126417472 169922208
126403456 169908512
126389184 169894432
126380000 169884384
126376384 169879872
126373696 169879872
126373888 169883456
126378592 169882432
126377408 169878144
126370784 169876832
126366592 169876096
126366496 169870816
126367072 169868640
126361408 169865664
126368288 169866176
126368032 169866368
126367488 169873696
126371488 169872000
126377760 169873280
126376256 169870144
126376288 169872416
126384576 169876288
126384160 169880096
126380544 169881792
126373952 169874080
126369120 169869952
126371360 169870848
126378592 169870688
126375552 169865472
126376032 169863680
126376544 169863648
126377472 169864736
126380768 169868480
126379008 169867872
126386496 169874496
126395072 169878624
126397984 169881824
126402304 169887200
126406912 169890336
126407552 169896064
126408032 169894496
126410560 169897984
126410688 169907680
126416896 169908160
126420672 169905824
126417440 169902816
126414432 169900640
126422016 169909440
126422560 169911744
126417728 169905920
126419936 169905248
126423328 169908800
126424224 169906592
126420256 169905216
126427488 169910304
126435776 169913952
126440160 169914496
126439168 169916864
126438176 169913888
126442464 169912192
126450144 169917408
126451488 169918560
126451456 169920512
126456576 169926144
126460864 169932800
126464000 169934560
126468928 169935392
126462144 169935520
126461376 169934752
126465728 169942080
126471392 169945824
126473920 169945760
126471136 169945408
126469632 169951392
126470368 169949632
126474112 169950272
126478880 169954592
126482720 169959808
126488544 169961152
126491264 169958304
126499584 169962592
126495744 169964160
126491904 169966016
126482432 169965376
126467776 169938016
126447232 169909792
126429376 169896608
126416480 169882048
126399616 169855360
126369568 169824160
126327584 169778976
126283040 169727008
126235616 169675552
126192416 169628480
126149024 169580576
126107296 169526208
126070560 169480064
126032672 169439936
125999840 169400640
125967488 169369344
125941216 169333536
125917952 169302560
125883488 169274816
125852000 169247520
125837984 169219968
125819776 169192320
125792480 169164896
125762656 169137056
125745760 169121088
125736704 169105920
125726496 169095008
125721184 169084096
125703296 169067232
125680352 169048064
125661888 169028352
125649536 169009024
125641792 168995776
125626944 168979584
125613056 168960608
125596704 168935552
125573088 168913856
125557184 168894624
125543776 168884064
125530880 168873472
125520992 168863136
125504256 168841024
125486720 168814912
125471264 168795424
125454432 168776864
125441056 168765408
125435456 168759360
125427968 168751936
125416640 168736544
125404192 168729504
125392736 168717728
125377248 168701728
125353248 168678720
125330720 168656192
125315680 168642048
125304256 168632736
125296000 168617344
125284576 168603680
125276608 168608384
125276992 168609952
125272320 168592640
125262752 168588672
125252992 168590464
125245408 168579456
125238400 168572288
125233600 168572928
125229440 168573280
125225120 168565760
125213952 168561888
125210592 168563328
125208896 168566048
125208192 168557600
125203328 168551776
125197600 168549760
125192416 168544096
125189056 168537984
125181440 168533760
125177856 168528800
125170112 168517472
125154752 168488896
125129536 168467456
125118400 168458944
125112512 168453888
125116224 168453376
125119936 168462400
125125792 168460064
125122048 168450816
125110048 168441120
125107072 168424320
125105408 168414144
125099136 168405440
125092992 168401408
125086496 168396352
125081504 168394240
125078144 168391616
125071136 168381216
125060864 168364864
125047552 168349696
125036160 168345472
125029344 168333184
125024960 168325472
125026848 168323136
125030720 168329824
125028160 168329152
125026144 168324960
125021632 168318592
125016064 168314272
125012640 168304768
125002144 168291872
124991008 168283584
124980736 168270368
124968320 168251872
124955680 168238656
124941088 168224960
124924640 168207328
124909280 168188736
124891520 168174272
124875232 168159776
124858624 168141472
124844256 168123136
124827360 168106528
124811072 168090048
124796800 168068544
124774720 168044512
124760512 168028896
124747808 168017760
124739200 168008000
124731456 167997376
124715584 167982464
124696544 167960288
124663776 167928960
124626784 167885024
124584640 167828672
124525920 167768864
124471008 167712640
124427360 167664544
124389440 167620448
124360832 167582176
124336608 167562176
124321504 167543712
124304224 167518112
124288064 167498208
124271648 167481600
124258816 167463104
124241440 167443136
124225120 167425120
124204384 167406272
124191680 167383936
124183328 167361440
124166368 167342464
124149248 167327424
124135840 167317792
124122272 167302208
124110912 167287168
124092896 167261920
124068160 167236000
124055488 167218656
124047584 167207840
124042752 167203168
124035648 167198496
124026368 167184640
124019072 167174080
124008352 167167232
124009632 167159488
124009856 167160992
124010208 167162112
124011968 167160224
124009984 167159712
124012704 167157600
124015936 167159296
124021792 167168224
124027104 167182080
124038208 167190080
124042112 167192800
124046976 167199840
124056256 167207520
124065664 167221280
124070656 167230048
124077440 167237856
124086656 167248704
124094112 167254880
124092640 167254688
124096960 167250944
124095776 167248352
124093088 167248288
124086304 167244608
124082976 167243264
124083584 167248384
124091360 167257504
124099456 167267808
124108576 167283904
124115968 167290720
124117056 167292192
124113824 167282240
124104352 167274560
124102400 167271264
124102240 167266464
124109312 167271808
124112192 167279136
124112832 167276384
124108608 167269120
124108288 167275424
124119872 167284448
124133088 167294176
124141472 167309760
124151296 167323168
124158208 167331520
124164480 167335328
124171904 167336800
124179104 167343968
124186656 167348288
124192832 167352384
124192512 167360704
124197696 167365888
124207744 167364064
124208800 167367232
124206368 167368896
124208544 167372672
124214688 167378912
124214752 167385472
124214656 167387040
124218752 167386208
124227744 167397792
124235072 167405984
124241120 167411456
124247840 167422912
124256384 167437376
124262368 167446400
124270624 167455648
124282048 167467744
124288832 167475584
124293088 167481312
124301568 167490880
124308832 167502080
124317344 167508256
124327360 167516032
124339936 167527968
124335104 167530144
124325824 167518720
124315488 167501440
124299264 167486848
124293792 167478624
124305408 167488640
124313440 167504512
124325696 167512896
124329664 167519488
124334208 167530016
124340768 167541824
124346272 167546720
124350816 167551104
124352288 167557696
124353952 167557600
124353632 167554720
124350144 167543616
124340896 167535488
124336448 167531584
124339488 167533536
124340960 167534016
124338848 167534368
124338624 167535040
124332608 167531360
124338304 167531520
124350208 167545696
124355904 167557984
124363904 167562112
124361536 167560928
124362272 167558880
124364672 167561536
124370400 167567584
124374016 167572224
124379328 167573152
124385248 167573984
124386496 167571104
124380896 167570720
124377568 167567680
124376288 167564000
124378272 167566624
124378976 167567840
124373088 167568800
124373120 167567744
124374624 167564576
124374176 167565888
124371968 167567712
124371040 167570304
124376128 167574496
124383136 167576288
124388320 167587904
124400544 167596512
124410176 167601824
124411104 167608480
124408320 167608064
124412320 167608448
124409696 167606176
124412192 167602080
124416608 167600576
124414688 167603136
124418656 167607936
124417280 167611808
124410400 167608704
124404224 167603360
124402368 167595936
124402208 167594720
124409632 167602496
124419456 167610016
124420320 167621568
124426304 167629632
124440768 167638688
124451072 167650464
124454112 167652064
124458496 167654368
124459456 167659264
124462016 167666272
124462720 167669728
124465280 167670848
124463840 167667168
124462560 167664320
124454432 167657792
124445952 167649568
124441856 167641920
124439040 167636672
124437984 167634912
124442016 167639616
124443744 167637920
124443808 167636544
124444032 167638944
124452704 167639584
124463072 167650944
124472160 167658592
124475680 167665344
124479136 167668864
124485856 167671008
124494912 167675264
124502368 167681344
124496384 167675968
124482624 167664992
124474176 167651360
124469056 167642880
124469472 167637312
124484384 167640992
124492544 167651744
124501984 167664320
124516000 167673216
124521760 167684800
124526208 167689344
124530848 167687456
124535104 167691840
124537696 167699456
124538112 167697856
124538656 167696224
124543488 167702080
124546880 167699424
124527232 167684064
124513120 167672768
124512608 167663904
124515072 167664128
124517312 167673024
124519872 167675808
124527040 167677152
124525920 167676800
124523104 167681152
124526400 167686240
124532704 167691072
124537920 167697664
124537408 167697632
124537280 167702432
124540320 167709280
124541664 167708640
124545120 167707360
124550720 167712000
124557216 167717888
124556480 167723520
124561664 167726336
124561728 167725568
124566240 167731936
124567104 167734272
124568288 167733312
124574112 167733024
124578848 167736960
124578496 167738112
124580128 167740192
124585888 167747488
124597184 167761408
124603456 167773792
124605568 167778304
124602432 167778368
124596480 167768992
124592576 167769664
124598432 167780928
124610752 167794784
124615648 167797504
124607360 167789472
124599712 167780160
124588416 167769536
124576384 167757504
124566432 167754368
124566656 167759392
124570880 167771168
124575136 167781984
124591712 167791776
124607200 167803968
124606368 167805376
124605696 167815328
124618848 167824832
124620992 167832352
124618464 167836320
124619264 167840576
124626080 167843072
124628960 167850592
124634944 167859488
124642752 167865696
124645504 167873568
124647040 167875968
124649312 167874464
124651296 167872064
124654304 167880160
124648576 167878240
124642848 167873472
124642656 167868960
124641568 167868704
124639680 167869280
124637728 167869504
124638368 167872864
124640480 167874080
124641920 167868896
124639040 167872896
124640384 167881824
124645952 167886272
124654848 167893472
124656960 167891200
124658624 167893184
124656896 167892928
124652224 167889920
124648256 167891456
124647136 167883936
124648640 167881184
124648960 167888096
124653344 167889728
124660032 167893664
124659328 167899584
124658112 167900512
124658816 167900384
124664128 167902432
124668288 167901536
124670976 167905024
124676256 167910912
124676288 167914528
124673888 167912096
124675328 167911136
124680544 167915904
124690784 167915776
124693728 167918208
124691712 167920992
124696544 167927616
124705280 167933760
124709984 167938624
124707904 167939456
124701920 167942656
124704928 167936576
124704608 167936736
124705792 167939808
124705472 167942880
124709376 167946560
124712960 167951744
124719360 167952928
124716768 167943264
124706400 167939712
124714208 167948448
124720992 167951584
124722816 167958880
124721248 167959232
124717728 167962624
124717952 167968224
124722304 167976448
124725024 167976800
124718496 167970144
124719424 167964576
124722304 167958080
124722720 167959840
124727456 167961440
124727424 167959072
124726112 167955360
124723872 167954752
124721600 167955712
124721792 167957728
124733888 167960224
124738432 167965920
124736288 167967648
124741696 167965088
124739840 167962240
124740032 167967648
124745952 167970496
124746368 167972512
124748928 167973152
124742144 167972864
124743776 167976544
124749152 167981088
124755040 167978784
124755648 167979616
124751616 167982656
124756992 167984736
124765120 167988896
124767296 167996064
124773504 168002400
124779840 168005568
124781696 168008352
124778656 168016384
124779648 168014752
124784256 168014304
124786528 168011872
124785824 168014304
124787520 168018304
124787904 168017696
124786880 168013920
124783232 168007648
124792352 168012576
124800672 168024064
124799488 168023904
124792448 168023936
124797728 168029856
124803168 168030880
124800832 168032064
124794528 168031936
124795872 168033632
124799200 168039008
124801216 168038432
124804864 168038496
124812256 168044416
124817856 168048512
124819264 168055136
124823776 168055200
124818240 168048704
124811328 168045088
124810176 168044960
124809120 168050944
124816832 168052640
124822240 168060896
124823968 168062304
124823424 168063392
124828992 168066880
124827552 168070816
124826528 168072544
124833856 168077984
124837056 168080704
124839104 168079616
124842112 168079616
124840512 168085664
124838112 168093024
124840128 168098080
124839648 168101856
124838848 168100000
124841536 168096192
124845472 168097632
124835776 168096288
124831456 168096576
124831424 168093760
124834592 168093408
124842592 168097664
124846432 168101696
124846336 168107520
124847872 168104000
124842816 168100736
124844640 168103872
124853696 168110912
124857984 168118848
124861120 168117792
124864640 168117312
124864960 168120000
124866592 168117728
124864160 168120384
124865088 168118368
124862624 168121376
124865504 168123968
124867872 168126528
124870624 168132992
124869376 168136160
124866976 168131808
124872576 168129056
124873024 168130464
124873408 168131104
124877920 168141216
124876160 168145280
124879136 168149088
124882304 168153600
124877376 168148032
124880704 168138976
124888736 168142272
124886880 168150112
124883648 168149888
124887616 168152800
124889536 168160128
124887072 168161216
124889664 168153216
124890144 168154944
124892352 168160704
124895616 168161248
124899648 168165472
124901440 168169184
124901600 168171328
124907552 168177856
124911712 168183744
124914688 168187136
124922336 168189024
124924032 168188416
124920320 168188608
124915296 168188864
124919136 168187456
124925216 168183296
124918720 168182304
124913152 168182720
124912832 168183776
124916000 168179520
124911168 168170944
124908960 168177632
124916064 168177472
124924000 168177792
124925024 168186752
124934368 168188864
124935200 168185408
124938656 168188416
124947680 168188736
124952032 168188896
124944064 168186400
124943776 168184800
124949952 168183360
124955520 168180480
124954944 168184480
124953376 168190784
124956704 168187872
124958336 168190080
124958432 168185600
124957632 168184320
124961760 168187840
124962336 168185824
124958944 168181280
124964832 168175904
124973664 168162592
124980064 168157504
124979168 168153472
124981920 168149184
124986720 168128160
124989888 168102368
124997568 168068608
125005600 167966720
125012704 167847680
125013088 167770432
125019488 167732000
125025632 167721216
125027328 167724480
125028672 167726368
125035584 167719424
125042912 167708224
125048320 167709664
125057408 167718592
125065216 167729952
125072000 167731040
125080704 167731296
125090752 167731264
125098816 167729216
125103488 167732352
125109984 167735968
125116672 167730944
125114752 167711072
125122912 167697952
125131424 167697952
125134016 167700896
125133280 167693056
125138144 167689728
125140800 167691264
125143008 167689984
125144320 167685024
125146720 167677152
125144544 167662432
125138240 167651680
125139264 167648640
125145632 167650784
125152608 167658432
125165120 167671008
125176512 167687008
125186528 167694336
125188480 167698464
125188192 167695648
125191584 167700224
125199744 167707616
125207136 167711712
125213024 167721568
125214080 167724768
125225248 167735712
125232064 167748064
125233632 167749600
125243968 167755296
125253472 167764384
125257920 167765952
125259840 167775328
125264960 167783648
125275648 167794304
125281664 167801728
125284512 167800256
125285600 167795776
125288032 167795552
125290912 167798816
125290272 167804256
125297312 167816832
125307488 167824448
125306400 167826304
125306560 167819584
125305440 167811296
125308128 167811136
125302112 167809280
125298144 167809984
125299552 167830368
125301920 167848992
125305984 167863552
125304320 167874144
125299552 167885632
125298080 167895776
125312192 167912128
125318432 167925440
125319360 167938272
125328064 167986592
125331456 168094592
125343328 168161440
125346336 168188512
125348672 168205472
125359136 168208640
125359008 168202688
125353696 168200864
125347456 168202944
125345216 168200672
125354304 168201440
125356416 168204096
125359232 168204864
125357344 168211200
125359680 168211936
125363968 168211072
125369728 168212224
125372000 168207712
125375904 168204000
125379456 168203136
125377792 168200576
125375392 168196448
125379936 168196992
125384480 168201696
125387392 168209696
125389632 168211936
125392992 168227776
125398336 168246656
125403168 168251648
125399200 168250528
125391776 168241504
125386112 168233184
125392288 168238528
125403232 168269344
125405728 168418688
125408160 168576128
125411616 168646688
125413984 168677216
125420480 168689856
125421792 168699968
125411200 168699104
125410304 168698432
125412192 168700320
125417440 168703200
125415360 168705664
125407680 168696320
125406112 168691968
125403904 168695488
125397952 168692192
125383456 168678880
125372352 168669952
125365568 168667264
125355040 168659008
125349408 168657952
125342528 168661440
125342624 168662496
125354368 168671264
125365184 168682912
125370304 168691200
125374880 168704352
125392736 168717440
125399648 168726752
125404736 168730624
125408960 168731360
125398400 168720992
125392960 168723584
125400896 168730368
125405952 168737120
125407168 168742784
125412416 168745760
125410080 168754976
125408320 168760192
125413856 168763840
125426112 168770656
125432096 168775424
125434752 168785792
125446816 168796640
125451904 168799296
125445344 168792096
125428032 168777632
125415872 168760960
125407328 168764256
125408864 168772064
125421216 168782368
125435776 168797504
125448288 168810080
125458912 168824320
125467392 168833920
125474976 168840672
125477248 168848384
125484000 168852512
125491136 168858752
125486016 168863136
125484992 168857984
125483136 168857152
125484160 168860256
125483072 168854848
125490688 168860960
125499936 168874112
125510176 168884128
125514752 168891072
125518304 168899840
125519136 168897472
125522016 168902368
125527296 168906176
125528704 168904416
125523680 168898784
125509536 168890304
125497184 168876800
125487552 168864352
125486720 168859168
125484448 168858272
125490816 168868384
125496064 168879168
125505248 168891488
125520576 168904832
125532128 168918240
125538016 168927392
125549216 168936512
125551904 168934336
125532288 168919808
125513536 168910016
125506880 168902816
125510688 168898144
125509056 168900224
125506304 168895456
125505696 168895840
125512160 168906272
125519072 168917024
125524096 168918112
125521440 168912480
125514752 168907808
125517632 168909824
125528672 168915264
125527872 168919200
125520960 168917536
125525504 168920544
125534592 168926368
125540896 168928384
125551488 168940000
125556480 168947712
125548448 168941472
125550624 168936480
125556544 168943328
125556960 168946464
125547296 168944288
125539008 168936032
125542752 168933344
125549376 168928320
125548928 168924800
125551712 168928000
125559904 168938560
125572576 168952864
125579968 168961216
125581472 168975456
125590112 168980768
125592032 168976448
125590176 168970976
125583232 168959392
125576128 168952416
125569280 168948256
125574848 168950656
125579584 168960768
125584160 168959456
125584576 168960032
125588960 168968032
125592000 168968928
125593888 168969408
125598144 168975008
125601184 168975520
125597248 168967392
125597024 168968256
125597600 168969280
125598528 168976096
125599520 168981824
125604576 168980640
125612608 168982656
125610272 168988544
125605728 168987552
125614944 168985568
125616928 168984640
125614272 168993632
125619488 168999904
125626752 168999808
125630464 169005088
125628416 169007936
125633152 169006976
125631680 169010880
125639104 169017920
125640096 169012480
125637760 169011840
125638912 169011488
125639488 169012480
125639072 169020384
125633568 169020928
125632672 169014560
125626592 169000992
125614016 168985504
125617792 168987008
125622400 169002912
125624576 169011296
125627008 169007264
125630560 169004512
125632384 169008832
125637728 169018720
125646112 169023744
125648224 169018656
125644192 169018240
125646336 169025248
125648192 169028480
125648384 169027232
125651936 169022656
125655008 169018624
125650240 169021088
125651456 169027648
125655968 169026880
125655168 169020224
125652608 169024544
125655424 169027360
125656992 169028864
125661824 169035968
125664544 169040480
125668928 169041568
125669184 169035584
125662336 169032384
125655520 169032768
125659520 169023968
125661216 169021920
125659904 169021376
125662176 169017600
125669056 169025696
125668224 169024128
125666240 169020640
125663872 169022176
125664800 169023072
125669856 169025920
125665440 169024320
125662880 169016992
125667968 169029152
125682848 169046944
125696896 169057024
125706336 169066944
125708928 169069248
125717536 169073952
125725312 169083136
125723392 169088512
125719104 169087392
125721984 169086048
125712032 169083456
125714144 169087072
125718624 169088480
125715040 169088224
125722112 169094784
125735104 169103264
125741120 169114240
125745760 169118624
125754592 169116544
125748480 169113024
125743584 169108768
125735616 169103968
125734912 169103168
125739552 169107040
125732640 169097952
125714784 169083072
125701248 169062336
125695776 169048160
125695936 169050912
125692992 169048896
125686848 169044864
125688896 169046016
125701248 169061184
125710592 169076384
125713088 169076320
125706816 169066912
125711648 169067776
125718816 169068672
125717984 169076640
125719712 169087392
125728480 169090272
125736160 169091072
125742048 169097920
125742944 169098816
125747808 169108288
125764288 169116256
125772736 169121600
125773504 169126944
125778240 169137120
125772480 169132448
125762368 169122688
125755008 169110048
125747776 169095552
125739072 169087232
125731104 169078688
125729760 169077056
125735040 169084864
125738144 169083840
125738592 169079616
125743936 169077216
125742720 169074784
125741952 169076096
125744448 169073856
125747648 169078848
125744896 169089984
125750304 169095744
125758080 169097184
125760960 169106400
125763200 169110624
125769664 169109536
125775808 169110816
125775616 169116000
125772544 169115776
125767776 169112256
125768896 169107968
125771648 169110080
125775904 169113728
125774560 169104000
125771104 169098496
125763936 169093920
125763680 169090880
125771488 169097184
125777472 169105792
125776704 169107840
125776768 169101280
125775552 169088896
125771776 169078944
125764768 169076288
125773280 169077280
125772928 169079008
125767680 169078304
125764288 169077952
125760064 169077728
125760832 169071200
125756224 169067040
125752768 169059328
125755392 169052000
125746240 169045600
125737920 169039776
125735584 169031712
125734016 169005728
125746976 168990592
125747744 168991520
125738112 168985536
125717824 168967104
125696736 168938624
125682112 168913568
125671680 168906208
125670688 168909760
125672960 168917728
125686688 168933344
125689920 168945536
125688256 168951072
125691872 168954592
125697984 168958816
125696864 168959872
125695296 168962496
125694720 168966656
125699264 168963744
125698368 168960064
125684832 168958560
125691776 168962048
125697856 168975808
125715584 168993088
125734016 169011008
125743552 169028992
125751712 169036672
125756576 169036064
125756576 169032192
125753280 169030208
125744448 169027296
125733280 169019360
125722496 169004256
125713216 168992800
125707840 168974816
125707424 168978560
125714752 168983776
125719648 168985344
125723008 168995712
125723904 169002016
125732896 169002592
125749184 169012544
125746336 169017408
125744512 169015616
125743904 169015456
125738880 169014624
125728320 168993408
125716992 168971424
125710048 168964288
125704128 168965472
125707136 168973344
125726816 168989376
125739616 169007808
125747264 169016480
125748640 169016864
125757280 169022432
125764192 169018688
125761920 169010528
125753984 169002112
125741760 168985600
125731776 168977248
125732032 168964992
125730528 168939072
125721920 168921792
125722688 168900480
125722304 168845216
125717632 168779520
125720000 168735936
125727936 168672768
125729632 168610432
125735264 168584000
125738496 168579392
125746048 168585216
125753600 168587680
125753760 168591200
125746272 168596672
125750944 168604256
125750624 168604768
125741184 168599360
125736416 168598848
125726816 168599904
125718976 168601536
125712256 168610144
125713344 168613536
125705344 168618624
125707712 168626208
125710112 168628928
125714688 168642560
125718240 168651904
125716704 168655424
125713568 168660064
125720544 168665376
125731552 168674848
125727616 168678688
125728928 168679424
125743104 168692992
125758016 168716320
125770304 168726432
125762272 168735904
125768864 168745408
125775008 168745312
125771904 168745088
125775040 168752416
125783360 168759520
125785152 168760192
125783808 168756032
125785024 168752160
125787456 168747360
125774080 168738272
125766784 168727328
125765920 168723648
125766976 168726304
125770880 168735424
125772896 168683616
125765632 168534624
125756768 168429152
125762720 168387456
125768640 168378656
125767328 168380064
125773440 168391808
125774176 168405376
125780704 168406528
125783488 168405664
125784448 168408512
125785824 168405728
125784160 168405920
125767168 168393376
125751648 168378944
125736160 168370976
125736640 168375072
125747328 168392448
125753536 168410048
125753728 168420544
125751200 168423936
125764096 168430400
125773408 168444928
125773952 168450720
125771744 168447584
125772352 168453984
125785408 168466528
125792704 168464672
125790560 168467392
125793888 168475904
125801376 168480320
125810944 168485376
125815264 168490240
125808992 168479424
125795008 168466656
125784480 168449792
125776256 168440032
125771648 168431072
125776000 168429824
125781600 168431904
125785056 168434304
125787744 168428416
125793248 168427328
125805312 168431232
125806272 168429600
125802720 168428128
125802144 168417888
125796832 168406752
125796160 168403904
125802752 168401216
125809568 168398784
125813056 168399008
125819200 168407200
125824960 168405312
125819712 168399008
125808992 168385920
125794144 168370688
125778080 168352800
125762304 168332800
125759648 168322528
125760832 168327808
125750592 168326816
125756768 168326208
125760992 168317504
125755552 168317120
125754496 168324256
125748544 168318944
125738144 168303808
125727360 168296096
125730336 168298432
125740960 168304384
125744064 168308480
125743584 168309952
125749984 168314752
125774976 168339296
125794496 168361824
125802208 168369760
125811776 168382656
125815104 168389152
125815168 168384992
125816000 168374176
125820992 168369856
125821280 168369920
125813696 168363200
125804512 168349536
125795520 168341280
125796640 168340512
125792896 168335904
125792160 168328928
125801152 168339392
125812480 168352256
125828960 168362368
125832416 168367840
125820416 168357440
125813344 168350272
125818752 168357344
125824992 168362592
125840704 168371872
125846752 168379072
125840608 168374816
125833856 168362944
125818560 168350016
125806592 168329856
125795552 168321792
125802080 168321536
125814336 168326464
125818208 168338144
125827296 168340928
125829248 168340960
125826848 168342624
125834336 168350240
125841984 168354528
125845632 168353344
125844512 168356896
125842272 168362304
125843264 168356096
125833632 168341216
125822592 168333984
125822464 168322880
125827040 168327712
125830560 168337056
125846720 168346720
125859296 168359872
125864160 168375712
125864704 168380128
125870368 168384416
125875456 168386432
125879040 168388704
125881760 168383552
125871392 168373824
125854560 168363040
125844768 168354496
125842560 168347488
125839872 168337600
125836768 168335872
125845632 168349696
125860224 168361056
125872448 168369056
125877792 168377504
125878144 168374368
125876160 168375232
125882624 168376704
125890752 168376064
125885408 168376832
125894048 168383456
125902752 168390368
125905376 168393984
125904640 168394496
125905056 168390496
125910560 168387776
125909504 168384768
125894944 168365472
125872832 168351648
125875232 168348704
125876928 168354432
125878688 168354144
125881664 168359456
125886752 168372928
125897856 168381056
125903616 168381152
125909216 168389856
125907968 168390528
125913760 168390784
125912672 168394400
125904896 168393984
125906080 168392032
125907776 168392704
125907136 168390592
125902144 168385184
125895712 168379744
125892928 168378464
125890368 168374592
125885664 168371328
125880992 168365888
125874720 168352512
125867680 168345472
125869376 168342784
125870592 168344096
125870240 168350624
125874944 168348832
125875200 168345536
125875008 168338976
125876448 168335200
125872576 168341792
125869152 168337312
125874464 168337408
125873376 168326464
125864032 168316384
125859584 168313536
125860128 168318720
125876352 168324832
125891168 168337536
125907712 168352256
125919712 168360448
125921184 168369952
125922496 168375360
125928608 168374496
125926240 168370176
125932736 168377664
125938752 168391232
125946432 168394016
125950240 168393344
125940704 168383776
125928192 168364960
125918816 168360032
125923616 168363072
125930208 168371424
125939904 168381504
125943296 168383584
125944064 168379424
125950688 168385472
125945408 168390208
125931456 168382080
125930208 168380640
125938336 168380192
125940960 168375040
125943584 168377792
125949600 168382368
125949152 168386272
125955648 168391072
125960864 168388640
125953760 168377984
125939936 168357376
125931584 168337728
125933216 168331616
125933440 168323392
125928480 168317760
125929280 168315232
125928288 168308960
125925344 168311040
125942272 168324896
125956160 168337888
125964288 168340512
125968576 168343520
125977920 168347712
125980608 168348480
125983936 168344096
125982880 168333184
125979616 168320480
125976768 168312416
125961440 168294112
125951840 168278400
125947040 168271168
125941120 168265504
125947008 168269984
125957248 168277920
125965568 168283840
125961440 168281376
125953056 168268832
125946880 168259584
125941024 168257728
125928256 168250400
125918016 168240128
125908128 168234368
125905824 168223712
125909152 168219968
125906016 168221472
125906208 168218400
125914368 168228992
125925184 168243136
125932064 168257280
125943968 168269504
125946528 168277088
125945440 168280416
125954464 168280320
125960064 168287968
125962304 168288288
125967424 168281600
125968960 168287264
125967168 168287360
125963008 168279776
125957952 168267808
125950976 168259616
125950016 168259552
125946752 168261216
125951392 168261984
125956032 168260480
125958496 168265568
125967072 168276544
125981152 168292672
125985280 168300608
125980960 168303296
125988384 168307488
125996512 168309920
125999424 168310528
125996480 168311104
125999840 168310720
126001472 168312704
126006272 168320128
126011584 168323808
126014976 168325216
126010400 168323776
126008928 168320448
126000832 168305376
125988000 168290336
125980384 168285888
125985280 168285760
125991552 168296928
125990464 168306368
125994144 168309888
125999296 168310240
126001312 168315136
126007968 168321376
126011296 168325344
126010848 168326752
126009088 168320288
126006848 168322048
126005408 168319520
126006272 168320512
125998816 168318304
125979776 168298880
125970720 168285664
125974304 168280704
125978784 168282784
125981280 168291264
125983104 168289440
125982496 168291680
125982272 168292160
125992448 168294592
125991680 168294528
125987520 168298304
125994048 168303840
125988064 168291872
125975648 168274208
125959424 168256512
125950208 168249632
125954432 168246944
125961600 168252960
125967392 168262848
125971072 168264096
125961664 168249216
125955744 168237536
125954240 168236480
125956032 168243520
125956352 168250240
125962880 168250848
125962080 168243488
125959680 168239840
125948480 168237408
125944192 168228512
125943008 168223936
125945472 168224992
125945152 168230048
125944512 168230400
125949376 168234624
125951616 168228448
125946624 168225184
125942624 168226912
125953760 168232736
125963424 168249632
125973120 168267072
125980928 168274304
125982528 168278880
125985824 168276064
125978656 168266976
125975616 168268448
125983776 168281056
125986752 168290816
125998944 168297056
126008640 168299360
126014208 168301184
126010272 168297888
126015392 168300480
126007872 168293600
125994880 168284416
125995296 168282240
125995776 168288352
125995968 168293472
126002848 168297664
126015232 168307456
126019968 168315168
126026112 168319904
126031168 168322816
126041792 168335488
126056000 168348960
126061696 168351456
126055008 168346048
126049504 168350144
126053280 168351776
126062688 168357632
126067616 168357760
126067072 168359136
126064096 168356128
126059520 168345120
126055040 168336416
126055296 168336256
126058752 168340608
126059680 168343040
126069120 168346944
126078592 168361664
126082496 168363424
126077920 168360640
126077984 168356832
126078816 168355296
126077920 168357024
126070112 168349984
126054272 168333696
126038880 168318688
126033504 168312384
126041664 168310656
126045024 168316960
126048928 168323232
126054496 168329632
126061024 168334752
126060672 168338496
126065824 168342656
126067104 168337600
126058752 168332096
126048576 168323648
126044224 168315264
126027040 168299328
126006880 168282976
126009280 168281408
126017728 168280832
126020224 168276800
126024960 168277056
126024608 168269632
126014656 168259616
126016608 168249344
126025184 168255008
126036832 168258752
126043808 168266816
126045824 168273216
126047712 168269728
126034112 168254432
126033056 168256704
126039584 168271040
126047968 168281632
126057280 168283552
126060672 168282784
126054496 168273728
126044544 168261376
126031648 168248288
126018432 168228832
126003328 168212160
126000352 168214368
126012992 168226720
126021568 168243328
126029920 168253120
126033248 168256864
126043424 168259168
126045792 168262624
126046144 168268544
126046976 168268352
126035744 168248000
126017984 168224576
126012928 168212736
126013056 168209472
126019744 168210208
126019296 168207552
126015680 168199648
126014496 168197376
126021824 168205472
126031264 168209088
126036128 168209760
126038144 168209184
126048544 168213024
126044800 168208960
126031456 168190048
126019584 168145216
126012128 168060832
126013920 168022272
126029376 168024352
126044384 168038080
126048544 168042912
126054240 168045344
126058336 168047168
126056544 168040416
126044896 168026176
126028992 168012192
126025024 168008224
126029024 168011104
126038944 168012384
126045440 168015808
126042048 168021632
126038400 168019136
126045536 168021440
126050080 168024736
126046848 168020480
126040384 168014656
126026272 168003424
126009216 167990304
126007488 167982464
126008064 167986560
126015616 168004768
126027680 168012352
126037664 168014720
126043296 168021504
126048672 168028192
126049952 168031712
126051808 168029248
126050944 168025216
126043456 168018496
126031296 168014656
126030112 168016288
126037952 168025568
126047072 168034336
126039936 168020352
126020928 167990400
126003296 167968384
125995712 167958144
125996768 167955776
125997984 167957248
126002432 167956128
126003008 167948896
126003392 167951712
126004704 167956032
126005536 167956480
126007968 167954016
126003776 167946784
125988288 167940160
125988352 167932672
125984032 167923232
125988288 167921792
125986912 167921888
125990368 167932736
125998272 167939168
126007680 167948576
126016832 167958016
126026336 167965600
126032928 167970944
126029760 167970528
126024960 167966624
126027904 167963488
126030880 167962272
126031200 167967616
126029344 167967328
126022752 167958112
126018464 167955296
126007392 167948032
126003200 167931744
126001920 167922816
125999552 167914304
125987840 167900352
125985056 167891456
125986016 167890560
125989376 167899776
125990944 167905408
125990688 167903392
125988800 167901536
125992416 167902304
125993952 167905888
125996224 167918752
126004192 167919200
126008768 167927392
126019136 167940896
126025664 167934560
126029056 167916192
126029216 167915808
126032000 167921440
126036384 167925120
126034848 167920512
126026368 167912128
126020000 167910144
126018272 167918880
126019936 167921632
126021728 167924960
126029248 167933184
126036352 167942880
126049696 167953152
126052480 167955744
126049120 167949920
126037792 167930432
126020096 167910304
126005952 167898080
125995008 167886336
125988896 167874624
125993440 167874464
125993984 167874240
125994624 167874784
125992128 167869120
125997536 167874272
126000192 167883744
126001952 167879872
126004704 167874784
125995552 167866240
125987840 167861024
125988480 167859744
126002176 167861600
126004512 167867840
126004256 167874720
126001728 167870176
125994528 167862592
125993664 167858176
125988448 167856576
125978880 167853728
125974944 167848768
125972896 167851360
125977696 167851584
125981696 167844160
125979808 167835648
125978944 167829728
125972768 167824544
125967936 167827488
125962496 167823136
125958688 167813152
125959264 167807136
125960800 167804864
125955392 167799776
125953408 167798944
125960352 167808192
125969056 167816000
125972896 167819264
125979104 167814880
125974208 167806784
125980032 167805216
125994400 167811264
125998304 167818752
125999392 167812064
126001600 167810208
125991680 167796352
125986560 167789856
125988576 167795488
126000640 167805440
126011040 167816960
126020640 167822016
126022240 167825888
126024352 167813568
126021632 167772768
126020672 167730688
126017376 167705152
126009600 167694176
126002752 167677120
125992800 167657760
125982592 167640448
125976640 167631616
125980000 167634688
125977120 167635840
125979456 167633696
125978368 167631776
125975744 167630464
125964256 167618816
125968128 167616320
125980128 167621440
125986656 167624096
125987296 167623264
125987968 167625024
125985824 167626560
125988576 167624096
125991392 167617984
125994560 167615904
125987232 167611808
125982624 167608128
125989664 167616640
126002144 167626368
126006624 167635232
126005984 167636800
126007456 167632832
126008512 167633504
126014464 167644512
126025760 167653376
126031520 167658688
126046048 167665216
126054496 167678336
126060256 167685696
126059104 167684512
126066592 167679360
126073728 167678528
126075360 167675936
126086464 167668896
126089664 167650048
126086112 167633696
126080960 167623040
126070304 167606816
126065824 167586656
126064768 167569632
126069888 167569024
126078240 167569696
126072672 167564416
126061504 167554816
126052224 167544480
126053344 167545760
126052000 167550304
126045120 167541184
126044192 167529152
126045600 167522176
126052416 167529568
126061120 167534464
126069280 167541280
126074624 167545984
126080832 167545920
126079040 167534656
126077632 167521888
126080736 167510752
126081216 167506336
126081280 167503488
126073152 167492224
126060832 167475200
126051136 167465248
126043712 167456672
126043168 167452992
126047648 167463424
126058944 167471424
126061952 167481216
126068832 167488992
126081568 167495744
126086016 167497984
126084480 167494464
126076672 167480928
126076960 167478112
126077600 167482176
126075744 167484320
126073568 167483296
126070720 167481152
126067808 167476864
126061824 167466080
126056832 167455648
126049824 167455904
126045504 167457376
126055040 167463520
126060736 167469024
126060704 167475648
126063488 167485536
126069088 167487712
126072640 167485920
126070144 167484128
126066304 167473504
126060416 167463232
126058464 167457216
126073600 167461248
126076032 167470880
126077760 167482784
126091808 167485888
126101312 167489344
126106432 167487488
126105536 167485888
126097216 167481536
126093632 167474592
126090464 167463584
126080896 167454944
126069472 167445024
126069408 167446816
126075840 167447200
126076736 167458720
126076864 167467232
126086464 167473728
126088768 167473792
126084448 167470880
126085536 167470592
126081664 167473024
126083552 167475328
126091360 167482912
126109984 167495520
126122016 167507104
126125664 167516128
126136480 167524064
126139296 167523104
126142144 167523872
126148416 167533632
126162848 167547872
126174336 167565216
126179904 167576320
126189664 167573952
126187488 167566912
126183968 167561280
126181920 167559904
126182816 167563904
126170368 167550432
126133056 167506208
126113952 167483264
126115488 167492992
126119840 167495712
126115552 167487264
126107840 167474464
126097536 167460576
126092928 167453888
126091008 167453600
126087936 167460000
126094368 167458208
126107136 167463296
126105408 167473504
126111040 167481728
126119808 167480416
126122336 167481792
126120096 167486368
126127904 167487616
126128544 167490144
126123456 167492864
126120544 167491968
126117408 167487776
126112928 167490560
126111776 167486080
126102208 167468448
126092992 167459584
126093312 167459424
126086880 167459808
126091968 167464256
126106080 167474208
126117920 167481152
126123072 167486080
126125984 167492736
126122048 167494944
126120064 167490656
126119520 167487488
126121952 167483776
126123776 167488000
126133088 167494272
126136000 167487904
126121920 167473856
126101952 167458752
126092704 167456288
126095392 167455424
126104288 167458432
126115296 167466976
126127296 167478048
126133408 167491968
126140000 167501024
126140960 167506144
126134816 167505344
126140320 167505952
126148448 167509728
126150112 167509760
126154752 167515040
126161056 167512672
126151456 167509696
126147648 167504128
126139008 167492000
126129088 167478208
126119264 167467840
126116640 167467616
126128768 167480736
126136608 167490784
126141280 167491328
126148512 167497248
126160608 167509024
126170304 167515904
126167616 167521504
126171136 167522688
126173664 167523232
126172768 167519040
126168864 167512384
126162560 167512128
126159008 167506144
126152544 167495232
126142976 167487744
126140864 167481088
126133280 167469600
126122112 167458912
126114496 167459200
126117952 167461952
126118880 167454848
126109888 167453120
126107744 167456096
126116416 167466304
126126112 167478304
126133440 167475680
126134912 167472992
126128448 167470880
126134656 167478944
126147072 167489952
126162464 167501472
126168192 167506016
126173344 167511808
126184992 167525792
126191904 167536320
126190048 167544512
126192384 167542496
126198016 167540512
126203200 167543328
126202656 167544128
126206976 167545568
126214304 167546336
126217408 167546656
126221792 167549504
126227520 167554368
126223040 167551648
126221024 167541376
126215296 167539200
126219840 167549440
126221024 167550272
126214304 167540480
126210560 167536160
126209248 167534016
126207488 167522528
126200352 167507136
126190816 167501312
126179680 167498560
126177056 167502368
126187008 167517152
126200576 167525792
126200032 167528352
126200512 167535008
126205696 167542208
126212736 167549088
126222400 167549952
126227456 167556640
126225952 167563232
126225472 167567232
126219136 167573504
126213952 167573440
126199136 167551648
126177184 167517856
126170464 167521376
126185312 167547488
126205760 167566976
126218496 167583488
126226368 167594944
126231552 167597600
126226688 167600864
126236480 167614080
126243872 167625888
126245696 167632928
126250464 167628608
126241248 167619488
126229984 167609248
126223232 167608864
126225280 167620608
126231264 167683264
126240736 167765760
126250528 167810816
126257600 167824320
126262400 167826240
126261536 167838176
126259296 167848512
126256800 167846560
126246624 167840384
126242496 167833888
126247968 167839840
126260576 167858912
126275584 167870336
126291776 167885216
126304864 167901440
126321280 167913280
126339616 167935392
126350784 167953280
126354976 167966688
126350048 167957824
126358560 167956032
126370528 167969344
126378688 167983648
126389056 167989568
126390880 167996608
126392416 168002048
126399744 168000448
126405408 168008704
126406560 168012320
126396800 167999104
126377408 167978720
126359968 167953888
126346592 167930208
126340256 167921216
126344928 167915168
126346304 167914656
126345856 167926976
126357184 167935680
126363136 167937824
126362816 167941152
126367488 167946496
126380480 167953984
126383776 167958976
126379328 167953952
126379872 167950304
126384000 167953824
126389728 167954944
126398560 167970240
126406144 167986592
126415360 167989440
126419008 167990336
126419072 167992704
126408288 167983712
126399680 167976224
126400032 167973312
126409728 167978176
126414336 167982624
126414272 167980288
126413344 167979424
126416928 167985312
126417824 167994336
126424672 167996800
126425152 167992672
126417632 167976096
126400448 167960256
126384480 167945056
126374880 167928000
126363552 167913120
126352576 167902400
126346144 167890336
126336512 167878080
126332960 167871040
126337056 167868832
126344768 167880512
126352384 167900352
126372096 167915296
126374880 167921760
126371168 167919584
126372000 167917920
126371104 167927008
126378688 167928832
126382912 167930400
126385504 167934592
126387680 167931552
126388800 167920992
126378976 167909408
126363168 167900256
126355584 167888768
126346336 167878464
126343424 167873312
126349856 167875584
126350560 167882592
126353024 167888032
126355776 167892768
126356480 167895232
126361088 167902080
126364960 167902624
126358112 167903200
126355136 167893984
126353024 167886464
126348800 167886240
126349632 167884736
126358560 167891232
126367520 167907648
126377152 167918784
126386816 167930848
126398016 167940800
126397344 167936224
126386048 167923456
126368736 167906176
126351968 167900032
126352128 167892800
126362624 167889632
126370368 167896800
126377376 167910624
126392768 167926496
126402208 167937536
126402400 167934592
126403808 167925024
126404544 167927104
126401312 167931680
126399872 167935904
126407712 167942464
126415072 167943104
126421888 167955040
126426720 167967296
126431296 167969216
126430144 167961216
126416480 167948384
126403200 167934784
126397696 167919072
126389824 167913120
126388032 167913184
126383680 167919104
126380736 167921824
126391520 167928736
126400192 167934432
126407456 167931872
126412032 167942624
126419552 167954496
126432032 167962848
126428736 167955040
126412096 167935200
126404704 167928576
126411424 167933376
126412320 167943008
126421152 167953728
126433024 167963232
126442016 167971360
126454560 167980192
126454176 167983456
126455168 167985280
126453728 167979232
126441504 167962336
126431008 167949376
126424416 167944512
126417152 167937920
126418304 167939008
126429632 167945376
126431264 167948608
126428544 167950272
126428800 167949728
126425696 167943680
126420864 167937152
126426432 167936544
126435456 167941152
126435520 167950816
126439264 167957312
126436224 167957184
126440320 167954112
126442144 167949536
126438400 167948480
126441952 167955168
126450048 167962368
126454496 167965344
126453504 167969664
126459648 167971264
126463968 167970496
126459776 167967904
126459008 167968832
126456512 167968864
126452864 167953280
126435648 167936096
126425600 167936928
126424672 167938432
126429600 167942528
126444832 167951456
126452736 167965120
126465024 167977824
126481696 167983776
126488512 167992416
126499744 168006816
126507008 168018816
126513184 168025824
126510304 168020352
126500800 168009504
126490656 167999200
126487520 167981440
126479616 167971488
126457504 167953440
126443136 167936544
126441824 167932352
126435616 167926400
126426240 167920992
126421888 167915872
126423264 167908576
126431008 167912992
126436896 167920640
126437408 167923840
126447040 167923072
126456544 167925920
126464416 167931072
126465984 167938368
126464960 167945696
126467488 167950944
126469088 167954240
126463104 167944576
126458464 167935168
126452800 167919872
126426720 167894688
126414912 167876512
126414016 167878560
126412992 167883424
126408224 167878784
126409344 167871840
126412960 167866144
126423296 167876704
126426560 167887904
126437600 167894944
126444800 167901792
126454368 167913312
126465056 167922656
126471968 167926624
126476800 167931616
126479136 167935200
126485312 167938624
126494432 167944928
126504608 167957248
126516576 167967840
126521472 167972128
126518848 167970144
126503776 167955808
126490400 167941088
126475648 167923872
126465120 167907680
126459840 167895424
126461248 167887552
126457696 167888416
126448480 167883552
126446144 167883008
126453376 167889632
126457472 167895104
126457248 167904128
126469120 167904768
126479040 167908192
126485984 167919520
126491840 167924672
126497376 167924480
126497312 167923904
126493728 167927040
126496704 167927552
126496128 167929664
126496672 167926624
126500256 167928896
126514400 167942080
126522624 167963488
126534272 167966432
126536896 167963168
126537952 167962688
126531136 167967072
126531648 167968448
126525504 167960224
126522880 167956704
126524800 167966880
126529088 167974432
126532192 167970304
126526432 167968768
126529024 167963776
126536672 167962144
126534272 167965184
126531744 167963232
126530528 167958656
126528544 167962304
126530208 167963264
126528896 167963872
126534368 167967264
126546528 167973632
126552128 167973600
126544352 167969568
126533152 167960800
126528096 167956480
126532736 167966720
126532608 167967168
126536672 167966240
126534176 167968928
126537216 167969920
126538240 167969184
126534752 167957856
126520992 167939232
126511392 167937696
126515392 167940064
126518656 167944768
126522336 167955424
126529088 167963584
126528320 167962528
126521184 167959808
126520416 167956480
126516800 167957664
126518432 167959552
126516576 167957760
126510848 167952352
126499488 167944544
126496512 167944992
126497184 167943424
126491296 167941024
126479840 167935840
126473984 167935840
126463456 167921664
126456512 167916672
126455904 167913376
126453664 167914432
126456512 167919360
126454880 167921120
126453408 167927968
126459808 167936000
126462016 167943168
126469088 167949920
126487936 167967424
126510304 167992608
126521504 168004448
126527808 168012416
126525120 168018592
126525792 168018816
126525056 168022304
126529664 168021888
126532128 168022848
126536512 168026848
126541088 168032160
126539776 168030208
126528704 168014240
126516032 167999072
126512352 167997504
126524320 168010656
126533984 168025504
126541440 168036096
126552512 168044800
126556064 168048096
126557408 168048576
126558816 168052928
126560672 168061024
126564480 168061184
126559488 168053056
126547968 168044000
126539680 168034080
126537088 168028480
126534144 168016608
126529024 168012608
126527424 168016288
126530752 168014240
126533088 168012576
126536224 168014784
126536192 168030016
126547328 168038176
126547712 168028160
126538016 168012672
126534144 168007840
126540032 168011360
126543360 168016704
126550144 168023040
126559392 168034016
126558560 168039200
126558048 168042720
126561856 168032480
126548448 168017312
126532576 168009088
126536000 168000992
126540512 168000000
126540864 168005280
126541408 168010464
126554272 168016000
126559424 168022912
126562272 168028960
126571072 168036032
126575040 168036928
126584992 168033856
126589504 168034976
126589760 168043328
126595104 168051232
126598944 168048000
126589280 168041056
126585440 168032352
126575520 168018976
126561056 168005216
126542208 167988000
126530208 167972480
126521952 167964832
126518880 167960320
126523328 167959904
126525632 167967136
126539776 167978592
126543520 167991232
126555392 168000000
126570464 168002592
126567040 167997120
126558272 167985920
126540192 167968768
126524832 167950848
126514336 167937632
126503680 167930528
126501440 167926912
126500288 167927328
126504576 167927904
126511296 167929632
126523712 167937728
126530688 167943872
126532128 167941824
126539648 167948096
126543072 167952576
126548768 167956352
126548896 167956128
126558016 167964320
126561248 167971648
126557952 167966400
126548672 167953728
126537920 167941184
126529248 167924576
126523648 167917888
126523776 167913600
126523040 167908096
126521600 167917120
126536448 167931584
126541920 167937344
126540896 167934304
126541184 167931584
126535168 167931520
126536800 167933472
126541056 167934080
126545984 167930976
126553408 167933248
126562656 167946784
126564160 167956960
126564256 167954144
126556288 167944064
126553504 167933856
126549248 167930368
126533792 167921792
126524608 167898464
126511328 167886016
126502720 167878912
126494272 167874304
126499072 167879648
126512416 167892192
126523488 167905664
126530400 167910624
126535744 167913568
126534432 167913152
126526752 167910528
126526208 167906752
126517504 167893408
126512448 167885472
126515232 167886336
126523936 167894272
126537792 167905696
126547616 167914368
126552320 167923136
126560000 167929952
126562240 167930496
126562432 167929312
126562560 167930656
126565408 167931104
126562400 167922400
126555584 167916576
126560160 167921920
126561888 167929184
126565248 167936480
126564384 167935776
126561280 167937120
126566912 167948256
126575040 167957984
126578624 167960544
126578592 167960960
126571904 167945088
126556480 167923840
126547136 167919552
126554176 167924096
126551744 167922688
126551328 167925504
126563072 167932576
126562400 167933120
126557280 167925792
126556640 167927168
126560928 167934240
126567584 167940544
126580192 167946848
126583936 167946880
126586784 167951104
126586080 167962944
126592480 167968928
126591552 167957440
126578656 167937984
126563712 167920256
126553728 167909728
126558944 167910240
126563168 167916736
126561088 167917824
126561696 167918528
126568608 167932192
126582720 167952128
126601408 167966688
126608416 167977280
126613824 167983392
126617760 167988000
126622656 167991136
126620896 167989216
126614016 167984352
126609536 167978880
126614304 167983264
126617152 167983840
126616960 167979808
126622144 167978784
126619296 167975712
126613024 167969184
126614976 167973184
126620800 167983744
126630208 167992320
126635328 168002944
126645024 168006624
126645216 168004864
126638752 167995008
126629504 167982592
126607264 167962688
126587456 167937248
126565856 167902912
126544768 167887008
126536928 167883040
126536704 167885888
126544896 167889952
126547104 167895392
126559680 167905536
126580416 167926848
126595264 167949824
126596928 167947456
126591200 167937024
126586080 167935264
126597152 167936352
126601056 167933408
126582144 167918400
126576704 167907488
126580800 167908672
126588736 167919008
126587200 167922144
126586464 167921600
126590144 167923616
126601024 167934880
126604000 167941856
126602496 167943552
126608544 167945024
126612640 167954112
126621664 167964864
126629088 167971104
126624768 167975584
126622496 167973696
126618816 167968704
126615872 167967904
126621376 167976640
126629248 167986496
126633760 167984384
126631264 167976864
126630112 167970272
126632928 167970368
126641152 167975872
126643296 167984736
126649280 167999872
126655904 168008544
126657504 168009696
126659008 168011776
126666240 168015904
126672320 168017760
126666592 168015520
126671008 168017568
126680064 168015840
126671296 168009632
126662880 168009536
126669184 168019808
126678784 168034080
126694944 168046464
126705632 168059264
126714432 168063488
126724768 168068288
126720000 168068416
126708608 168054976
126698144 168036576
126684672 168027008
126683264 168024864
126681760 168026496
126693696 168032096
126705760 168044256
126714624 168050208
126716128 168056576
126720000 168067488
126727552 168073152
126726560 168055712
126707936 168029632
126689248 168011296
126683392 168013760
126687360 168022528
126698400 168025568
126702848 168025920
126697664 168026464
126701824 168031424
126706848 168023936
126694752 168012096
126695456 168015168
126707424 168020768
126716224 168030080
126716864 168038848
126721056 168043968
126731584 168046304
126733632 168042496
126726336 168037504
126721088 168031040
126712576 168022752
126705408 168019968
126702368 168018496
126705632 168019872
126715424 168027136
126723136 168032064
126719840 168039072
126721568 168039040
126721856 168043680
126730656 168053312
126738656 168065472
126746976 168079968
126740160 168082144
126735776 168076064
126725024 168062016
126714912 168052448
126711808 168058336
126720768 168065344
126723552 168065824
126718816 168066624
126719232 168077120
126738752 168089248
126743616 168095584
126750912 168111904
126764704 168128224
126778880 168142176
126796800 168166272
126811264 168181376
126821088 168190016
126826304 168191904
126822112 168187904
126817248 168191968
126821120 168204992
126830880 168221152
126827680 168226016
126817472 168214592
126803392 168200608
126798880 168191264
126800224 168188288
126796992 168188128
126794432 168186336
126811552 168195840
126823040 168210848
126822272 168221824
126825728 168221472
126821504 168219360
126816640 168210368
126818944 168212576
126823040 168222240
126828096 168225312
126820480 168216224
126803776 168205088
126790944 168188736
126778592 168179008
126780288 168183712
126791488 168191968
126792128 168200288
126805024 168207840
126811328 168215040
126815872 168224064
126826240 168230368
126829248 168233792
126831808 168237408
126841056 168243008
126843360 168249984
126845632 168255584
126844160 168247840
126836736 168235968
126824640 168218112
126818528 168210784
126814720 168213536
126820128 168215712
126823168 168218528
126815520 168211968
126816960 168210112
126820224 168212896
126820640 168214400
126825440 168210880
126818880 168207360
126813824 168201760
126824672 168208544
126826912 168215872
126829632 168218336
126835872 168216736
126832512 168221376
126831328 168227008
126837792 168228800
126839520 168225920
126845056 168229760
126847104 168236864
126842432 168234592
126841120 168236512
126842976 168234912
126851040 168237792
126856800 168243104
126860608 168247904
126859040 168252032
126857504 168239840
126848096 168232320
126844960 168226880
126842176 168231456
126846624 168236768
126853088 168235168
126852992 168238624
126851520 168235168
126845856 168228416
126843136 168219520
126826848 168201920
126810880 168185952
126803584 168178816
126800832 168175328
126797920 168165440
126791168 168160256
126789856 168155392
126794496 168160960
126802592 168168096
126799776 168168768
126794112 168162496
126789952 168152608
126784416 168145600
126774880 168136864
126769984 168134592
126774528 168133984
126782080 168135520
126782400 168143200
126781504 168144640
126789568 168144288
126791680 168152832
126797696 168161504
126805632 168165696
126812032 168172320
126820000 168183296
126833600 168193344
126843264 168200768
126842464 168205408
126845568 168207808
126855840 168214016
126856416 168219360
126859040 168228704
126860224 168234656
126858592 168234848
126867936 168237696
126870592 168236896
126864896 168231616
126864192 168231168
126862592 168229664
126855392 168228288
126851776 168222528
126845920 168216448
126835328 168209280
126825056 168185984
126811264 168171456
126805536 168166752
126806496 168159008
126807072 168157056
126805280 168155040
126806592 168155200
126804096 168160864
126808320 168160768
126814656 168163296
126821120 168170240
126822240 168172192
126821568 168170016
126821664 168169120
126824384 168173536
126828832 168175072
126830176 168177536
126833056 168183968
126836672 168193760
126846912 168197472
126845280 168191328
126845376 168186976
126850112 168181248
126844544 168180480
126847744 168188928
126861184 168201920
126873728 168215520
126878240 168221632
126875552 168224000
126878976 168235360
126880256 168244000
126877536 168244544
126888864 168244896
126892704 168237536
126891808 168239616
126882560 168237472
126879936 168231552
126875296 168218784
126864160 168207040
126849568 168194240
126845344 168195072
126850912 168200896
126860128 168211904
126871584 168215904
126884032 168223008
126888672 168228960
126887936 168230912
126893568 168233568
126897792 168230656
126890496 168224128
126882656 168223424
126876576 168222560
126871936 168214528
126867296 168197792
126866176 168190272
126870880 168198656
126884928 168213824
126893376 168220704
126894784 168230368
126897440 168233280
126901376 168241088
126906016 168244864
126910656 168246624
126911520 168244256
126908352 168238528
126900544 168234720
126894432 168222432
126886016 168214496
126882720 168213024
126880928 168209600
126872480 168204768
126872608 168202656
126868224 168204960
126862752 168199040
126862560 168192864
126868512 168200640
126875296 168208736
126878624 168206752
126881056 168200416
126876832 168200896
126872992 168205952
126881504 168213472
126891872 168221952
126902016 168235104
126903488 168238976
126907360 168242176
126907872 168243328
126903552 168236192
126899392 168232896
126906656 168241440
126914464 168249888
126913376 168253056
126910560 168252832
126923360 168257824
126938208 168270432
126947296 168282048
126953696 168290624
126954112 168290144
126953952 168292576
126953728 168287392
126946976 168276192
126943264 168268928
126940352 168262080
126930400 168253184
126914656 168239232
126901984 168228576
126904672 168228416
126907552 168231040
126915648 168246560
126930592 168249984
126939264 168249312
126936256 168257152
126935360 168253024
126925248 168249696
126928608 168251008
126928896 168245120
126916288 168230848
126902528 168220128
126899168 168216768
126901184 168215584
126901664 168222432
126910976 168228320
126916896 168230880
126919808 168232096
126927360 168240544
126931520 168238080
126925312 168227104
126911840 168221664
126909952 168220928
126905472 168219008
126901952 168204096
126896160 168201568
126899808 168210784
126906080 168213920
126905696 168224832
126913984 168230016
126922784 168239520
126932480 168249824
126928480 168253408
126924000 168239520
126919200 168232480
126920096 168231840
126930304 168234688
126942720 168246720
126942560 168259232
126945056 168262784
126953920 168263680
126955648 168271232
126960512 168274688
126964128 168274464
126961472 168275616
126963520 168276192
126966880 168271328
126974080 168271840
126974016 168275552
126975296 168281984
126973088 168273920
126959392 168264512
126945728 168254112
126943776 168245536
126947808 168246496
126962304 168255488
126968448 168266368
126973184 168272736
126982720 168280768
126982208 168277344
126985600 168278816
126989472 168296896
126993184 168302048
126996736 168293376
126995264 168287456
126982592 168276000
126973280 168270496
126966848 168263680
126965408 168269216
126977056 168281952
126988992 168291680
126994560 168303488
126996224 168310944
127005280 168309376
127013056 168311264
127013888 168314976
127007008 168319360
127004896 168316896
127000896 168310304
126990976 168306976
126984992 168305664
126979808 168305792
126979488 168304960
126983008 168310176
126980800 168310112
126978624 168311296
126978176 168309600
126984224 168308640
126992224 168316608
126998432 168328064
127003488 168341568
127004480 168345216
127001344 168345568
127004032 168345920
127016608 168347328
127021760 168351520
127019072 168354400
127019776 168358336
127019488 168369824
127030880 168378304
127026816 168380192
127017920 168378144
127014784 168377728
127017248 168383040
127022336 168394720
127019936 168404352
127022688 168406912
127022080 168413568
127014304 168412736
127004704 168406976
127001536 168401216
127003680 168405312
127011488 168406624
127013920 168411456
127016032 168413568
127015296 168410656
127017728 168409056
127015328 168406336
127009472 168410432
127007488 168406720
127008320 168403872
127009504 168407488
127014816 168407392
127019360 168406848
127013568 168402912
127014336 168406656
127016256 168409760
127015872 168412896
127018496 168413920
127023200 168422496
127035200 168427520
127042560 168426976
127046016 168422880
127048832 168421696
127056224 168429664
127059456 168436512
127061760 168442688
127067104 168437632
127071232 168439744
127062464 168431904
127048096 168420928
127050848 168415968
127047776 168418016
127050848 168427648
127057984 168426688
127065216 168421536
127069888 168428160
127076032 168430848
127078464 168428416
127074560 168426912
127077888 168429248
127083104 168434688
127087040 168433280
127084416 168428128
127083552 168420608
127077984 168415808
127072928 168414304
127061568 168402048
127055872 168387872
127056256 168379456
127061824 168383328
127065728 168386336
127065728 168386432
127065152 168387296
127066560 168384160
127067360 168387264
127079328 168394912
127080992 168398016
127078368 168398784
127082624 168390016
127074272 168379520
127057728 168367648
127049344 168357280
127046240 168350112
127039360 168337792
127038816 168336544
127046080 168341216
127051968 168351040
127061056 168354656
127058656 168352320
127060832 168357632
127063904 168365632
127067008 168370976
127076960 168368000
127072448 168359840
127053280 168344160
127029472 168323712
127006304 168299424
126994048 168280160
126989312 168274720
126986848 168274848
126987008 168278208
126994080 168285312
127009280 168292896
127019040 168306592
127014208 168314944
127017888 168318400
127020288 168322688
127025152 168322816
127030304 168319008
127024608 168312320
127020608 168312192
127026688 168322496
127039552 168338176
127053696 168347232
127058208 168350816
127062144 168358720
127066976 168369536
127073664 168374656
127074432 168371168
127060800 168360672
127053376 168356224
127058368 168361408
127071296 168372928
127082336 168383008
127082976 168377440
127073600 168373376
127084480 168385696
127089312 168397824
127094720 168404288
127099104 168408992
127107392 168409696
127111136 168405152
127111040 168412320
127113856 168417120
127118784 168417248
127117920 168413888
127107424 168405888
127098304 168396224
127092512 168387200
127095296 168385280
127108416 168399488
127119200 168410176
127120960 168411008
127123168 168415808
127135424 168422208
127146688 168426432
127146336 168431008
127146464 168423552
127152416 168424288
127143872 168421024
127137120 168412608
127123264 168399264
127104960 168382144
127095200 168374912
127093792 168369568
127093600 168365056
127095744 168366144
127092320 168364192
127094784 168362848
127100192 168366144
127104704 168372256
127117248 168380960
127127520 168398240
127138144 168406240
127145376 168413568
127139392 168409952
127130496 168404608
127134240 168408864
127134624 168401920
127129984 168396096
127122976 168393088
127115008 168384288
127117088 168380864
127125568 168382080
127135776 168392096
127144544 168409216
127152576 168418912
127162272 168425824
127171904 168432480
127178112 168438464
127183232 168444864
127187424 168455392
127194880 168462656
127202080 168464608
127197504 168461536
127190272 168454144
127175040 168443712
127163968 168420896
127158304 168410176
127157216 168414912
127158336 168416864
127153600 168405152
127155680 168406272
127163456 168412736
127168192 168416768
127166240 168418432
127163296 168418336
127160352 168414528
127154336 168410528
127151456 168412512
127162624 168419552
127163648 168423232
127162528 168423360
127160768 168426144
127154176 168426976
127146784 168417504
127142528 168401536
127131392 168387616
127122848 168373248
127115648 168358688
127116800 168358496
127121056 168371360
127132512 168386304
127150464 168403584
127153024 168409408
127150976 168405888
127157952 168409536
127166144 168414336
127166560 168417760
127162176 168417696
127163232 168419328
127162912 168418880
127166272 168417248
127158688 168407968
127146880 168403008
127141728 168396128
127143200 168393280
127142432 168397792
127141760 168407360
127148672 168415776
127157664 168417056
127165568 168419616
127176352 168431648
127180352 168434560
127179520 168431360
127181088 168428672
127183456 168426080
127174112 168417856
127153504 168408224
127143712 168396576
127140256 168386240
127133472 168385280
127131072 168384800
127130912 168377600
127126336 168374304
127127296 168376256
127124032 168374688
127119680 168371520
127120640 168370624
127122176 168376352
127117024 168373376
127116192 168372864
127118848 168375584
127114624 168370560
127114944 168376480
127123552 168383424
127136672 168392576
127150976 168404640
127165760 168413728
127174048 168426368
127173536 168434976
127173344 168435584
127172832 168441504
127178336 168443904
127186816 168440448
127182272 168437440
127172160 168431136
127171776 168430624
127180160 168438624
127192480 168451552
127199232 168458912
127199072 168464800
127202144 168468928
127213472 168472864
127212320 168468224
127209248 168458240
127197440 168443776
127174464 168427456
127162624 168413824
127155968 168406272
127153984 168407232
127157792 168409024
127162816 168409792
127160224 168409056
127156960 168408992
127161568 168414208
127179360 168420320
127192896 168429120
127199584 168438496
127201408 168443680
127205088 168442976
127208832 168446016
127210688 168447104
127212512 168442304
127207488 168438080
127201792 168429056
127192928 168420128
127179328 168404832
127165664 168394336
127163872 168388672
127161792 168390144
127157120 168390464
127154048 168386752
127158272 168388064
127161664 168388384
127168832 168393856
127164960 168394208
127159808 168390912
127163872 168392800
127166048 168393312
127166304 168392704
127168736 168395040
127167040 168398688
127163936 168393312
127163808 168382112
127165056 168383936
127165696 168384352
127165504 168383488
127173024 168392096
127180064 168398784
127179456 168404384
127184224 168418912
127196448 168426048
127197344 168428928
127188768 168431648
127188512 168432800
127188384 168430816
127195072 168436608
127196768 168442304
