10
141712896 175991616
141717856 175994144
141713632 175990304
141708192 175986368
141708256 175986144
141706112 175984704
141702400 175984512
141699360 175985568
141705888 175987872
141709408 175989600
141703296 175983360
141702272 175981216
141701152 175980640
141699712 175983744
141703392 175987712
141708576 175989184
141706272 175984096
141705536 175983744
141701056 175978368
141701856 175976864
141707168 175977984
141705152 175975904
141696896 175973920
141697888 175975520
141704608 175982304
141709408 175982720
141709120 175978880
141711424 175982464
141715552 175984352
141715776 175979744
141707328 175972480
141700416 175971872
141700800 175974880
141701632 175979584
141702528 175979360
141700736 175974752
141699168 175976032
141693760 175972960
141694880 175970464
141698720 175978912
141700032 175988160
141703168 175989024
141703712 175985856
141705984 175986112
141705248 175983232
141705856 175981248
141709344 175984704
141711200 175987840
141709824 175988096
141708864 175988064
141707648 175982464
141708960 175976704
141709152 175972864
141707072 175974208
141704352 175976352
141704896 175984096
141707168 175981344
141708768 175982400
141700576 175978048
141699456 175972896
141704128 175975328
141709248 175979200
141708256 175977984
141704576 175977024
141701088 175976448
141702752 175976896
141704000 175979744
141705888 175981344
141705408 175983744
141703744 175990368
141709088 175984768
141709312 175988608
141709280 175985952
141709696 175984864
141703648 175984256
141701280 175983616
141702816 175989568
141706464 175988768
141697152 175986368
141696032 175984032
141703232 175984608
141704672 175989280
141705248 175988352
141708608 175988736
141712224 175994976
141705376 175993728
141698208 175991072
141701632 175998080
141704160 176000256
141704896 176000448
141710048 176000256
141706176 175994912
141704672 175990432
141699520 175993376
141700768 175997248
141702048 175997536
141703552 175997600
141704960 175994176
141705760 175994560
141703360 175994560
141702752 175995744
141703680 175997440
141704896 176003232
141706496 176003616
141706976 176003168
141709312 176006528
141712608 176002880
141711328 175998560
141709664 176004256
141713824 176007392
141710464 176005280
141715488 176013440
141718304 176017792
141710688 176013248
141707872 176013536
141713312 176007520
141711584 176005184
141710816 176020800
141712672 176024992
141715488 176013696
141713856 176008320
141702816 176006496
141696384 175999136
141701504 175998304
141708704 176005536
141712640 176011264
141710368 176008192
141707616 176007616
141707232 176010144
141711744 176019104
141712768 176016128
141710720 176015584
141707648 176015232
141710336 176006272
141715872 176011168
141716704 176010816
141712640 176016640
141710848 176020480
141708512 176015648
141705792 176011072
141705600 176015104
141706848 176009056
141707584 176001888
141711840 176005248
141719008 176007968
141715392 176001824
141710336 176001632
141714656 176010496
141715904 176012192
141713280 176009600
141702912 176007552
141701568 176004032
141705504 176005472
141704832 176006144
141708864 176003840
141713152 176009504
141715008 176015552
141716192 176016032
141709888 176013408
141705024 176006688
141705984 176002208
141705632 176002848
141705440 176003040
141704256 176006752
141699392 176008832
141701408 176010400
141701472 176005632
141700448 175999200
141706752 176004544
141713888 176009696
141715264 176015616
141716864 176016608
141709824 176011424
141707520 176012576
141708064 176015456
141708992 176011616
141710176 176012160
141715616 176017440
141712544 176021184
141708288 176014400
141707904 176010240
141715584 176011328
141715968 176008768
141707872 176005600
141710560 176009920
141714592 176017888
141708448 176016992
141704832 176013696
141708896 176010784
141707744 176011520
141714240 176012064
141715360 176013504
141712704 176015424
141709184 176020992
141707040 176016000
141709248 176010944
141707136 176009440
141710464 176009216
141716448 176009216
141717216 176003872
141712512 176003136
141710592 175998368
141703104 176002016
141704128 176001472
141704768 176001696
141696096 176002528
141696352 176007808
141699776 176004128
141702080 176004256
141700576 176005760
141701504 176005536
141705280 175998656
141705408 175997344
141700032 176001408
141698528 176001600
141704512 176002176
141708288 176001152
141711936 176002336
141711648 176005536
141709216 176001952
141701632 176003616
141704128 176006816
141706784 176003840
141709920 175997952
141708160 175994688
141706240 175991360
141705600 175993600
141702656 175988704
141703040 175988320
141704416 175990400
141704800 175992224
141708448 175992800
141710496 175992096
141706976 175992480
141702336 175992384
141707968 175994624
141701888 175990112
141700160 175989344
141708256 175985408
141715712 175987040
141711072 175999104
141710784 175999328
141705440 175990816
141699840 175986976
141700768 175988064
141697344 175987200
141693536 175983424
141696736 175980416
141703328 175982784
141701888 175985600
141700288 175988480
141703200 175986432
141701504 175992576
141701696 175994400
141700896 175999904
141704160 175999648
141702464 176000128
141702080 175994752
141701920 175989984
141695360 175991456
141694016 175988192
141695040 175981920
141697024 175987616
141697696 175992576
141700000 175991712
141698400 175989568
141698880 175987616
141700512 175989440
141694624 175989152
141696064 175997088
141704128 176003136
141708192 176000576
141710912 176000032
141709312 176002048
141711936 176000928
141711072 176000832
141711584 176004576
141709152 176001728
141711392 175999648
141708672 175994880
141698528 175992192
141695424 175990848
141701728 175997120
141705760 175999104
141710272 175997792
141713856 176001664
141708192 175999648
141705984 176000896
141706592 175997504
141706240 175991680
141706016 175998656
141708576 176001536
141704608 175997376
141697856 175992672
141700736 175996480
141703136 175997728
141701792 175995232
141700352 175995360
141699168 175993472
141699360 175990592
141700352 175994976
141702784 175995264
141704480 175994432
141706880 175995936
141704256 175993632
141700864 175995680
141700992 175998848
141701312 175998912
141706464 175998656
141705024 175993088
141700672 175989376
141703584 175996096
141706816 175998528
141704448 175999232
141697536 175992864
141695648 175989568
141696800 175985504
141698144 175988416
141703488 175994432
141704096 175996160
141703072 175993440
141697024 175996128
141694304 175996416
141696864 175995584
141698976 175998592
141710400 176001088
141711680 175999328
141705856 175994784
141710080 175993120
141710016 175999552
141706080 175997920
141706496 175994816
141703776 175995968
141702656 175997216
141700608 175993760
141701312 175987488
141698848 175987456
141694944 175992672
141697376 175993248
141705952 175996544
141707552 175998208
141703712 175992960
141701408 175991616
141706624 175996064
141703872 175994976
141698624 175987776
141697920 175982528
141703936 175991648
141704096 175990304
141697664 175987328
141693824 175984320
141699616 175983872
141696000 175991072
141694208 175989376
141697120 175988288
141701536 175993696
141698656 175997568
141693696 175994400
141696096 175987200
141702080 175990400
141703264 175998624
141709184 176003808
141710240 176004384
141699680 175998272
141695360 175991808
141704000 175997728
141711552 176006464
141707392 176008192
141698976 176002112
141698400 175998432
141701472 175999360
141703616 175998144
141704256 176002208
141700896 176005504
141698048 176001248
141697664 175995968
141696000 175991008
141694464 175995072
141696320 175999840
141703712 176000704
141707616 176006624
141712608 176013376
141708832 176012896
141696992 176002688
141696544 176000512
141701824 175999200
141702400 175998400
141703552 175996832
141698208 175994336
141694368 175991488
141695008 175993504
141698656 175993600
141703808 175987648
141706624 175989824
141704960 175993152
141704960 175995200
141707584 175994784
141703584 175989408
141693248 175987008
141693280 175985536
141695936 175992704
141699840 175992992
141707264 175992032
141703296 175990944
141697248 175990720
141698464 175991072
141699936 175992128
141703008 175993056
141700608 175990400
141697696 175990816
141698304 175988544
141701216 175990208
141701600 175993504
141700000 175992096
141698400 175993120
141701408 175993984
141707712 175987296
141698560 175977760
141694624 175983232
141696960 175990816
141702752 175991968
141703840 175989280
141704160 175991360
141703008 175990848
141697696 175994560
141697984 175994912
141699808 175992128
141708800 175994688
141715488 175995616
141716352 175997696
141712480 175996032
141704576 175993152
141700928 175994336
141700960 175994208
141696288 175992064
141694944 175991552
141698240 175994624
141703328 175993216
141707904 175994912
141705248 175999136
141702816 175998240
141700160 175991360
141702400 175995104
141702016 175999392
141703808 175995424
141708160 175990880
141707360 175985472
141702816 175987840
141704480 175987552
141705312 175987456
141706592 175991840
141701888 175992672
141701248 175989088
141697984 175990272
141699648 175991488
141700736 175986592
141698240 175986208
141696672 175987936
141703008 175992928
141701344 175993440
141700224 175989760
141699488 175992224
141701568 175990560
141702240 175988672
141704224 175991040
141701824 175987808
141696704 175986976
141686752 175980768
141687712 175985280
141688224 175985216
141691872 175982272
141696096 175983040
141697952 175986048
141697920 175982656
141698784 175982624
141698784 175980896
141696448 175983648
141692128 175984992
141694432 175986976
141697216 175987616
141693664 175986400
141691232 175986496
141693696 175986688
141697600 175990176
141706752 175993344
141706112 175991648
141700416 175990016
141701952 175991520
141702880 175991488
141702368 175991840
141703392 175997952
141706688 175993184
141705472 175989984
141700640 175993632
141696512 175993440
141695008 175991808
141697152 175990400
141697472 175991872
141701600 175986912
141696192 175983392
141693152 175979552
141696384 175983392
141698752 175984896
141701536 175982848
141699264 175984288
141695520 175984384
141694560 175985440
141698336 175992768
141699616 175990976
141697280 175991744
141699424 175997856
141700608 175994208
141696768 175992128
141696736 175993664
141703808 175992480
141700768 175991104
141699904 175994944
141699808 175995904
141695584 175991776
141697760 175989088
141701536 175996672
141702272 176001920
141703232 176000000
141702784 175991552
141703776 175986880
141701184 175991648
141699264 175992576
141692224 175991744
141699808 175996448
141706080 176001152
141705248 175998784
141708000 176001440
141707936 175998176
141705760 175992736
141703968 175995040
141704448 175996256
141704288 175992896
141702144 175994048
141704000 175998784
141702976 175996352
141701760 175995616
141698272 175992832
141704416 175995360
141705472 175996928
141702240 176001344
141706336 176002432
141709440 176005152
141711008 176005408
141709984 176001792
141702528 175999072
141702016 175998944
141695904 176000896
141688832 175997824
141688128 175995712
141689504 176003520
141691840 176008928
141698176 176011456
141696896 176012928
141695008 176013568
141695040 176006560
141698880 176010048
141699392 176011520
141698976 176012736
141694560 176014848
141700864 176018496
141702464 176017376
141701312 176018400
141702560 176015776
141703648 176017504
141702208 176019104
141693248 176017536
141697952 176013792
141700320 176013920
141697696 176014400
141694848 176015744
141696768 176011808
141691840 176019040
141692096 176020192
141699808 176019552
141701472 176022336
141699136 176020928
141696512 176015168
141699456 176020320
141698688 176020928
141702496 176020288
141706048 176021344
141701952 176018400
141703712 176021824
141702176 176023712
141700960 176017728
141704224 176017952
141696416 176017760
141693312 176017472
141695328 176017120
141697472 176016192
141695840 176012736
141701408 176013728
141702848 176014816
141698528 176012416
141696352 176017728
141698816 176022080
141702464 176022080
141705504 176017504
141704032 176012096
141703584 176016640
141704768 176023968
141709344 176029088
141707296 176021696
141700096 176009408
141695712 176007200
141692608 176003392
141693024 175997024
141688672 175999072
141692032 176002208
141696800 176001344
141694016 176002400
141694208 176002848
141695936 176002816
141700224 176005088
141700512 176006752
141701728 176010400
141710368 176012512
141709728 176009984
141706240 176013664
141705600 176017280
141704576 176020448
141702368 176024032
141700544 176017952
141701664 176014240
141699840 176010592
141697632 176007264
141698592 176007520
141699968 176008800
141706080 176009760
141702144 176009920
141702112 176013824
141700864 176014080
141700320 176008928
141701760 176014912
141700832 176014944
141698112 176012000
141702976 176011744
141709536 176015488
141708416 176019328
141700608 176017216
141699936 176008576
141696928 176008416
141699200 176010048
141698464 176002304
141701888 176006496
141703520 176009824
141696768 176003904
141698016 176004416
141701600 176005088
141707808 176009760
141705920 176013184
141703488 176016064
141704928 176009312
141699968 176005792
141701248 176009344
141698144 176008672
141695616 176003776
141691008 176002816
141690016 176002048
141696480 176003680
141698592 176002592
141701280 176000544
141702016 175997920
141696960 175999680
141691168 176003040
141692928 176002912
141696992 176003808
141700896 176004320
141701952 176004960
141701216 176006048
141698912 176005760
141700704 175997440
141701792 175998368
141698400 176000960
141695968 176001600
141702432 176000576
141701056 176002624
141707200 176009728
141705664 176009536
141705088 176012608
141703680 176011616
141704928 176002464
141702080 175994880
141700480 175999712
141702176 176002336
141700192 176004192
141706432 176007200
141711744 176011040
141709376 176003712
141709056 176000672
141708000 176000416
141705504 176005088
141704160 176008288
141711936 176010560
141713856 176013696
141711136 176012864
141714144 176005984
141712032 175999808
141707904 175998464
141703264 176000064
141701280 175992320
141699136 175988128
141705920 175992352
141709856 176001600
141703296 176000768
141705792 175994528
141712896 176000352
141709216 176006912
141704160 176006656
141702944 176004224
141703040 176009760
141704032 176003808
141700736 176001056
141701120 176000704
141703008 175999712
141705248 175999008
141708992 176001696
141708992 176001632
141707584 175998080
141708576 176002016
141710784 176005792
141707424 176008096
141708320 176007808
141704416 176002272
141704928 176000832
141707264 175997632
141706080 175998464
141704608 176002112
141708352 176009088
141711648 176009568
141710752 176011328
141710368 176005440
141712128 176004416
141712800 176002656
141707968 175999680
141708096 176000544
141709600 176005376
141708640 176007392
141705856 176005536
141707392 176005280
141712768 176008992
141708544 176009344
141702176 176004032
141697632 175995456
141698816 175996512
141702144 175997536
141707712 176005216
141709504 176009536
141706624 176007808
141706816 176005088
141706912 176008224
141708608 176013760
141709344 176013888
141712736 176013152
141711136 176009472
141709408 176006016
141711008 176011168
141712256 176009824
141707552 176003040
141708544 176001408
141707776 176002912
141705216 176002336
141699424 175994400
141695424 175994048
141693888 175992256
141699456 175992800
141701760 175996576
141699232 175994944
141699424 175995392
141703808 176003968
141699200 175998016
141697600 175994432
141698752 175992224
141699552 175992384
141704320 175994080
141709920 175994752
141709984 175996096
141708352 176002496
141705152 176005792
141705248 176002592
141705408 176009088
141706432 176013632
141707680 176009664
141703904 176009696
141705280 176007104
141706816 176003392
141703296 176006560
141700576 176005440
141699328 176002624
141700576 176006304
141701376 176007616
141696704 176003488
141693952 175994080
141697280 175993216
141700160 175996160
141703936 176000672
141704448 176000256
141700288 176001120
141699968 176003328
141703520 175998560
141706240 176001440
141705792 176003200
141702240 175997888
141700448 175995424
141701376 175991104
141696032 175992736
141694144 175995680
141694240 175990976
141696032 175985440
141699744 175993056
141703136 175998208
141702592 175996608
141696768 175994240
141700160 175991936
141704192 175993024
141705920 175997536
141707488 176002720
141705152 176004224
141704832 175998976
141705952 175998560
141707328 175999968
141706176 175998176
141700640 176000032
141700416 176001056
141706496 176006880
141706240 176005824
141705120 176005376
141698016 176004288
141691968 176002880
141700128 176000064
141702496 176000224
141700288 175998176
141703776 175994400
141701984 175993952
141698656 175991904
141705216 175994400
141703840 175990880
141699136 175991744
141697568 175991744
141698656 175997568
141700320 175995392
141702048 175990112
141702144 175992640
141698720 175996576
141696960 175990496
141696992 175993920
141705984 175996480
141705888 175999648
141706272 175996800
141708960 175994688
141708736 175988544
141705280 175990816
141710624 175997856
141711808 175993056
141713280 175998144
141713088 176001760
141710432 176000576
141699808 175994912
141693184 175991680
141696992 175996896
141703520 175999712
141703616 175995360
141704800 175998752
141699872 176000480
141696192 175997408
141700576 175994176
141694688 175996704
141694464 175998080
141702528 175995328
141709504 175996640
141708352 175994112
141705792 175994080
141697632 175993952
141696288 175994720
141691264 175992512
141691840 175996640
141698720 175998432
141703040 175998688
141704864 175996992
141699648 175998080
141697184 175999136
141699872 175999744
141701632 176000448
141707072 175992736
141697856 175994272
141695968 175999456
141701184 175996480
141704096 175999328
141701952 176001664
141704704 176008480
141701632 176006496
141702400 176002336
141707392 175999968
141702976 176001632
141702464 176001344
141703200 175998240
141703264 175995200
141698944 175994432
141697344 175993792
141694592 175994400
141698688 175997536
141698816 175991328
141697152 175989408
141695232 175993504
141695872 175989216
141703328 175988704
141705632 175994784
141702688 175996448
141702240 175993344
141700320 175990464
141692896 175991168
141694400 175985952
141697152 175988992
141703040 176000224
141701632 175997504
141696256 175994624
141697888 175996736
141697792 175995040
141699808 175994816
141705632 175994496
141700448 175994496
141695680 175998272
141700800 175996576
141705984 176000576
141705920 176002848
141705728 176000256
141703392 176001920
141700096 175999872
141705920 176004608
141714464 176008608
141708608 176005440
141702112 175997888
141700800 175991168
141702016 175985984
141702400 175993120
141703456 175998528
141706464 176000800
141710208 176000800
141708960 175998336
141699840 175990304
141692512 175983296
141692224 175985664
141699488 175993664
141700192 175993728
141699680 175996544
141701632 175996224
141710016 175998752
141712256 176003040
141714848 176007456
141707200 175999680
141698976 175992896
141697760 175988160
141698176 175997760
141696832 175997088
141701920 175996800
141705696 175997056
141707616 175999136
141708128 175997088
141707360 175996896
141705344 175995072
141700608 175992352
141697824 175993568
141699296 175993792
141697280 175989952
141697440 175989728
141701792 175991040
141696064 175988864
141694304 175985600
141696512 175990976
141700416 175994816
141703968 175994784
141704544 175999008
141703840 175997760
141701152 176002784
141699200 176008288
141702176 175998336
141699552 175988640
141698272 175987744
141701856 175991936
141706176 176001376
141712160 176004736
141709760 176001440
141701504 175997504
141700064 175999424
141698752 176008096
141702912 176006400
141702560 176007200
141703584 176009408
141703488 176005824
141702656 176001760
141706368 176005568
141707040 176014976
141707776 176013280
141711648 176011424
141713408 176009376
141709696 176009664
141708608 176009728
141709824 176015136
141706880 176014976
141706528 176019168
141702176 176013312
141701184 176013408
141701344 176020672
141703808 176024704
141704608 176030304
141708864 176030208
141709440 176025824
141701408 176025088
141700384 176014944
141701440 176011232
141695680 176020224
141701472 176021600
141706720 176022752
141707552 176023968
141710848 176026336
141707232 176025984
141695872 176025216
141695904 176025728
141700896 176027840
141708480 176027072
141710816 176030240
141706080 176030848
141700032 176024096
141703040 176024544
141702368 176027488
141702720 176027456
141696736 176023872
141698976 176024480
141702368 176023488
141703616 176022432
141705088 176028704
141709056 176031648
141712352 176031552
141709824 176030688
141708384 176029120
141709056 176031456
141707104 176029728
141704032 176024544
141705344 176023904
141701984 176023840
141700160 176019488
141699680 176024864
141701184 176026112
141703936 176024608
141704640 176022816
141706688 176021440
141703360 176016576
141699648 176021568
141699136 176019968
141700192 176024480
141704352 176029920
141701568 176033024
141706144 176027712
141709280 176024128
141706208 176024416
141705376 176022272
141703328 176023456
141700096 176016416
141695584 176015552
141696864 176013984
141703232 176014432
141711200 176014304
141708896 176019712
141709312 176025920
141707168 176024416
141704576 176027488
141704896 176024448
141709216 176022976
141707552 176021824
141701376 176023136
141701024 176025120
141700448 176025440
141704896 176025792
141711232 176026400
141709664 176022880
141703520 176019904
141702976 176022720
141708768 176021088
141712096 176021312
141707008 176018016
141703936 176019904
141705152 176018112
141704064 176014336
141705312 176009632
141702336 176010752
141704160 176009728
141713088 176012448
141711296 176013440
141707840 176010496
141713056 176012480
141712864 176016416
141705568 176011488
141705312 176015904
141708032 176019008
141704704 176011584
141704736 176014080
141711104 176025184
141714976 176029248
141713696 176024224
141708544 176022688
141704704 176018752
141706144 176015008
141704928 176015904
141705920 176018176
141711616 176020544
141706240 176025088
141700128 176017984
141700800 176016576
141704512 176016576
141704512 176015168
141703968 176016032
141708192 176020672
141707040 176017632
141707392 176013280
141704224 176009536
141700768 176008864
141707200 176010272
141706912 176008608
141706080 176011392
141714560 176017280
141715136 176019488
141709824 176014848
141702976 176012128
141703040 176012384
141701120 176007296
141699968 176002272
141698976 176003456
141697376 176006208
141696704 176007456
141699264 176009440
141697344 176009696
141699008 176009824
141702720 176013088
141704416 176013600
141703104 176005408
141702368 176002496
141699840 176006400
141700960 176007968
141701120 176003712
141707648 176001856
141711200 176005024
141706720 176007104
141699200 176004448
141696032 176000832
141696288 176009312
141696256 176010528
141695424 176001440
141701856 175998592
141699936 175999616
141699424 176006464
141701472 176005792
141698752 176004192
141700160 176005088
141700416 176006336
141700032 176009728
141703616 176008128
141700448 176001760
141695424 176004192
141694496 176000288
141692000 176002272
141693504 176003680
141695904 176002464
141693120 176002752
141694592 176000928
141698176 176006400
141698080 176004736
141697280 176002848
141696384 176005664
141694624 176004640
141692800 176003584
141698144 176010464
141698656 176013824
141699488 176011040
141701984 176013216
141702912 176012480
141701728 176007936
141696640 176004576
141696064 176010752
141698688 176009344
141699296 176005088
141699744 176004064
141702688 176000992
141700736 176004160
141700064 176000960
141702400 176001216
141705696 176011232
141708800 176014944
141705568 176017632
141701056 176022784
141700448 176015168
141700800 176010016
141704928 176012352
141709728 176020960
141706208 176017248
141704544 176010400
141701888 176005760
141698304 176001888
141695008 176003776
141698144 176004224
141700896 176010848
141700256 176018848
141704032 176014560
141703296 176009504
141703904 176005600
141711104 176006048
141707552 176004416
141706656 176007328
141704320 176011712
141701984 176014080
141702624 176008864
141702720 176003104
141699904 175999040
141694912 176000864
141701568 176013184
141705152 176019904
141704128 176011296
141702592 176009088
141697920 176009696
141690144 176004960
141692800 176008672
141702464 176011168
141709888 176013120
141707840 176012160
141702048 176007232
141703232 176009504
141700064 176009280
141701792 176011040
141707584 176011936
141710368 176009312
141709216 176010976
141708512 176013344
141706432 176013248
141704416 176003072
141706720 176002176
141707648 176005568
141703904 176003968
141701344 176007104
141702432 176010848
141701440 176003712
141703264 176003552
141705632 176006464
141705696 176007360
141702848 176008512
141702880 176001664
141703040 176000608
141702464 175999808
141699200 176000288
141697632 175997952
141692960 175998336
141699232 175997792
141705152 176001568
141701728 176001472
141698752 176003328
141697440 176000000
141700416 175998144
141702048 175995808
141701024 175995584
141700992 175999520
141705824 176004352
141705216 176006528
141705792 176003776
141710144 176003456
141707520 176005184
141704608 176001536
141705696 176005056
141704576 176006560
141701856 176005344
141704480 176010624
141704864 176008704
141704512 176011904
141703968 176012608
141701024 176012576
141700512 176011488
141700640 176009984
141706272 176006592
141708736 176008864
141703648 176011040
141704320 176010528
141700032 176005472
141699520 175997440
141701408 176000256
141700224 176004960
141702048 176005600
141704544 176009408
141704640 176011424
141705152 176009280
141705152 176010560
141706272 176013440
141705952 176011072
141703840 176008768
141700384 176007360
141699392 176006336
141698912 175999968
141702496 176004576
141708928 176009408
141706848 176004160
141702432 176003712
141700160 176005312
141700544 175997184
141704320 175998080
141702432 176000960
141696192 175994080
141702240 175993152
141704128 175994368
141698720 175997344
141694848 175997728
141698016 175998464
141699712 175999552
141702464 176005440
141705216 176006912
141705824 176000352
141705568 176000384
141709088 176006016
141713632 176015488
141710848 176016416
141708384 176004448
141703904 176000928
141703328 176003680
141706208 176005408
141708384 176008736
141707264 176004864
141707808 176007168
141707584 176003136
141706016 176001632
141709728 175996928
141703712 175996224
141700800 175996736
141695200 175998816
141698368 176003616
141705216 176002976
141702368 175997248
141701248 176005568
141703136 176010080
141708096 176010304
141705216 176006528
141700352 176005408
141699840 175999968
141698880 175993344
141695648 175989920
141697216 175993472
141704736 176001184
141706528 176003296
141704192 176007776
141701792 176007168
141702176 176006784
141698528 176010240
141696000 176004480
141695296 176000704
141697248 176000864
141701792 176001056
141699328 175997152
141698560 175991232
141699968 175994912
141700064 176001312
141704288 176004128
141713376 176009152
141710016 176011456
141703392 176001632
141704160 175995328
141707392 175996960
141708256 175997408
141700768 176000032
141701504 176003712
141702976 176004448
141704992 176005536
141706272 176005760
141706048 175999104
141702720 175999424
141701024 175999584
141702432 176001024
141701216 176002784
141698144 175995200
141699680 175999200
141706432 176009280
141711392 176008704
141708800 176004928
141700736 176000768
141699616 175997376
141696512 175992960
141694784 175993120
141698208 175994144
141700992 175996800
141701920 175998528
141705856 175994912
141703936 175999808
141701696 176000672
141696576 175992768
141693344 175986400
141693760 175989056
141698496 175995008
141704288 176000576
141703264 176002720
141705088 176005632
141702880 176005152
141706208 175998624
141705024 175994656
141700064 175994656
141698496 175989088
141696032 175986336
141697152 175991776
141705632 175999488
141705632 176000704
141704960 175998976
141702272 175998240
141702272 176002688
141702240 175998848
141704032 175997824
141707200 176002848
141705024 176002592
141703680 176000640
141702976 176000320
141707584 176003296
141706944 176001216
141705536 175995360
141699680 175994880
141698976 175991936
141704320 175997888
141707296 175999744
141704608 175993088
141701856 175999840
141708096 176007616
141710624 176008800
141704864 176004576
141702368 175997088
141705344 175995168
141704768 175993952
141710400 175994080
141710496 175992224
141698432 175993088
141700032 176002304
141704064 176003840
141708512 175998112
141709376 175992448
141705824 175993152
141704640 175992864
141705568 175993536
141709600 175994240
141711712 175993472
141708576 175995392
141710112 175997280
141708384 175997376
141712448 176002592
141712384 176006304
141710944 176003424
141706176 175999584
141704800 176000768
141706976 176001792
141703616 176000480
141703392 175999424
141706176 176004288
141704192 176003168
141706496 176001344
141710048 176002368
141713824 176005984
141712000 176010784
141712224 176012704
141708992 176015936
141717248 176018528
141717344 176020224
141713504 176019680
141714720 176013216
141709664 176014272
141709184 176018624
141709408 176019488
141712288 176020160
141709344 176018976
141706528 176020544
141707744 176019712
141705664 176022368
141706752 176025664
141706016 176021408
141704576 176023072
141708352 176025856
141710336 176027648
141705248 176024928
141712032 176029216
141715424 176037056
141711968 176035104
141710176 176031648
141707200 176028768
141701312 176032128
141705696 176036640
141712064 176038368
141715648 176037344
141716480 176043456
141718176 176043936
141721120 176040736
141721856 176039456
141720608 176036032
141715904 176031072
141712480 176029120
141707264 176031648
141711936 176029792
141714528 176027232
141714400 176028256
141712032 176030656
141707296 176031584
141710624 176029312
141719072 176032032
141721152 176033792
141714720 176030560
141709824 176033408
141709088 176031200
141707744 176029952
141704800 176029056
141704288 176028448
141712736 176025920
141716000 176033632
141716608 176035776
141714304 176031104
141705440 176025824
141700640 176024096
141697536 176027648
141695104 176024064
141695840 176020288
141702432 176021408
141710496 176028800
141713984 176039744
141711712 176043968
141709568 176038720
141707232 176033504
141708384 176034400
141705024 176031488
141702496 176026144
141699456 176023040
141702016 176022944
141707520 176027840
141709216 176027808
141717600 176035040
141720000 176041632
141717472 176040032
141715776 176038048
141711840 176035008
141710176 176032928
141715104 176034048
141719808 176040000
141713664 176037408
141713600 176031680
141706816 176027264
141706688 176027488
141712064 176033952
141718880 176037920
141714272 176036032
141713536 176028288
141711328 176024160
141710784 176025952
141707840 176027552
141709440 176027360
141713728 176030304
141713824 176030240
141710048 176024608
141708064 176027520
141708384 176023648
141710112 176023264
141716000 176023584
141719232 176019616
141720384 176020384
141717664 176023584
141714080 176026560
141711744 176026048
141713120 176020288
141714304 176024192
141717984 176034624
141727136 176033632
141724640 176028928
141721376 176029728
141719040 176028096
141720608 176028704
141720192 176023072
141717536 176025184
141714400 176025184
141715904 176029280
141716320 176025376
141713984 176022112
141710624 176025952
141711392 176030144
141715040 176028384
141720288 176028832
141719584 176030272
141720032 176027520
141710240 176016416
141707456 176011360
141715776 176016512
141713248 176019392
141711232 176018144
141720704 176015840
141721696 176021344
141717184 176027648
141715488 176024352
141710848 176014752
141705536 176015776
141710112 176022752
141713216 176025792
141715904 176026752
141715840 176024192
141714176 176015488
141711488 176009312
141705056 176010688
141703008 176008928
141702944 176009856
141705760 176012896
141708672 176018208
141711392 176019872
141712768 176015744
141711360 176016960
141706720 176013632
141700096 176013376
141704320 176021920
141704032 176018848
141708832 176018720
141708256 176019360
141708288 176018336
141711296 176017504
141709760 176015104
141714336 176016448
141717984 176021568
141716544 176017216
141712448 176012544
141711488 176014112
141713920 176015008
141715360 176017408
141712800 176009856
141713920 176014592
141707520 176016288
141706976 176015552
141710304 176013824
141710368 176014240
141714656 176013536
141717088 176015680
141716480 176011552
141715328 176006400
141712640 176003488
141711296 176003488
141710656 176004960
141709056 176010144
141713152 176010624
141715584 176011360
141706752 176013664
141706112 176018272
141706464 176023712
141708544 176022496
141712032 176014400
141710080 176010944
141705056 176008800
141698528 176009312
141697184 176014976
141703680 176017312
141711264 176015392
141711520 176015808
141711072 176015936
141708256 176017024
141707616 176013632
141712288 176018816
141709312 176020736
141704256 176019840
141709952 176015712
141713792 176014656
141715520 176022816
141715584 176016096
141714880 176019680
141708064 176025280
141707040 176023584
141712960 176025248
141712032 176022400
141712736 176016032
141707936 176014784
141704384 176010272
141707264 176012448
141705152 176020896
141701536 176017344
141700512 176019200
141697536 176016416
141698016 176009536
141697216 176005696
141699584 176010496
141704960 176016192
141710016 176019296
141711136 176018720
141710400 176017216
141708256 176021472
141708032 176018976
141705408 176014400
141709664 176015488
141712544 176018656
141707104 176018112
141705344 176014240
141705216 176013056
141705184 176016576
141710016 176021472
141708960 176018912
141710624 176017632
141712000 176020160
141709696 176018112
141706848 176015008
141714112 176019104
141711456 176014816
141702944 176010080
141697120 176005824
141700544 176006912
141705504 176010528
141710272 176010368
141710720 176010912
141708096 176007744
141707520 176012224
141711552 176019776
141713280 176023456
141714016 176028160
141708512 176029312
141708352 176025792
141711840 176019168
141713792 176017184
141715328 176011072
141716000 176015808
141711840 176016768
141708416 176017664
141709856 176016576
141706240 176015296
141706848 176011104
141705024 176011360
141704448 176006720
141705376 176005568
141707488 176002240
141704704 176004896
141708448 176007584
141707072 176008768
141706752 176011488
141710400 176016256
141705760 176022432
141711040 176018208
141717408 176016320
141717920 176016000
141715712 176011616
141709472 176011456
141707712 176014688
141709088 176020736
141707872 176020576
141715040 176021504
141717824 176028384
141717888 176028192
141713856 176023168
141713024 176020864
141712896 176021600
141713824 176020736
141711872 176013312
141703648 176008640
141705120 176007712
141711296 176013120
141713888 176015424
141711360 176010912
141703904 176015104
141705536 176012960
141710048 176012576
141712032 176013600
141709600 176016320
141708288 176012864
141699552 176013280
141695616 176014880
141697312 176013408
141698336 176007744
141700640 176008256
141699328 176011264
141696736 176013888
141699776 176010880
141705248 176013440
141705568 176015520
141708256 176011072
141709120 176011296
141710912 176014784
141712320 176014752
141717088 176012416
141712896 176009792
141708736 176008256
141701184 176002368
141695872 176002496
141697248 176005280
141703552 176009440
141709600 176013696
141712384 176013632
141710656 176014048
141705856 176013312
141706880 176008544
141709920 176010400
141705568 176011840
141707552 176015136
141703840 176014720
141702848 176015232
141707584 176016320
141710368 176017824
141713088 176012384
141712768 176008064
141708320 176009184
141712288 176012576
141712960 176017984
141705600 176016160
141706144 176016064
141708800 176015072
141713088 176017504
141718816 176020800
141718016 176023232
141711008 176019776
141707296 176014272
141709056 176015488
141712896 176018112
141714464 176020992
141716384 176012256
141711936 176010784
141708000 176015296
141705184 176016320
141706208 176017024
141708384 176018528
141707232 176014016
141706752 176009376
141709472 176009760
141710592 176013696
141712896 176011328
141712960 176015552
141711264 176018720
141714464 176016352
141715264 176011712
141709888 176007712
141709536 176007552
141712096 176011328
141715840 176015296
141720704 176019392
141725216 176019168
141718080 176015264
141713248 176004800
141709728 176001088
141710496 176002560
141709440 176001920
141707104 176007808
141707808 176005568
141714368 176002720
141717184 176002400
141712544 176004320
141710560 176009792
141709696 176004224
141705600 176002880
141710080 176000704
141706720 175999232
141709184 176002816
141704704 176008128
141702624 176003328
141710400 175997920
141715424 176001664
141717824 176004832
141718048 176008256
141717728 176005984
141718016 176010080
141718368 176017248
141717632 176018048
141720416 176019008
141719904 176015264
141719456 176009088
141723008 176007488
141718208 176008096
141713248 176008160
141713952 176008576
141713312 176012032
141713344 176011072
141714720 176009952
141710816 176004416
141708192 176004576
141712448 176008608
141719104 176012736
141721760 176009888
141721344 176011552
141723712 176019904
141723520 176020672
141718944 176019360
141714336 176010336
141715264 176010880
141713280 176003008
141706720 175992672
141700928 175994976
141702240 176002720
141707584 176001184
141710048 176000800
141714304 176009952
141720064 176016608
141719776 176015424
141716192 176005536
141710912 176000704
141709664 176000480
141714080 176002080
141716480 176006304
141716448 176005920
141715616 176003904
141714176 175999968
141715168 176004800
141716704 176006176
141714176 176007584
141713152 176006464
141711616 176005824
141705216 175996960
141707296 175995904
141716448 176006080
141720896 176004992
141717088 176004352
141712864 176000800
141709152 176007488
141711424 176005888
141714784 176009760
141715072 176012992
141709088 176018784
141708096 176019040
141715648 176012224
141716608 176010400
141712256 176004288
141711648 176009472
141716416 176021248
141715200 176025216
141717376 176017504
141723168 176021600
141723040 176028608
141725888 176025248
141724224 176021024
141719008 176019488
141719744 176017184
141718976 176017600
141716960 176019456
141719232 176023072
141711616 176020128
141710560 176019008
141711104 176019488
141714592 176021440
141716608 176028608
141715296 176028384
141711840 176029984
141712512 176028320
141714688 176023648
141716928 176028320
141714368 176031936
141712672 176028640
141716096 176025408
141716512 176028384
141708544 176030496
141706656 176032128
141710176 176031360
141716448 176037312
141712320 176034112
141711232 176032640
141712192 176036000
141710112 176032480
141711392 176032544
141714272 176032000
141712384 176034144
141714304 176036160
141721312 176039904
141725344 176043008
141724608 176040032
141724256 176039168
141725536 176040832
141722528 176049376
141727968 176049440
141724864 176041184
141721440 176038336
141719264 176035616
141715360 176036960
141714464 176032864
141716128 176032224
141716032 176036288
141712192 176037568
141710208 176034880
141710304 176033664
141712000 176041632
141715904 176044832
141716448 176038144
141713056 176030976
141712000 176031872
141711264 176028672
141712928 176030240
141707200 176027072
141708384 176028192
141712864 176027552
141715136 176030240
141717952 176032128
141716256 176035776
141718240 176039808
141712096 176029984
141707840 176021472
141708512 176023264
141708384 176023296
141708256 176020256
141710176 176017728
141716288 176022848
141720192 176028320
141715552 176025760
141713024 176026528
141710944 176031840
141702752 176025536
141701632 176021472
141698336 176022048
141697856 176024736
141702048 176022048
141710752 176025120
141715424 176031904
141718688 176027328
141716288 176024512
141711936 176019648
141716064 176027168
141720000 176026368
141717376 176020896
141719360 176023264
141716704 176026528
141718112 176024320
141714560 176025248
141714112 176030944
141715968 176025984
141719776 176031264
141719360 176029920
141718112 176027392
141714528 176022720
141708352 176018144
141704224 176011584
141706944 176018720
141714368 176027744
141717344 176031296
141715488 176028288
141718336 176024768
141717152 176023616
141713952 176020928
141709600 176028256
141708288 176028672
141713056 176023968
141720768 176021664
141719904 176023008
141719456 176023648
141716480 176026912
141714432 176031200
141714368 176026080
141715008 176019712
141711360 176016544
141714944 176017056
141713568 176022656
141704992 176022720
141705376 176020288
141706464 176014944
141707456 176014880
141708416 176015712
141709984 176021856
141714048 176028768
141717824 176027584
141712640 176017984
141709600 176014048
141713472 176016192
141710848 176016704
141704864 176018528
141706912 176019872
141708000 176019168
141709728 176019456
141710560 176020896
141713216 176017664
141715264 176018144
141716000 176017920
141713216 176015712
141710272 176018112
141711392 176020448
141707200 176015232
141704320 176009760
141704320 176009440
141708416 176009536
141712960 176017664
141713120 176018016
141709664 176008096
141706176 176012448
141705280 176016736
141709728 176013312
141717856 176015296
141714848 176016192
141713216 176019136
141714656 176017888
141711264 176015424
141706304 176011424
141707136 176013664
141707168 176013312
141707520 176014976
141709312 176019232
141709824 176014048
141709568 176015360
141700736 176022720
141703136 176023904
141706016 176019936
141710368 176019648
141711104 176018432
141709408 176011712
141706816 176014528
141707232 176018784
141708128 176014752
141705056 176012032
141703680 176012960
141703136 176015360
141704288 176017056
141708064 176018720
141708512 176019200
141706208 176016480
141704032 176017504
141708672 176019328
141712544 176018080
141712992 176019072
141713984 176020448
141711840 176024320
141708544 176022144
141708864 176021120
141707136 176020512
141706848 176020896
141705888 176023552
141707360 176023072
141704256 176024768
141706912 176024064
141706784 176020640
141703040 176017024
141701440 176012064
141704288 176009568
141705248 176016992
141710816 176018112
141710848 176015584
141705920 176017504
141704672 176021664
141706304 176018976
141707424 176014144
141712608 176017600
141715616 176022528
141715424 176019072
141715456 176021152
141712576 176023584
141713952 176024288
141722336 176028128
141726720 176028768
141719328 176020704
141718912 176026336
141717344 176027936
141718528 176026464
141718880 176019680
141717344 176018272
141716448 176016672
141718016 176018304
141717280 176019840
141715136 176019936
141718624 176019936
141720224 176018144
141722944 176020448
141719744 176025856
141714880 176020192
141709152 176013280
141708384 176008928
141706304 176009600
141703904 176008960
141702624 176003488
141706496 176003456
141712736 176008352
141715904 176019456
141713536 176024832
141713344 176026144
141716576 176025024
141706688 176023360
141701120 176013248
141702048 176011232
141702464 176013600
141704320 176016736
141706624 176020832
141705248 176017568
141705632 176019392
141706272 176013440
141708128 176011456
141711808 176020800
141717216 176025824
141712736 176020512
141704416 176017888
141702944 176014752
141709856 176014208
141708864 176015296
141708160 176016832
141708192 176024928
141703296 176018624
141701920 176015136
141696064 176016256
141698016 176011232
141704352 176012832
141703712 176012480
141699840 176012768
141700800 176014272
141705440 176016672
141708384 176016864
141705280 176017472
141708064 176024256
141708768 176025376
141712224 176021120
141710912 176018400
141705664 176013248
141701952 176009696
141704416 176016640
141704608 176019424
141702336 176017888
141698528 176018432
141701312 176018944
141701600 176017088
141706976 176014208
141707744 176017888
141711712 176021632
141710432 176025280
141704800 176024352
141705920 176021664
141705408 176018656
141699552 176016768
141697024 176017024
141701024 176021792
141706848 176016416
141704608 176018560
141701824 176014016
141697248 176016064
141698816 176017024
141700224 176014880
141699488 176013248
141696224 176010656
141692864 176012640
141696736 176016640
141699904 176017664
141698080 176013344
141697728 176010944
141695264 176011840
141695744 176012416
141700512 176016768
141696800 176013056
141699424 176014240
141695104 176010304
141696384 176008384
141700992 176009888
141704320 176007616
141707104 176009184
141708576 176008544
141712800 176011872
141706976 176021248
141706880 176015264
141708096 176018816
141709024 176022272
141709024 176020000
141703840 176017376
141703520 176015872
141705664 176013760
141708800 176012928
141700960 176013440
141695808 176012256
141703232 176012736
141710176 176019872
141709184 176020768
141708608 176021856
141706528 176017280
141709024 176017344
141708640 176015616
141704384 176012288
141701856 176013184
141703552 176011424
141707872 176009600
141714752 176018176
141709984 176019008
141706560 176018464
141708672 176022272
141707936 176019360
141707552 176015840
141706496 176010784
141704736 176006016
141699904 176008192
141699072 176014976
141700768 176019584
141707360 176019616
141719232 176020672
141716576 176021760
141716960 176019200
141714208 176023488
141711392 176026592
141714784 176028480
141717120 176026272
141712704 176026176
141714464 176023680
141714272 176022368
141707872 176015168
141701856 176008896
141702240 176011232
141704064 176014560
141701408 176016832
141701344 176018688
141704288 176015968
141702112 176012224
141703872 176014528
141701280 176015168
141705504 176014176
141710464 176017472
141708000 176012448
141705472 176011392
141702240 176015040
141703072 176023008
141705344 176015616
141703968 176012544
141702368 176011008
141702048 176017472
141701248 176013120
141701728 176012128
141709760 176025504
141708608 176024096
141706784 176017248
141698752 176011968
141701152 176013472
141706432 176016320
141715584 176020032
141720992 176018784
141715808 176015136
141705536 176008128
141702560 176001568
141701248 176005184
141702688 176013408
141707776 176017728
141709504 176018304
141703808 176017408
141702784 176013440
141705920 176016256
141714400 176016960
141711360 176013504
141707904 176006784
141708192 176005568
141700832 176007808
141697920 176007072
141696096 176001824
141695808 176004480
141695424 176009888
141699648 176006080
141704256 176007040
141706784 176010816
141704640 176008736
141707040 176012480
141706688 176011264
141709024 176013120
141715584 176019328
141712640 176017248
141709856 176014848
141710080 176015264
141711840 176018112
141712160 176014496
141705504 176011008
141702784 176014464
141705888 176022048
141708512 176018496
141708448 176014912
141703904 176012448
141700128 176014080
141698592 176011744
141694912 176011840
141700192 176013984
141706336 176015456
141709984 176027360
141709440 176025216
141710048 176019104
141716832 176025216
141716128 176024896
141708416 176019552
141698592 176017056
141695904 176013024
141698496 176018080
141705792 176022688
141705856 176023712
141704672 176023104
141705216 176025056
141706592 176028896
141714144 176029216
141715520 176029728
141718528 176033184
141716416 176036000
141717120 176037280
141713824 176029216
141709952 176028384
141712544 176038112
141713632 176039936
141709120 176031840
141706528 176029472
141706208 176033376
141702848 176033952
141705824 176034240
141707232 176037472
141701568 176040480
141697088 176041088
141704416 176042144
141709664 176040512
141714624 176047648
141714752 176048224
141712736 176043488
141710304 176045696
141715744 176053216
141714880 176052832
141713312 176047168
141710624 176041792
141705536 176042816
141705088 176046208
141710112 176048256
141713824 176052448
141711392 176052608
141709920 176045952
141709184 176044448
141707264 176047872
141706848 176050400
141709280 176052928
141711264 176054432
141716320 176055840
141713280 176050464
141712032 176042656
141714464 176039456
141712288 176040480
141712672 176040448
141711712 176037568
141711104 176034080
141715840 176036960
141718144 176034112
141715904 176035808
141715136 176041088
141712320 176039968
141705440 176036704
141707008 176036864
141708384 176039776
141710528 176042656
141716480 176043680
141713472 176038112
141707456 176037216
141708288 176045984
141711392 176046208
141713824 176045152
141713152 176042624
141707712 176039776
141706656 176035520
141706976 176035808
141707168 176034592
141709312 176034464
141710080 176039168
141712000 176041600
141707456 176044672
141709664 176045536
141713696 176041664
141714048 176036832
141715104 176034944
141715808 176037600
141713792 176040384
141712768 176038912
141716320 176041984
141716736 176041216
141715072 176037280
141713728 176036800
141715328 176037696
141712544 176039840
141712096 176037472
141711552 176038464
141710656 176041024
141707872 176036928
141706272 176038368
141714880 176044192
141717504 176047744
141710176 176040864
141707808 176037376
141708320 176034944
141704800 176036544
141700064 176039552
141710368 176052064
141717600 176055264
141714560 176053024
141713696 176050016
141716160 176050752
141718048 176048288
141712864 176048128
141701408 176035456
141700448 176026624
141703904 176030144
141697120 176030720
141700384 176028736
141699680 176022816
141696064 176025376
141701216 176032704
141711424 176032064
141716800 176033216
141712768 176034656
141709152 176039520
141708096 176039712
141708224 176036096
141707104 176035168
141707744 176032352
141712960 176032992
141716576 176033856
141713536 176038208
141711872 176037856
141717056 176037056
141720768 176040064
141721792 176042016
141714752 176035808
141708704 176031968
141709472 176031744
141713184 176032160
141714880 176029664
141717632 176032800
141714016 176034848
141713056 176036096
141714912 176038720
141711936 176035360
141705120 176033184
141704128 176032800
141707808 176029088
141712320 176027296
141714240 176027520
141713248 176026816
141709824 176026592
141707456 176029024
141714848 176031456
141714784 176033632
141708512 176033280
141710496 176035872
141713184 176035488
141712288 176027520
141712064 176027424
141711936 176027776
141709312 176028736
141706656 176028096
141713120 176032032
141712960 176025600
141710336 176025856
141714272 176026272
141711232 176024832
141709824 176024768
141707840 176026112
141709248 176022240
141710112 176020608
141705056 176023136
141701728 176028032
141703616 176031456
141706752 176026688
141708192 176025536
141708512 176029312
141711840 176031392
141709696 176024736
141710432 176030656
141707168 176028480
141707552 176027744
141708640 176028032
141708672 176025600
141710368 176023040
141710880 176025312
141709696 176032704
141704416 176032064
141709184 176031168
141714624 176035616
141713472 176039168
141713568 176035520
141715296 176031168
141708288 176028000
141712128 176033248
141713856 176037408
141707488 176038272
141708544 176032736
141712320 176028416
141710016 176030368
141713280 176036320
141707168 176031712
141702048 176020192
141700256 176018464
141704704 176024192
141703936 176024000
141705952 176027648
141710656 176027936
141707456 176022496
141699296 176020352
141700032 176025088
141705120 176028864
141705664 176028256
141707584 176029344
141709024 176029440
141715456 176031232
141715840 176035680
141711328 176032000
141708224 176027808
141706400 176026656
141702208 176029408
141704480 176034528
141708512 176031872
141710272 176029920
141711264 176034400
141706496 176033472
141704640 176026144
141701856 176021344
141697504 176018976
141703008 176024448
141707680 176027584
141710624 176030976
141710432 176031200
141707616 176026080
141705792 176021952
141707808 176026400
141711520 176033472
141715232 176029056
141713280 176022720
141712064 176024960
141708928 176026592
141701408 176026368
141698048 176021376
141699200 176016288
141703424 176024736
141707520 176029792
141712224 176025472
141717696 176024992
141716800 176032000
141718752 176034816
141717536 176040416
141714080 176036896
141712512 176029728
141712512 176036640
141715264 176034144
141718880 176036960
141726080 176038240
141724512 176036352
141716192 176033024
141712704 176030528
141711296 176025568
141711200 176021632
141710464 176028480
141715968 176039712
141720256 176044416
141723776 176040448
141719520 176038016
141713504 176037120
141715552 176031040
141719296 176029440
141722080 176035488
141723808 176038624
141719328 176036704
141711808 176030208
141711712 176029312
141711424 176033760
141707328 176029728
141706464 176029856
141707936 176030560
141711168 176028832
141710208 176029856
141708864 176029536
141706016 176025120
141696608 176020544
141697024 176020128
141701152 176023936
141701792 176026944
141697312 176019648
141702752 176026720
141704608 176027840
141704512 176022528
141699264 176023264
141696448 176022080
141703712 176024384
141711424 176025664
141709440 176028640
141709440 176021856
141712608 176018976
141711424 176019328
141705952 176025440
141703648 176030304
141709472 176034016
141711168 176038432
141716480 176042368
141713728 176033056
141705888 176027424
141706720 176023872
141704192 176025280
141700768 176024448
141702368 176024960
141702624 176030656
141701664 176028096
141704704 176030944
141708256 176028448
141704832 176029760
141704128 176034112
141704544 176031712
141705376 176029312
141704512 176030336
141703040 176029024
141701312 176027296
141697312 176024480
141700320 176026240
141698304 176024128
141693344 176021696
141693888 176018720
141694912 176020704
141700640 176022432
141700320 176020512
141696096 176028064
141696320 176032064
141708384 176036032
141716032 176032704
141711456 176025472
141706688 176025056
141703904 176023744
141704288 176021312
141710336 176024992
141711552 176026944
141708384 176024768
141705120 176019584
141706528 176021216
141705504 176022592
141701440 176019840
141702752 176020672
141708800 176027360
141713536 176028032
141714112 176027424
141716000 176022496
141714688 176014624
141702912 176010624
141698944 176008288
141703296 176017088
141703936 176014848
141704480 176014016
141703584 176020256
141704608 176026336
141710240 176025984
141710656 176023200
141709536 176023744
141712192 176025376
141707872 176029184
141704384 176028096
141709760 176026816
141713088 176027136
141712416 176026144
141713728 176027040
141708608 176023200
141703040 176024576
141708736 176023008
141711488 176019008
141709024 176021184
141705216 176022848
141702880 176022592
141708544 176024608
141712608 176022112
141706592 176025024
141707648 176024640
141703616 176018560
141703072 176019360
141704384 176020544
141702432 176021312
141703136 176018112
141705376 176015680
141706144 176018368
141712576 176024352
141712864 176029792
141712928 176030624
141714496 176027584
141712160 176027200
141714944 176029632
141717344 176029728
141712032 176023360
141708320 176019872
141705344 176021952
141702848 176021600
141705600 176023232
141709664 176025952
141714080 176028448
141710400 176028768
141708960 176027904
141712480 176030464
141717856 176030432
141718208 176029696
141714368 176030656
141715936 176030080
141713248 176026144
141712960 176027040
141711904 176023552
141707872 176019744
141707424 176019680
141706368 176020800
141705792 176020704
141705824 176023104
141706208 176023616
141710368 176029312
141716256 176029632
141713664 176022240
141712544 176020704
141712160 176026016
141706208 176024864
141704032 176020352
141704160 176014656
141705440 176017408
141712928 176022336
141711680 176020800
141710112 176027040
141711680 176028448
141711040 176028800
141706080 176028960
141705184 176027520
141709088 176024416
141705856 176022368
141706880 176028704
141710528 176028704
141711360 176026272
141708864 176027424
141704224 176025632
141701024 176018176
141704672 176018880
141704960 176025472
141705088 176027712
141702688 176024640
141703552 176026592
141706304 176022016
141707968 176022144
141707936 176020288
141704864 176021728
141713664 176024576
141710592 176025152
141705984 176021312
141705536 176019456
141702208 176016896
141703200 176022656
141711616 176029120
141711136 176032832
141714304 176040928
141715328 176035424
141705088 176030592
141700320 176027680
141702976 176029664
141699296 176028512
141699200 176032192
141709344 176042944
141709536 176042112
141714592 176045760
141713312 176045888
141712800 176038816
141717088 176036192
141719072 176040000
141715168 176043360
141714944 176038240
141715168 176038080
141715104 176046240
141715936 176044576
141718496 176042336
141717824 176044576
141715328 176041888
141711648 176043904
141714368 176045856
141717376 176045536
141714688 176045696
141714464 176053568
141712448 176060416
141704896 176054112
141706400 176048960
141710752 176053216
141714080 176057568
141713344 176057184
141713440 176060704
141713632 176058528
141713824 176049824
141709344 176048800
141706656 176050944
141708928 176050496
141713984 176050240
141717248 176056480
141717472 176059360
141715136 176058400
141714208 176056384
141710656 176055616
141711808 176055488
141712128 176053120
141709056 176056064
141710848 176056512
141712672 176053056
141708384 176053184
141711584 176056480
141708960 176054688
141709568 176055232
141708384 176056416
141709376 176058144
141717216 176060480
141719584 176064672
141724608 176064800
141717888 176062208
141715168 176056192
141712960 176054304
141710144 176057088
141712992 176050592
141716352 176054464
141719680 176058688
141717248 176057792
141722304 176059744
141718976 176064224
141712256 176063424
141709504 176058400
141710048 176053504
141707456 176050592
141705888 176051488
141704896 176049248
141707200 176049440
141708000 176046688
141710368 176046240
141712768 176045344
141710624 176053408
141708192 176049696
141710304 176051040
141710528 176052640
141713024 176047776
141718592 176048128
141724160 176051328
141719744 176057216
141719328 176059840
141719648 176059168
141719136 176052864
141711712 176046496
141708864 176043520
141709984 176046464
141714240 176046368
141712960 176044480
141707008 176044800
141711296 176050048
141710752 176051840
141708448 176044672
141713568 176045600
141712800 176043360
141709440 176037952
141703712 176041344
141702688 176039552
141700608 176039168
141705568 176042144
141710176 176045344
141709696 176048960
141708864 176048192
141710080 176046720
141711200 176047936
141714976 176050464
141710048 176040768
141710144 176041408
141711520 176049952
141706752 176050944
141709888 176048032
141713120 176043520
141712128 176044992
141710912 176042080
141710368 176035616
141708320 176033792
141702976 176035520
141705856 176042080
141712480 176041472
141715776 176034080
141716096 176039776
141709024 176042656
141698240 176038848
141695808 176037696
141700384 176034784
141703936 176039264
141706464 176043456
141709152 176045792
141711744 176049792
141706560 176046976
141703200 176043296
141705024 176045120
141707008 176041952
141703264 176041504
141697952 176036800
141702368 176030784
141711616 176038368
141715008 176045664
141714976 176045984
141711936 176045856
141718464 176052896
141722208 176053440
141718016 176049600
141720576 176046560
141719008 176039552
141717952 176040160
141709536 176037088
141706336 176037120
141705824 176042912
141711744 176036448
141712896 176029184
141713088 176026208
141713952 176027616
141713984 176030432
141714336 176035744
141718304 176038400
141720256 176041376
141718720 176042240
141715968 176041440
141714784 176040640
141716032 176033664
141718944 176041088
141724128 176042240
141724480 176041056
141720832 176042304
141716960 176041472
141712672 176036768
141713632 176036000
141717344 176039648
141718304 176040704
141716224 176044128
141715168 176047520
141716416 176042816
141721408 176044864
141719904 176044256
141718240 176038496
141717248 176030560
141714624 176029344
141713440 176039104
141718080 176043200
141717056 176039936
141712960 176035872
141711552 176034784
141714656 176030784
141711488 176030880
141709792 176029728
141714912 176034176
141712000 176032832
141705728 176035040
141706752 176035168
141711552 176033120
141711776 176036192
141711232 176034848
141709696 176033472
141711520 176039552
141709184 176040992
141707744 176039296
141707680 176032320
141705824 176031648
141711712 176040736
141713024 176044992
141712800 176045984
141717664 176041408
141713120 176039040
141714720 176041664
141721568 176046784
141717696 176040704
141712832 176036320
141715712 176039552
141715232 176044032
141714144 176044832
141712352 176042464
141713760 176039264
141714848 176041792
141711072 176040128
141711136 176034624
141709472 176036096
141708064 176040992
141709056 176042080
141710080 176036416
141704768 176039264
141701440 176036544
141701216 176030752
141708704 176032928
141718112 176038208
141720576 176039680
141717280 176042400
141714816 176043616
141715200 176041280
141713312 176038048
141713696 176040960
141714720 176037984
141711296 176039232
141711616 176040832
141704768 176044704
141709600 176051296
141712832 176047904
141710272 176045216
141709344 176046720
141711648 176045760
141713152 176049568
141712992 176051104
141713600 176053952
141712576 176048608
141712192 176042784
141716192 176048128
141713888 176052096
141714080 176052864
141715936 176049152
141715520 176051136
141713824 176048448
141710432 176046784
141710752 176045184
141713696 176045888
141714304 176039808
141717312 176038048
141713376 176043264
141714400 176051712
141725376 176055392
141726912 176051328
141723200 176049632
141724384 176052672
141723552 176051392
141718720 176048640
141715232 176045344
141712160 176049312
141712992 176047904
141714304 176042112
141715552 176042496
141718912 176037792
141712832 176035808
141709408 176033888
141713408 176039712
141719584 176045632
141722688 176043072
141719840 176038624
141716896 176037440
141720704 176040928
141716032 176035072
141705856 176032800
141701184 176036544
141703040 176037216
141704672 176040736
141710912 176042208
141714688 176041216
141716320 176044128
141716288 176043552
141717696 176037952
141718368 176037472
141720960 176043264
141725376 176040288
141724672 176042496
141720288 176047904
141714304 176042944
141712992 176038528
141713568 176032992
141709280 176034912
141711232 176044672
141720416 176048544
141719552 176045824
141714336 176039424
141711360 176038080
141713856 176042688
141720096 176044288
141716704 176038464
141709440 176040800
141713216 176044832
141717792 176051744
141719968 176050944
141717536 176042944
141718208 176035808
141714720 176043328
141718848 176050496
141724736 176055744
141722368 176052064
141724192 176054016
141724800 176048544
141719744 176053120
141717376 176051648
141719904 176048128
141716992 176047136
141718880 176044800
141721152 176039840
141721088 176040064
141721216 176042592
141722144 176043456
141719904 176046272
141717760 176046432
141718176 176041568
141717920 176040288
141709376 176041152
141704960 176036672
141705312 176028032
141708032 176029024
141711808 176031712
141713024 176036160
141712448 176035488
141707872 176031680
141707296 176033760
141709408 176033344
141710176 176032576
141712000 176038816
141715616 176044736
141719232 176047648
141719808 176043680
141722752 176040640
141720096 176039872
141716832 176040480
141716576 176041856
141723872 176047648
141725568 176052992
141722208 176047712
141719776 176041280
141717728 176037984
141721792 176041280
141718656 176042688
141716704 176041280
141720352 176040032
141722848 176040864
141723328 176039840
141728192 176035808
141719616 176034880
141711776 176034688
141714336 176031488
141717600 176034976
141720992 176038464
141723328 176037600
141719936 176040992
141714240 176037600
141712704 176038560
141716320 176045920
141718144 176047072
141718720 176039520
141718496 176040256
141717248 176043328
141713440 176039008
141718272 176036704
141718784 176031904
141719008 176036096
141717376 176041120
141710144 176034592
141712864 176029920
141720096 176033824
141719456 176032576
141719520 176033792
141726240 176038112
141727264 176035040
141725664 176037152
141720448 176035296
141716512 176035488
141718720 176042656
141721600 176043904
141718432 176040864
141714816 176039904
141717088 176042368
141720800 176040096
141719552 176039488
141721792 176038304
141724320 176035200
141724896 176035936
141722784 176036960
141720640 176038912
141716352 176036320
141714848 176039264
141708768 176033984
141713216 176034592
141713248 176039904
141715808 176037184
141716416 176026720
141717248 176023072
141720416 176032288
141720480 176035104
141717472 176039840
141714368 176042112
141710304 176033184
141711456 176028256
141712416 176036000
141713600 176033152
141715392 176033792
141719168 176036800
141716160 176039520
141716672 176038848
141717120 176035232
141716448 176037216
141716640 176040448
141715168 176039616
141717024 176034880
141719136 176030304
141719680 176031296
141720928 176034816
141719776 176043904
141715808 176042336
141711328 176034528
141712128 176032288
141716128 176032896
141716704 176036096
141714176 176034784
141715552 176032672
141715840 176034336
141713984 176032800
141715520 176034080
141722144 176040096
141718752 176043872
141716896 176045824
141713632 176038880
141709504 176038272
141711744 176034752
141719200 176040032
141718880 176044224
141717536 176042528
141716128 176041792
141717056 176044224
141716864 176045312
141716832 176049632
141712640 176048416
141712128 176045088
141712032 176043328
141720864 176047712
141720544 176046880
141716768 176047776
141709728 176051584
141709856 176053504
141713216 176052704
141715872 176056192
141720512 176063232
141722432 176063648
141721536 176057888
141722496 176060704
141723008 176057696
141719904 176056160
141718688 176051456
141721312 176057504
141719392 176058464
141722272 176061792
141721824 176061440
141723872 176058976
141723584 176059904
141714336 176058080
141713504 176062144
141717120 176062624
141720128 176064640
141718880 176058784
141713248 176054304
141711040 176057344
141710336 176063232
141716000 176062464
141717376 176061792
141709184 176063648
141708608 176058656
141714752 176058976
141718752 176062560
141718560 176063744
141717504 176062528
141708192 176059808
141702208 176052480
141704608 176053600
141710496 176058624
141716992 176064928
141720480 176065792
141721152 176061440
141716192 176062240
141715168 176058784
141717024 176054400
141711392 176047680
141712928 176050016
141712320 176051168
141715584 176057088
141719616 176064800
141717536 176064320
141718656 176064096
141720672 176060768
141717984 176057728
141714624 176057856
141711520 176056672
141710720 176053536
141709824 176055808
141712512 176056832
141718720 176052992
141722496 176054048
141724448 176053760
141719360 176060512
141720768 176064480
141718656 176062816
141714720 176061664
141719328 176053728
141720800 176055680
141723552 176062688
141725056 176060416
141722432 176060640
141720928 176059136
141716768 176058304
141714880 176060640
141713088 176061152
141714688 176057056
141713600 176056064
141711488 176054560
141709536 176051104
141708160 176046912
141708032 176050208
141714720 176060864
141719104 176060800
141713920 176056576
141713984 176055552
141712512 176059232
141715296 176056928
141714944 176056032
141714400 176052096
141713984 176051040
141715328 176050624
141713696 176051776
141715008 176049344
141714784 176045984
141718624 176046208
141718272 176047904
141717120 176045760
141710976 176037504
141708992 176036512
141705152 176040608
141704160 176040096
141711968 176041504
141716064 176048800
141714560 176047904
141713728 176047072
141714560 176043712
141714400 176038528
141711616 176034880
141706688 176030432
141707840 176034368
141704160 176036416
141701760 176029856
141705056 176037888
141706528 176047008
141703104 176048416
141707232 176042592
141710976 176042912
141715232 176045472
141713760 176046688
141710592 176038784
141712416 176041536
141716480 176044448
141713056 176045184
141713440 176041696
141713824 176039008
141715552 176039328
141714592 176041824
141711488 176042688
141709312 176037216
141711296 176032288
141709664 176031008
141709600 176035264
141712384 176044160
141714336 176041088
141712512 176033536
141716352 176035360
141719168 176043936
141717728 176043680
141715360 176040608
141714880 176039648
141715968 176041888
141716992 176044128
141714496 176039840
141715584 176039360
141716672 176042656
141716480 176036704
141715456 176041184
141712096 176047296
141709824 176042080
141707104 176040960
141704192 176034784
141704064 176035040
141714752 176043232
141718496 176053568
141711776 176055104
141710784 176048320
141708832 176039136
141707040 176037760
141709920 176038112
141712480 176037568
141712640 176040928
141714752 176045920
141711488 176040512
141706880 176039456
141705376 176036832
141704384 176033312
141697600 176032832
141705056 176035104
141705312 176039552
141711104 176040032
141712384 176043584
141713440 176043264
141715488 176043808
141714816 176044000
141714720 176046048
141715712 176044544
141714944 176041408
141716672 176043616
141716608 176045056
141712480 176046784
141713376 176047840
141715552 176047968
141712608 176043552
141711264 176048352
141706944 176045888
141710464 176041984
141705728 176040512
141697568 176036160
141701920 176033760
141712352 176038816
141712224 176042176
141711360 176045920
141717248 176050720
141719424 176053056
141718208 176054816
141714400 176054880
141710912 176057536
141713088 176051296
141714912 176044192
141712288 176051552
141710464 176052928
141705248 176048480
141703616 176046912
141710560 176041920
141718560 176042272
141715776 176049984
141711328 176049888
141715552 176044992
141718240 176049088
141724608 176052704
141726176 176052864
141723904 176050272
141720384 176055744
141721504 176054496
141720928 176049120
141715136 176047776
141710656 176043328
141712384 176047104
141712352 176049120
141714848 176047328
141721984 176047520
141720672 176047616
141720416 176050048
141714816 176047328
141710240 176048640
141714112 176049696
141718048 176049760
141719168 176052704
141715712 176057088
141719904 176055520
141726656 176057792
141722400 176052512
141716928 176049504
141716128 176051552
141720608 176052832
141720832 176049280
141713408 176047712
141710528 176045824
141710336 176050112
141712128 176049632
141719360 176050496
141717120 176047296
141709280 176043776
141711072 176044096
141711008 176046496
141709792 176044992
141707808 176044800
141711648 176044512
141714496 176044448
141718080 176048640
141717824 176049216
141713440 176046944
141713184 176047744
141712320 176043616
141712512 176039936
141718272 176042016
141715264 176043296
141714368 176042368
141716896 176046752
141717824 176047584
141720480 176044384
141715328 176042144
141712800 176042112
141709536 176039456
141710592 176042560
141721728 176046208
141724672 176043712
141722432 176047264
141722720 176051808
141721824 176051392
141715616 176041184
141708160 176034272
141709984 176035360
141712992 176038176
141713088 176039744
141716608 176046176
141717376 176049056
141715328 176047904
141716992 176042080
141713696 176043200
141715136 176045280
141719584 176044480
141718112 176041856
141714016 176037984
141707360 176033152
141706080 176034080
141711968 176036288
141712064 176043072
141712416 176040288
141711104 176037248
141709408 176039648
141711424 176039712
141717568 176038688
141714208 176035648
141713152 176038528
141713440 176037280
141706528 176034848
141703456 176033728
141705280 176031584
141705024 176035648
141708128 176032256
141709632 176031680
141708928 176028096
141709472 176032768
141716736 176044448
141721984 176051776
141723904 176052224
141727680 176048512
141726144 176045120
141722752 176039840
141716864 176039424
141713984 176043200
141712736 176042880
141711104 176040064
141709120 176036640
141705696 176025760
141704544 176027264
141708768 176037696
141712064 176038240
141715968 176043168
141711904 176041664
141713408 176041216
141717568 176041632
141719008 176043136
141721216 176043200
141719904 176039424
141718016 176043296
141714080 176041664
141713280 176039488
141713632 176043520
141713856 176038784
141710976 176035360
141711136 176036832
141714976 176041600
141713184 176049216
141713344 176045728
141712800 176042400
141716064 176048416
141714944 176048064
141713536 176045568
141714720 176043744
141713120 176037408
141712800 176035424
141713152 176042048
141713696 176045888
141713152 176047424
141711904 176046592
141714944 176044288
141710304 176035232
141711456 176030624
141714816 176036704
141716032 176039264
141716544 176038208
141715488 176041760
141714656 176042912
141708384 176047136
141705504 176044032
141708256 176038880
141709088 176038176
141712992 176036032
141712288 176039744
141708544 176042752
141710624 176040608
141713856 176046240
141714304 176048192
141714592 176046528
141711648 176045024
141708576 176045152
141707296 176044672
141715552 176045376
141722144 176052064
141720032 176051200
141716736 176046240
141716256 176044576
141714208 176046880
141712640 176043776
141711296 176041984
141709824 176037408
141710752 176034816
141714624 176039936
141713312 176038592
141711680 176035712
141711744 176040544
141715616 176044096
141718080 176044416
141717664 176047136
141711936 176042496
141709888 176037280
141714464 176045728
141720608 176047936
141722112 176043008
141721120 176043648
141717376 176044064
141715008 176040736
141715360 176041472
141717408 176044448
141715904 176043488
141716000 176040352
141721600 176042464
141718880 176042368
141713536 176042176
141709088 176037152
141707456 176030848
141710944 176026464
141713664 176033280
141711488 176036704
141713696 176036864
141712128 176034176
141710304 176038336
141712000 176042048
141718752 176049888
141717984 176051008
141721568 176044928
141724800 176039328
141724256 176039712
141718272 176037472
141717824 176038816
141719360 176040608
141717440 176035872
141716064 176031936
141714496 176036800
141718976 176037600
141714560 176038848
141714496 176041088
141707424 176037760
141703296 176029728
141710816 176032448
141708928 176033312
141706240 176037472
141708448 176038976
141709568 176036704
141709664 176038720
141704960 176043776
141704768 176043072
141709952 176045728
141711360 176047936
141711936 176049120
141709568 176045440
141707264 176045216
141710976 176044480
141716480 176049792
141718048 176052096
141716800 176052896
141718560 176059328
141716608 176060192
141710976 176051808
141708096 176051616
141704864 176055360
141700544 176052480
141702560 176048352
141707232 176049952
141708576 176054592
141703936 176053920
141707296 176056704
141711392 176058496
141708928 176061216
141707712 176061568
141712192 176060224
141715744 176061216
141713216 176061280
141715072 176064704
141715328 176061632
141712832 176058688
141708576 176065952
141706368 176068768
141706624 176073152
141710848 176073632
141711360 176068768
141708544 176069600
141707808 176076256
141715840 176072320
141717472 176064160
141713664 176062656
141716000 176070592
141708096 176067232
141703840 176063872
141709696 176061792
141711360 176060064
141710048 176062720
141711936 176063136
141710336 176067424
141709728 176071072
141708736 176069440
141712832 176069920
141710048 176069920
141706304 176066752
141710432 176067744
141712576 176068864
141713600 176071392
141713472 176072192
141708576 176069856
141702304 176071424
141710144 176074080
141719456 176078304
141719968 176076896
141718112 176069984
141715712 176063392
141711776 176067136
141711072 176065792
141714176 176065472
141717632 176072064
141718656 176077632
141717600 176077184
141717248 176074848
141720224 176071648
141720640 176072000
141719904 176070368
141716224 176067904
141708384 176063360
141710368 176065376
141710784 176069856
141711968 176076832
141710784 176076160
141706240 176067616
141704256 176065408
141709152 176067360
141714176 176062560
141711584 176064000
141704064 176057280
141701856 176055360
141710016 176062496
141719232 176064416
141714720 176059072
141710816 176062752
141713248 176066016
141716768 176058848
141708128 176058208
141703456 176063296
141706528 176062240
141707360 176064480
141713536 176073632
141715712 176075488
141713024 176070592
141720448 176068928
141719392 176068352
141713056 176066080
141714304 176065184
141716192 176061216
141712128 176058080
141707872 176065152
141707424 176063776
141709696 176060576
141710656 176063840
141711744 176068544
141710176 176064672
141712416 176057504
141706944 176058336
141712160 176061696
141709792 176058464
141708384 176059552
141708480 176061088
141705216 176057216
141703296 176059840
141705792 176058880
141710976 176060128
141715840 176059360
141710592 176056992
141711648 176051008
141717984 176056224
141714624 176053920
141710528 176051392
141710848 176054784
141711616 176056000
141704608 176054016
141703104 176051136
141700640 176044960
141704352 176045664
141704288 176049504
141703648 176052544
141709056 176052384
141710688 176053376
141706656 176055136
141704736 176053568
141709088 176054816
141717472 176060544
141723776 176059968
141724992 176058144
141720192 176055552
141717216 176056320
141722496 176054336
141719520 176054560
141718144 176058688
141721824 176056800
141720288 176057440
141715872 176054080
141714464 176051424
141714784 176049632
141717568 176048224
141719264 176044576
141715616 176044992
141715072 176054016
141714368 176058496
141718944 176061920
141718080 176057376
141717760 176053536
141720800 176053600
141718112 176057152
141717280 176063040
141716032 176065152
141717280 176056992
141713920 176060512
141715808 176059072
141719296 176054720
141715392 176057152
141720736 176059456
141721312 176052672
141715680 176047552
141714880 176055168
141715232 176057120
141714656 176051840
141714976 176050240
141715808 176056576
141718784 176057120
141722688 176050176
141723616 176050016
141720064 176047840
141711264 176046400
141713920 176045024
141712416 176046976
141714720 176053952
141712832 176051200
141711776 176044608
141710304 176042560
141713024 176050720
141715328 176058144
141714432 176054176
141712000 176054560
141714368 176059136
141718688 176058080
141714464 176050880
141708256 176049280
141705088 176052704
141709632 176054432
141712864 176055296
141712512 176055936
141713120 176055968
141711968 176050944
141710240 176051744
141714752 176056128
141717728 176060064
141719680 176063840
141716384 176061568
141713120 176060704
141713856 176062912
141718976 176066048
141717728 176063904
141720000 176058816
141718784 176059968
141715712 176058720
141714080 176055712
141713504 176058176
141711552 176054848
141713952 176050208
141713152 176054880
141711040 176058464
141711648 176053664
141710432 176046752
141713440 176054016
141716192 176057856
141718464 176054208
141717888 176051424
141714240 176053664
141710336 176048640
141709312 176044672
141711488 176047136
141713408 176051200
141715168 176053632
141709792 176048960
141709568 176051584
141709312 176046560
141709056 176042496
141708544 176046272
141705888 176051168
141711264 176050528
141719712 176055840
141716736 176055584
141714848 176057216
141717504 176063904
141719296 176061472
141718976 176058112
141714528 176058208
141712960 176057536
141709248 176048096
141712608 176046944
141715584 176055904
141714880 176055104
141712384 176055040
141710976 176053728
141709984 176050752
141708224 176054496
141709760 176055168
141709888 176052224
141709600 176048992
141706432 176047776
141704768 176047776
141705984 176052800
141705120 176054336
141702400 176053856
141703360 176055296
141706368 176057632
141710976 176057184
141715072 176059840
141722464 176058080
141718848 176056800
141714272 176058208
141716256 176059872
141712448 176061024
141713632 176060832
141714912 176059712
141709472 176055360
141708288 176054720
141705824 176051584
141711616 176051904
141708704 176052960
141700736 176051552
141704736 176052608
141706496 176049504
141711552 176048384
141712608 176048224
141711232 176051104
141708096 176049024
141704544 176042368
141706144 176043136
141706176 176046816
141711200 176046016
141712992 176046496
141707104 176049152
141705984 176054528
141706176 176054848
141705536 176053568
141713312 176050016
141716704 176045824
141715200 176046592
141712512 176049536
141714208 176049248
141717024 176050816
141715840 176050112
141714784 176048320
141710688 176048064
141712832 176046432
141710816 176043680
141708832 176043808
141706848 176036352
141707840 176042816
141710816 176045056
141709216 176046656
141714144 176051008
141713664 176053408
141709728 176051072
141710976 176044224
141713120 176041408
141711168 176044032
141712128 176053632
141714656 176053824
141714624 176051840
141710720 176052576
141709376 176052256
141708672 176048352
141713312 176048256
141714848 176051744
141709856 176049024
141706688 176049216
141713664 176050912
141713504 176055584
141714720 176056288
141715232 176053984
141718144 176055232
141720224 176049792
141713952 176052256
141716416 176052352
141723488 176053120
141723264 176059552
141717984 176056768
141718592 176048384
141714912 176052448
141715648 176057824
141717440 176059296
141721824 176054944
141718784 176048960
141711200 176048768
141711072 176053440
141714080 176051264
141718048 176047392
141719200 176053792
141719264 176057088
141719744 176053760
141716928 176051328
141713920 176050272
141711488 176047776
141710112 176045376
141709344 176047616
141711520 176056416
141712512 176053760
141716000 176054048
141715840 176057792
141718912 176055264
141724832 176052896
141720384 176052320
141716160 176049632
141717408 176046784
141716000 176043680
141715744 176051232
141716352 176056992
141715616 176056832
141716352 176055296
141717792 176054336
141717184 176052384
141719648 176053728
141716864 176052640
141711936 176049088
141707616 176047232
141709056 176045152
141713664 176044224
141714336 176048128
141715424 176045984
141712128 176046752
141712768 176053536
141713888 176056000
141713920 176050496
141713856 176048800
141712160 176051680
141708960 176044768
141714976 176041568
141715936 176047872
141716416 176048384
141723328 176051456
141718656 176048096
141716800 176050400
141718240 176050912
141711936 176045216
141707680 176044480
141709568 176053088
141714688 176053536
141720256 176056640
141715456 176050432
141717792 176046752
141724768 176055360
141727072 176060544
141718272 176051968
141718720 176050304
141720576 176054752
141722368 176052608
141722400 176045056
141721888 176048096
141719168 176050080
141715104 176048256
141710592 176043488
141712032 176044224
141711328 176047008
141707648 176048896
141713984 176052768
141720704 176057920
141717280 176056800
141717536 176053760
141717824 176049728
141716768 176052448
141722240 176052096
141716704 176051392
141711328 176049632
141709440 176052928
141714528 176050496
141716672 176049184
141714496 176049888
141715744 176057024
141717216 176058304
141714688 176054208
141705664 176046592
141711744 176053920
141720192 176058208
141723872 176051904
141716928 176046368
141705664 176043712
141704256 176044064
141715136 176051616
141718592 176050272
141717472 176047712
141717440 176048928
141717696 176046368
141719104 176049376
141720768 176051072
141724736 176054336
141721632 176055840
141716000 176054144
141715552 176054400
141717088 176050912
141715008 176048384
141710208 176053632
141711584 176048896
141715360 176047968
141717152 176051616
141716864 176052224
141711200 176050304
141710592 176048960
141712032 176056000
141716736 176057280
141722272 176059584
141718272 176055648
141712064 176049568
141711680 176049952
141704672 176040800
141702592 176039008
141708032 176046912
141714976 176055456
141716160 176052448
141711392 176053728
141712224 176055328
141713056 176058784
141716960 176064544
141717952 176062464
141715936 176055840
141713216 176059968
141715392 176064992
141712384 176065824
141713888 176062880
141718080 176063520
141717280 176070464
141716864 176071552
141714496 176070560
141715680 176069888
141714144 176068608
141715392 176068992
141717344 176074656
141719456 176078688
141715168 176076416
141711936 176079488
141712768 176079200
141720992 176081888
141724320 176084064
141719136 176083552
141716608 176080032
141714048 176079008
141713792 176080640
141718144 176087808
141724608 176091968
141725184 176089600
141721824 176088128
141718976 176086144
141714112 176081952
141713184 176082016
141711712 176076640
141709632 176080448
141716000 176084288
141719424 176090368
141723584 176085760
141723808 176082144
141725280 176087968
141730944 176087680
141730976 176079232
141722496 176077056
141718720 176080512
141722304 176079360
141720384 176080256
141718176 176084992
141717568 176083008
141712384 176075840
141709984 176069440
141709472 176070880
141714368 176080064
141718592 176085920
141715744 176081632
141717152 176083808
141715808 176081632
141712224 176084832
141715712 176083712
141716128 176076448
141711552 176071040
141710912 176073632
141715200 176079392
141709248 176078720
141707712 176075136
141707680 176072416
141710048 176075264
141711552 176074720
141713312 176073216
141715136 176077120
141722656 176077952
141726976 176081120
141726400 176087328
141725216 176078080
141722880 176077184
141716416 176078400
141718432 176079776
141724320 176082400
141723648 176080352
141718816 176080960
141714176 176079584
141715328 176079712
141718528 176078400
141723392 176083392
141725216 176080160
141720576 176076992
141719680 176078016
141719936 176078528
141715616 176079072
141719328 176073312
141717824 176065920
141715296 176061376
141712160 176065760
141716736 176068256
141712704 176070560
141712736 176072832
141714624 176073280
141714656 176076640
141710528 176076704
141707360 176067008
141710720 176064736
141712224 176070752
141711072 176075520
141713216 176072224
141715520 176073152
141711936 176074176
141713600 176071232
141711520 176066528
141707360 176067456
141710240 176065664
141714048 176066848
141712448 176067232
141712288 176068832
141712512 176065600
141711520 176067776
141708832 176065632
141712288 176066336
141720864 176069088
141712800 176071328
141703296 176067456
141706240 176061312
141710144 176060768
141706432 176062656
141707968 176064704
141706240 176058752
141707040 176058624
141707488 176063712
141709056 176062080
141708896 176057408
141712384 176056256
141711680 176059232
141708320 176062944
141707360 176062144
141715296 176059680
141715776 176062688
141719296 176066176
141720000 176068672
141719328 176063360
141721920 176060384
141718336 176056448
141714816 176054624
141717056 176056128
141717088 176059552
141714688 176064480
141721120 176061504
141721248 176063200
141721216 176064416
141718656 176064832
141717056 176060416
141717952 176058848
141723904 176068096
141725856 176069248
141718400 176062112
141714976 176058368
141714560 176057920
141713472 176057248
141713888 176054880
141717184 176052800
141714400 176055936
141718560 176057792
141719616 176059552
141715520 176059776
141714336 176059104
141712960 176062912
141710080 176062848
141706432 176054080
141710624 176049856
141713344 176059488
141711168 176060768
141708544 176048640
141709536 176047072
141713888 176055040
141712832 176058208
141706592 176055136
141708448 176058400
141711744 176061696
141720896 176062400
141725696 176060736
141721440 176053408
141718176 176053696
141719232 176055744
141721440 176062880
141720544 176063456
141721504 176063520
141723584 176064672
141722560 176061472
141716768 176061952
141716832 176057664
141718496 176057536
141719104 176058816
141715264 176065056
141719008 176064032
141719872 176063296
141713824 176067520
141708064 176067552
141713568 176069888
141713280 176071456
141714624 176063872
141718432 176061248
141717952 176069248
141716096 176065440
141718336 176063136
141721856 176068672
141724672 176069696
141722464 176067136
141724320 176069216
141724128 176071488
141718144 176067616
141720128 176063104
141721184 176056704
141718208 176055616
141715936 176057696
141714752 176055680
141714400 176056736
141720608 176067520
141717120 176064064
141710592 176058336
141711648 176055552
141708480 176050656
141709792 176057248
141718816 176063232
141718272 176064640
141716800 176061280
141715680 176056896
141713600 176057536
141712384 176052320
141713312 176056544
141716160 176063648
141719296 176059904
141718368 176053088
141718272 176045728
141716000 176053056
141717056 176066080
141710432 176065344
141714432 176058752
141717952 176058336
141723840 176064256
141717888 176062272
141718976 176054368
141714528 176053440
141713280 176051296
141717184 176056896
141718464 176051648
141712064 176045056
141710016 176046848
141714848 176050464
141711744 176056896
141707776 176060384
141707200 176057312
141706080 176053152
141708704 176057152
141709920 176058368
141714240 176060896
141713568 176059936
141711744 176058272
141709664 176052896
141709856 176052000
141710848 176056160
141714464 176061216
141718624 176062016
141714816 176060768
141717248 176060960
141726304 176063744
141721664 176062528
141717408 176060224
141719360 176062784
141717344 176060704
141709504 176053856
141709024 176048320
141712864 176059872
141714560 176062560
141712000 176061728
141708544 176059392
141702048 176055712
141705984 176055264
141711040 176054080
141705920 176047200
141707424 176049984
141710528 176055168
141711072 176053248
141716960 176055360
141713184 176058144
141708576 176063872
141706944 176065952
141708704 176059264
141703456 176056480
141700032 176047616
141702432 176044576
141705280 176051456
141709920 176056128
141712384 176054688
141715168 176053056
141713600 176057312
141713088 176056512
141717536 176056224
141714720 176058304
141711392 176059424
141715584 176063392
141716352 176065024
141712736 176067680
141709568 176064416
141712192 176062688
141714880 176062240
141719296 176069248
141719712 176067360
141718240 176059424
141720416 176060096
141721728 176063328
141722304 176065856
141721216 176065344
141712992 176059456
141710400 176051936
141709312 176051648
141710720 176062336
141707744 176054176
141703168 176046144
141707552 176052320
141715520 176060064
141716672 176063584
141713504 176057952
141709408 176055936
141711520 176062016
141709376 176059424
141707168 176053088
141712800 176054880
141718208 176059232
141722656 176058400
141723136 176059488
141720864 176062816
141723264 176068288
141726336 176063520
141716128 176054336
141712960 176058432
141714272 176053728
141713664 176051264
141713920 176055552
141715168 176056288
141716384 176060064
141720224 176057792
141722912 176054432
141720576 176057824
141717888 176060192
141717408 176060352
141716000 176056800
141716672 176054432
141722144 176056576
141724704 176059168
141726688 176059680
141722848 176056192
141718336 176047328
141718144 176051552
141718720 176055680
141723648 176060288
141722656 176059168
141721792 176053440
141717152 176049632
141716064 176047776
141720064 176050912
141721440 176061120
141719648 176062176
141719456 176054912
141715264 176050720
141717632 176055904
141722624 176055680
141723392 176055232
141723904 176052800
141720448 176056896
141721024 176063808
141718400 176064352
141716128 176063040
141711840 176062816
141714496 176062976
141713248 176063360
141712416 176056928
141714720 176054560
141715072 176053504
141716032 176052704
141717248 176057088
141720768 176060960
141725472 176067584
141727552 176067648
141720512 176057760
141716672 176051488
141713184 176053408
141707072 176050496
141708000 176046880
141710080 176048032
141711584 176054368
141716544 176058272
141716160 176060288
141714624 176056192
141713888 176050560
141713312 176048384
141716896 176055168
141722208 176054976
141722784 176053600
141720160 176058272
141717184 176058624
141722624 176055104
141719040 176049888
141721824 176053856
141725408 176060128
141724512 176057568
141721408 176057856
141719168 176058400
141720704 176054208
141721056 176056256
141724544 176060832
141716032 176057248
141710240 176053728
141713280 176055008
141711776 176050112
141713472 176046368
141712416 176044000
141712320 176051296
141715072 176051648
141716576 176047680
141718112 176049312
141724064 176061344
141721440 176063744
141716736 176054720
141713792 176047776
141709376 176049184
141705184 176044352
141707424 176047488
141708096 176053696
141711200 176055008
141715072 176053920
141717824 176051968
141719232 176046880
141715328 176050304
141714144 176046144
141707872 176038304
141703648 176037312
141708896 176041248
141711424 176044384
141713152 176046432
141712544 176047584
141717536 176055712
141722400 176057088
141724608 176058784
141718080 176053504
141711008 176049792
141708736 176047936
141712800 176043200
141718816 176045664
141719232 176049952
141719584 176053312
141721152 176053344
141722880 176056960
141724896 176060608
141726368 176059584
141726784 176058400
141722368 176056576
141716608 176050976
141719616 176047424
141721664 176053568
141724352 176051648
141721408 176051232
141716128 176055712
141710944 176056320
141707136 176054624
141712736 176051456
141713504 176050208
141716320 176050208
141714560 176047168
141712320 176045376
141714112 176046944
141714624 176054208
141716128 176056544
141715808 176051456
141715840 176051520
141721888 176059488
141722784 176059648
141719328 176061408
141710560 176059424
141712608 176055232
141715040 176066144
141710720 176073760
141709056 176065568
141714272 176064832
141721952 176068832
141721856 176063648
141712000 176064096
141708352 176062304
141709184 176057152
141711232 176060448
141712928 176063136
141717472 176071392
141722560 176074624
141725632 176076096
141720384 176075648
141715200 176065728
141709568 176061184
141709984 176066976
141710496 176072384
141713792 176076128
141722656 176082240
141724960 176086688
141728288 176090368
141723296 176087744
141714912 176080768
141712864 176080800
141712416 176074560
141714816 176073696
141711328 176070656
141711264 176070304
141715552 176075584
141716608 176077344
141717664 176075360
141719488 176079264
141719776 176079840
141719904 176076320
141717664 176074304
141712896 176080224
141717792 176081952
141722080 176082432
141722560 176081248
141718752 176079968
141719744 176084512
141718560 176074912
141713216 176073248
141714624 176074848
141713568 176077248
141714752 176075936
141714592 176071648
141715104 176076672
141713888 176079040
141711392 176077920
141720000 176078656
141722560 176072512
141722656 176069088
141724736 176074112
141720768 176074080
141718112 176073504
141713408 176070848
141711648 176067552
141717504 176069664
141722432 176070912
141723264 176075840
141726368 176077920
141726528 176079104
141727744 176083840
141726752 176082336
141720608 176076640
141714560 176069888
141711776 176069024
141712512 176068480
141714144 176066880
141717920 176066944
141715808 176069184
141715008 176071328
141710432 176072352
141712928 176070048
141719360 176074368
141720928 176075552
141719008 176074432
141721376 176077280
141723168 176078208
141724960 176073184
141727232 176073792
141731296 176074560
141728608 176072608
141721216 176073120
141721376 176076416
141724672 176071424
141725504 176069472
141723456 176067808
141721344 176070560
141718336 176066208
141720896 176060736
141719040 176066336
141718528 176069312
141722144 176068128
141724992 176067648
141721888 176073248
141716992 176068736
141719296 176072320
141724544 176077088
141723968 176075744
141723296 176075904
141725376 176068704
