10
141731648 154472992
141730528 154473888
141731616 154476800
141729536 154474528
141723520 154471392
141726016 154472576
141730976 154478400
141731904 154482240
141732384 154484736
141732800 154484704
141731136 154482240
141728768 154476800
141728096 154476608
141726880 154476704
141730432 154479328
141735520 154483552
141732544 154482560
141731200 154482688
141727872 154476448
141731328 154477312
141739232 154477952
141734880 154476032
141738496 154482016
141739808 154486016
141734048 154489344
141729184 154485728
141732064 154484032
141739520 154486016
141735968 154481504
141736288 154474176
141735904 154467488
141735360 154468672
141733408 154469248
141731840 154473024
141727968 154472064
141736640 154476832
141740928 154487872
141734592 154487072
141726368 154483040
141724672 154479456
141725536 154481216
141727456 154478496
141731392 154474656
141733440 154477568
141729376 154478496
141727808 154476032
141729952 154478560
141733536 154480192
141734208 154474592
141735264 154474208
141733472 154470272
141729536 154467584
141734624 154474112
141737120 154479392
141734656 154477248
141733280 154480992
141736736 154480800
141737280 154476928
141738720 154479776
141734912 154477664
141734976 154474528
141735872 154474240
141737952 154477280
141734944 154482272
141731488 154479040
141729344 154473824
141730464 154474368
141731072 154473472
141734496 154470144
141736480 154480736
141733696 154479520
141726528 154471776
141727072 154469376
141728448 154478368
141732032 154481056
141737696 154479072
141738208 154478016
141733920 154480736
141737248 154477344
141737728 154476480
141737152 154479552
141738688 154480544
141732192 154477952
141726464 154474688
141728640 154481408
141731872 154486176
141733664 154484576
141732992 154479104
141731904 154478624
141737696 154480384
141740288 154480832
141739616 154479232
141739104 154474944
141736864 154476000
141734464 154476768
141730976 154478496
141732512 154477696
141730368 154474752
141734432 154474464
141738432 154476800
141735392 154472864
141735776 154472768
141732096 154472096
141731264 154475904
141735520 154478784
141733248 154479936
141731296 154484544
141734496 154482848
141742240 154485472
141742432 154482912
141737472 154475968
141738912 154479072
141733632 154478880
141731712 154477408
141733440 154475776
141735520 154472672
141733376 154473440
141733216 154476320
141726464 154476544
141725248 154477248
141728768 154475552
141731104 154477728
141734496 154480384
141738112 154478752
141735328 154486112
141732800 154482432
141737888 154481440
141741824 154483104
141739808 154479872
141739168 154478304
141736288 154478208
141739328 154481344
141741184 154487520
141742144 154487136
141741376 154480480
141736704 154482976
141736544 154485664
141734720 154482784
141730656 154481824
141732096 154478592
141736288 154479840
141740416 154481504
141745184 154476096
141746688 154478976
141747424 154483456
141748096 154484352
141743296 154485600
141742816 154485088
141739936 154476256
141740992 154473792
141742944 154476480
141742624 154483104
141740672 154482816
141737408 154483776
141729664 154484128
141729728 154479648
141736832 154480640
141736224 154481536
141730592 154475136
141725696 154476352
141727680 154479104
141733376 154480192
141739488 154477088
141737376 154478016
141733856 154477312
141733248 154475456
141735520 154479040
141734528 154481920
141732576 154477248
141733440 154476992
141734912 154478688
141734528 154481440
141737760 154487840
141741536 154485184
141745344 154477984
141742400 154477376
141733984 154472896
141729536 154470400
141733824 154471200
141735520 154470624
141734080 154469504
141736320 154477536
141739968 154478592
141741888 154477728
141741792 154477600
141741120 154479008
141735872 154480128
141733184 154474464
141733984 154472256
141732832 154471296
141729184 154472640
141728512 154470528
141729472 154476992
141728096 154479232
141731872 154477088
141735392 154476192
141731840 154472544
141729632 154472928
141729408 154469824
141732128 154470336
141734304 154469248
141734944 154467680
141735168 154472352
141729824 154476224
141734656 154477888
141737376 154474912
141736000 154471840
141732544 154467936
141735424 154468352
141740192 154473984
141737696 154474944
141731968 154478720
141735040 154478016
141734880 154474688
141734176 154478688
141734496 154479328
141733408 154473856
141736032 154474464
141736832 154474784
141735104 154480640
141744256 154485216
141744640 154486976
141739264 154481600
141735136 154480192
141732896 154484608
141731744 154480928
141731840 154482336
141733632 154479872
141735744 154472960
141736832 154480160
141742304 154482496
141740128 154479200
141733824 154477632
141734912 154477056
141733792 154480000
141726112 154476096
141724736 154477280
141722912 154478560
141725536 154475264
141726112 154475296
141728064 154473664
141729888 154476480
141730688 154477728
141730752 154477824
141727264 154473280
141728928 154473952
141728672 154479392
141731360 154478560
141733120 154482976
141733120 154484032
141731136 154484096
141736000 154485376
141735008 154484128
141736384 154484480
141739456 154485696
141737856 154483648
141734944 154480736
141729184 154478496
141728576 154482752
141731424 154487424
141733824 154488192
141736736 154484992
141738816 154483008
141739456 154482336
141736928 154481408
141734336 154475744
141731168 154473184
141732288 154475168
141736064 154474976
141734976 154474464
141733984 154481312
141736480 154482272
141735488 154481248
141729792 154480192
141736256 154482496
141746912 154483200
141745600 154480576
141739904 154482688
141739328 154485568
141741024 154486752
141741632 154492480
141745504 154490944
141743616 154491104
141748928 154492608
141748224 154489856
141741248 154483392
141736384 154483168
141738368 154487424
141744192 154486816
141746400 154490176
141745248 154489184
141738208 154487776
141738624 154493120
141739168 154490496
141738464 154486048
141742016 154486400
141741376 154486496
141742560 154487968
141742336 154491072
141741216 154492224
141737568 154494816
141735392 154487680
141736608 154489248
141736992 154489280
141738336 154488256
141739296 154489568
141735968 154489824
141735872 154489696
141730784 154487296
141735040 154488480
141738560 154489024
141734400 154488416
141728800 154482400
141733184 154481792
141734240 154484160
141737344 154480448
141742304 154483808
141739136 154484672
141737856 154481312
141736704 154477856
141735872 154485664
141738144 154486816
141737536 154484512
141737120 154484192
141738528 154481120
141740128 154480928
141743744 154483520
141746176 154484544
141741344 154486240
141739008 154484576
141737920 154485344
141732064 154482880
141735840 154478976
141737504 154474624
141733472 154476128
141732768 154477888
141730720 154474688
141731584 154478336
141731488 154485568
141735424 154489728
141738304 154486720
141736032 154483808
141734496 154479168
141735808 154482912
141742240 154480736
141745312 154480224
141744192 154484544
141740992 154486560
141736160 154482688
141732448 154481248
141738688 154483456
141737824 154482208
141732000 154474720
141736352 154481344
141734848 154488512
141734336 154490016
141737152 154484736
141734944 154481856
141738464 154480576
141741056 154476384
141739872 154478912
141738848 154481344
141738208 154481600
141735936 154478592
141739392 154475456
141739712 154481952
141741696 154481216
141742336 154479200
141738272 154485408
141737856 154485536
141739776 154489120
141739232 154485504
141743264 154483104
141741696 154482496
141745760 154484448
141747456 154488576
141742784 154487072
141747648 154487712
141747360 154487936
141744352 154482432
141742208 154483456
141743264 154484832
141745184 154481408
141746752 154477824
141743840 154480832
141737664 154476448
141739264 154478400
141736576 154475424
141733984 154478784
141740544 154479424
141741696 154480320
141743904 154482528
141746080 154478048
141744864 154475456
141748000 154478688
141745344 154486720
141743776 154487808
141743104 154484704
141746560 154489440
141749664 154497536
141751424 154499200
141750752 154493248
141744096 154483328
141741664 154482208
141743360 154481184
141743392 154483200
141746336 154489056
141743328 154491680
141740992 154488160
141744640 154484256
141742528 154480224
141740256 154478752
141738752 154474912
141738560 154471168
141742080 154477664
141743040 154486240
141740192 154486464
141739936 154486048
141739872 154483520
141740928 154478432
141735872 154474176
141732864 154476608
141733632 154474784
141735520 154476800
141731456 154481152
141732256 154480960
141729280 154476288
141727328 154481184
141734464 154485824
141733184 154486240
141730816 154478624
141730656 154472480
141735136 154477248
141740256 154479904
141739712 154481184
141734688 154479904
141737216 154484992
141741408 154490272
141742656 154487904
141737728 154487328
141733472 154483456
141728384 154478240
141734816 154475424
141738848 154484768
141737184 154488832
141736736 154480256
141735680 154481472
141733440 154483872
141739360 154485792
141742464 154484064
141744928 154481088
141749216 154483968
141748768 154481888
141742048 154482784
141737536 154481344
141740320 154474976
141738752 154473024
141735776 154477152
141737824 154485952
141741504 154487232
141749472 154485024
141742496 154483264
141737408 154477120
141734464 154473536
141732512 154474496
141733504 154474624
141734336 154483296
141736000 154483008
141737952 154481696
141739456 154479328
141737312 154474784
141738208 154474784
141738176 154476448
141737440 154478304
141741280 154481632
141742880 154486112
141742208 154489312
141738400 154485504
141737504 154479712
141731712 154474848
141733696 154476480
141735264 154479616
141734304 154480352
141735456 154477920
141738688 154480032
141736448 154482304
141738848 154483552
141739232 154488352
141733920 154483552
141736352 154476672
141738880 154476704
141735232 154482368
141731456 154477728
141728544 154475904
141728992 154475808
141732576 154480992
141735072 154479008
141735968 154484928
141738016 154485824
141738176 154479456
141744032 154478624
141745984 154479552
141745792 154483392
141741344 154486592
141737312 154480352
141737440 154477472
141739424 154480576
141739648 154482528
141738560 154479776
141738464 154474688
141739200 154472736
141735712 154475008
141735520 154476832
141739840 154478656
141735520 154474208
141735488 154473472
141735808 154476800
141736864 154483360
141739360 154477792
141736576 154464640
141737632 154466304
141739744 154471968
141740992 154480800
141740128 154478592
141736928 154476288
141736928 154481792
141739616 154480736
141736480 154471968
141730464 154463968
141730752 154461440
141732160 154465856
141731424 154476960
141728864 154477344
141730464 154469536
141734208 154474880
141731392 154475072
141725664 154471904
141727872 154473376
141734496 154478240
141735584 154478400
141732896 154477760
141735104 154475296
141732576 154473088
141729920 154474464
141726496 154473248
141728608 154476256
141730112 154472800
141729408 154469088
141733600 154471456
141732672 154473408
141730784 154474720
141727200 154469536
141723744 154472608
141725664 154472928
141732320 154471808
141738720 154477632
141732992 154480064
141734368 154477056
141740544 154479584
141735072 154477504
141734464 154476768
141740704 154475648
141744832 154475072
141739680 154479744
141731136 154481248
141730048 154472672
141735360 154474176
141741280 154477280
141740288 154480960
141742592 154479904
141738976 154481888
141741344 154480640
141747072 154484992
141747552 154482240
141738688 154477568
141735520 154477344
141735712 154473888
141726048 154466656
141725216 154460256
141729184 154462592
141734656 154465312
141732096 154468896
141729056 154468608
141727936 154469216
141730080 154476800
141732608 154476672
141734688 154476256
141732480 154476800
141733184 154477440
141735264 154478496
141740768 154477440
141737152 154476992
141732224 154475168
141730400 154473248
141725792 154470560
141727552 154472384
141727840 154468608
141727360 154466912
141729536 154468800
141729152 154469312
141727744 154472800
141729792 154473600
141732096 154473504
141732896 154475680
141737376 154479872
141737472 154478816
141737344 154477856
141739680 154475072
141733792 154473536
141728320 154470112
141731072 154470880
141729184 154478080
141731072 154480032
141734080 154473280
141732000 154471104
141735232 154475072
141738336 154476736
141741088 154474944
141741120 154477952
141737216 154476704
141730656 154469312
141730240 154467648
141733952 154471104
141734784 154469728
141739904 154468736
141737312 154470880
141735392 154476192
141739008 154474080
141738880 154470496
141735936 154467296
141737024 154469632
141743200 154474368
141744640 154476480
141746048 154481408
141743104 154480000
141738880 154471680
141739072 154470176
141738304 154472160
141736224 154470656
141739104 154466336
141737600 154472832
141740704 154475936
141737504 154471200
141731200 154468256
141730496 154471936
141731936 154472000
141740160 154471872
141739840 154470432
141735744 154470816
141733792 154470272
141733440 154474944
141734016 154480256
141735680 154485344
141733280 154479968
141728320 154475584
141730304 154477568
141737568 154481280
141743520 154476544
141739808 154477440
141734912 154479008
141730528 154472608
141733312 154472064
141734816 154474560
141736384 154475488
141740576 154474368
141739168 154474912
141736288 154476672
141733600 154473408
141734176 154471424
141739584 154476768
141748576 154479584
141745440 154480256
141737024 154481728
141731680 154475200
141733952 154473216
141736160 154476224
141734688 154473888
141734784 154476640
141736704 154478176
141734400 154477216
141732672 154472768
141731200 154471040
141734272 154468736
141736000 154468384
141736704 154473408
141735616 154472480
141736480 154471072
141734528 154471712
141731392 154471104
141732576 154474464
141740224 154478720
141741952 154481568
141740256 154486784
141740736 154479808
141735872 154472224
141732128 154468768
141727392 154470400
141729600 154474400
141730624 154478688
141727424 154480640
141727616 154482112
141727936 154478848
141726240 154478048
141730080 154478432
141731744 154479808
141728000 154483040
141730720 154480544
141737024 154477024
141732928 154479008
141729632 154479072
141738560 154482336
141741888 154483136
141742432 154486272
141741408 154486848
141737184 154480448
141734624 154475136
141729856 154475392
141726016 154479072
141730144 154480448
141730976 154485568
141732128 154488000
141734208 154483968
141733440 154483968
141725216 154479104
141727744 154476000
141730304 154472544
141728032 154476544
141726624 154477952
141728960 154481504
141728352 154488480
141723904 154485824
141726528 154481120
141725056 154480000
141722240 154469536
141723040 154465824
141724512 154469088
141725152 154469824
141721312 154473472
141721280 154475296
141724832 154485184
141728064 154487360
141727968 154484416
141730464 154480544
141733632 154481920
141729504 154480064
141722336 154479456
141724000 154477984
141726240 154477280
141726752 154475264
141731680 154479360
141726464 154480608
141727360 154480192
141729856 154482912
141733568 154483264
141725888 154477472
141724640 154473824
141721952 154470944
141720192 154471648
141728320 154475200
141728960 154483168
141725024 154478784
141724384 154471040
141722272 154471136
141722816 154472640
141727808 154473952
141725312 154475488
141721344 154471808
141727552 154476576
141731520 154483456
141731872 154485664
141732480 154482784
141740448 154480800
141734176 154481152
141731552 154481120
141734816 154475712
141733760 154475264
141733376 154467744
141732800 154472704
141737120 154480608
141736800 154481920
141733920 154477568
141727168 154477824
141726304 154477888
141731744 154475040
141733408 154475552
141736288 154480672
141736000 154483264
141732864 154476832
141733152 154479168
141732576 154479424
141728736 154476128
141731296 154478528
141735488 154476640
141727232 154476288
141725600 154473280
141725920 154472256
141727424 154472992
141734144 154474944
141736608 154482304
141740608 154484864
141741504 154481984
141736096 154476512
141725696 154473184
141719552 154473088
141722400 154468352
141723904 154466880
141726816 154474976
141729376 154479168
141729792 154479616
141728064 154485184
141729280 154480384
141732000 154475872
141734432 154471872
141727936 154481280
141726336 154480032
141727200 154473248
141732768 154473472
141733664 154478016
141734560 154475360
141727840 154466912
141724256 154466944
141723584 154469216
141728096 154470016
141732896 154470880
141732896 154472224
141726624 154469536
141721632 154467648
141722720 154466400
141727040 154468544
141725376 154470592
141727520 154466816
141730880 154468736
141729952 154473056
141728768 154476128
141731552 154475200
141724896 154472320
141724672 154470944
141729344 154473600
141729152 154475776
141730304 154474848
141732128 154471328
141731776 154467328
141728544 154467168
141731232 154467392
141726656 154466304
141728448 154464384
141730144 154463776
141726624 154464320
141729216 154468736
141732640 154474336
141731456 154468448
141733568 154467360
141735808 154471392
141736512 154472800
141732032 154468224
141726592 154462560
141727744 154466464
141729792 154476192
141728224 154479040
141731936 154478432
141736448 154478944
141731712 154476064
141732672 154472064
141737984 154471648
141742240 154478080
141742240 154473920
141734304 154471904
141728608 154469248
141721856 154471104
141724096 154469984
141731136 154468992
141733248 154469216
141738496 154471104
141735808 154471424
141730400 154472000
141732928 154471776
141728448 154467136
141723616 154465856
141733024 154473792
141734880 154471168
141730912 154463904
141730368 154464864
141728096 154471072
141727360 154470304
141725600 154468256
141721440 154474336
141728576 154478208
141737856 154480160
141738784 154480544
141738848 154483392
141733312 154481088
141731264 154470048
141728576 154465760
141724896 154472928
141724064 154474720
141720160 154473856
141724576 154476768
141730048 154473984
141735072 154475776
141730752 154475808
141731680 154472416
141732096 154479008
141730528 154476960
141734752 154473408
141732672 154471360
141738208 154475072
141740416 154477280
141738144 154475264
141737120 154474016
141732704 154467808
141726432 154461920
141724960 154463552
141730944 154472608
141736256 154480576
141735680 154478976
141731840 154475584
141729344 154478848
141736704 154475680
141734016 154471680
141730624 154470048
141728512 154469856
141729728 154471136
141730240 154473792
141727072 154477664
141727264 154480736
141729440 154479104
141730784 154477472
141733728 154474592
141726112 154469280
141722752 154465248
141728192 154466752
141732864 154472960
141733696 154480032
141731904 154479936
141726784 154473568
141723840 154471424
141724544 154473888
141732096 154472224
141735968 154474880
141728608 154473696
141723968 154461536
141725120 154459104
141732096 154464960
141732192 154472288
141732128 154478400
141732352 154478272
141733408 154471744
141731072 154472640
141729088 154470624
141723328 154468288
141728640 154469248
141731168 154473120
141737792 154467968
141740640 154464896
141741472 154475008
141737728 154478336
141736224 154476608
141735072 154473280
141738496 154469984
141743136 154471392
141738528 154475264
141732384 154474016
141731744 154471328
141732032 154467040
141732448 154468608
141733952 154468192
141732864 154466912
141732640 154465952
141732032 154471904
141731776 154471456
141730944 154470400
141729696 154469472
141732352 154474784
141734528 154475872
141736064 154477536
141738208 154480896
141731744 154475392
141734880 154479136
141738976 154480832
141739264 154480064
141737920 154476416
141733600 154468352
141732928 154471008
141735104 154483168
141732224 154485184
141725344 154478944
141728352 154471808
141730656 154469728
141732768 154473024
141731680 154476992
141730720 154478016
141739968 154476768
141740384 154485120
141740608 154483872
141735136 154472064
141737536 154477056
141739424 154483040
141744160 154481952
141739008 154480256
141731968 154478304
141729888 154475232
141732704 154477120
141735328 154482240
141735648 154485728
141736160 154488384
141727456 154482976
141729216 154476096
141737984 154482464
141741344 154482048
141738688 154472832
141732000 154469952
141726368 154469248
141728640 154471104
141733504 154475264
141738304 154474464
141733952 154474784
141735808 154474048
141740736 154476000
141739584 154474944
141733920 154476832
141733920 154477888
141735232 154476352
141737440 154480256
141735456 154485568
141734016 154476480
141732672 154472032
141733024 154472448
141729216 154466016
141731552 154468928
141734944 154472608
141735136 154474624
141732544 154481376
141726752 154478496
141722432 154467872
141724736 154466272
141724544 154466720
141724736 154467136
141726880 154467936
141723680 154465984
141722688 154467200
141728448 154472640
141730336 154475360
141729280 154476992
141727520 154480224
141730112 154474816
141732416 154473888
141732640 154475712
141728448 154468448
141724320 154465792
141727040 154469664
141728800 154479776
141726880 154479392
141727264 154478208
141730592 154477952
141725920 154468544
141723136 154466080
141725984 154469600
141729184 154472352
141736352 154472736
141733216 154474624
141734272 154476736
141730624 154476384
141728800 154476128
141727744 154478880
141727872 154472448
141736256 154473696
141739040 154473504
141735104 154472672
141733728 154472512
141730880 154475488
141731008 154479840
141730368 154476096
141726816 154472800
141729856 154474016
141735264 154480256
141735136 154477280
141737088 154473792
141739104 154474592
141734880 154473152
141731680 154469568
141729728 154470624
141729440 154470720
141728768 154474624
141730336 154476768
141735488 154474688
141736448 154475776
141735200 154471744
141733408 154472032
141728064 154470912
141731360 154474720
141737568 154477696
141732832 154477472
141727104 154471104
141726944 154470720
141725216 154476416
141725760 154473184
141726752 154470720
141726400 154474176
141726752 154477504
141733952 154480576
141737856 154482848
141735488 154478880
141731552 154476704
141734624 154476288
141735520 154477408
141739392 154476672
141739712 154475168
141739328 154472064
141740320 154468032
141737824 154471040
141737312 154473632
141734528 154473568
141730368 154470976
141730208 154467680
141732512 154470624
141734944 154474688
141731328 154472192
141723712 154470272
141728160 154467328
141729792 154469568
141726240 154475040
141729920 154478016
141729216 154477120
141726176 154472096
141728448 154470720
141734784 154476704
141732768 154480768
141728928 154481888
141729088 154482144
141732832 154483488
141736224 154491008
141736288 154485152
141732256 154473408
141727072 154470816
141727392 154475648
141732992 154474048
141734016 154473600
141734656 154476768
141738592 154474720
141736256 154478624
141732640 154479968
141730656 154480256
141731072 154476352
141730016 154474208
141728512 154470272
141733888 154472896
141736096 154479680
141735936 154483520
141741632 154483904
141736992 154480160
141731328 154482496
141734336 154477216
141734848 154477568
141738112 154479104
141739392 154474432
141740320 154474112
141742208 154479424
141742688 154482848
141743488 154485856
141743232 154487008
141743296 154484864
141730816 154481088
141730112 154474656
141732512 154476384
141735968 154480864
141739872 154473056
141735264 154468256
141728032 154472768
141723264 154473632
141725792 154471456
141732160 154474816
141736608 154485728
141741376 154485760
141743744 154482464
141737248 154481024
141737120 154480384
141739520 154482496
141735744 154475616
141734080 154471936
141728512 154471424
141730784 154473056
141729888 154475488
141728896 154480928
141737504 154487136
141740928 154483680
141742240 154479648
141741664 154484608
141741216 154484608
141739776 154486144
141738272 154485088
141744320 154484800
141743136 154481120
141736512 154476480
141734880 154476192
141738208 154481312
141740960 154482944
141737792 154482464
141734656 154479616
141733120 154475040
141729024 154477408
141731008 154478688
141732256 154472160
141734624 154471840
141727648 154473088
141725568 154474208
141732608 154474272
141733312 154477568
141731840 154480544
141734912 154482368
141731584 154477760
141728064 154473088
141729856 154472000
141731552 154472800
141733376 154471232
141739168 154475232
141737184 154484608
141735168 154481024
141732928 154477216
141736160 154478720
141734336 154482176
141733440 154482304
141734912 154479296
141734688 154475616
141738208 154473344
141733792 154471520
141736352 154474368
141734624 154475296
141737664 154476160
141737888 154477792
141733760 154478496
141733952 154479488
141738368 154477536
141741472 154477856
141746752 154479936
141744096 154477984
141738976 154484128
141737664 154484768
141739136 154478944
141740512 154475232
141734400 154473248
141731392 154470688
141731680 154468864
141735616 154466944
141734336 154469472
141730560 154473280
141730240 154477472
141729376 154479168
141732768 154481184
141734784 154477216
141731680 154470688
141732928 154468576
141733728 154472800
141732224 154470560
141730400 154470528
141731936 154471968
141734496 154474816
141734176 154473472
141729472 154469568
141727520 154471456
141736352 154474144
141740192 154472896
141735520 154471584
141735136 154476704
141740096 154477792
141736544 154469600
141737504 154472960
141742784 154480864
141735968 154475552
141736608 154474432
141742880 154477344
141745024 154479136
141739232 154478656
141732320 154466976
141725376 154462592
141728928 154468416
141733920 154474528
141729440 154472448
141734304 154471744
141736064 154472544
141725728 154472320
141725760 154472704
141722976 154469472
141726400 154465824
141733856 154466880
141731968 154468864
141732096 154468544
141733120 154471488
141732672 154467808
141731904 154469152
141734208 154476288
141736512 154478944
141733632 154477376
141734720 154473792
141731744 154471392
141730016 154467424
141735200 154471424
141739552 154477312
141731872 154475072
141730336 154473408
141731744 154470176
141732416 154469216
141732256 154469248
141729216 154466400
141726080 154463616
141727456 154469184
141730592 154477728
141730752 154480416
141726656 154477312
141723520 154470848
141721056 154468416
141723744 154463584
141726912 154464928
141728896 154468576
141730176 154469600
141723680 154467872
141723552 154464032
141728640 154471584
141729664 154474720
141729376 154470848
141730208 154467584
141730464 154466720
141730272 154463712
141732832 154470432
141738048 154478464
141734656 154472640
141735616 154470496
141740352 154474816
141739296 154479744
141737760 154477760
141735328 154475040
141740096 154473408
141741088 154483136
141739808 154485440
141740480 154486400
141741408 154484928
141739296 154479744
141739616 154476224
141738592 154471840
141728512 154470816
141730304 154476128
141736928 154480480
141734080 154479744
141731264 154479328
141731200 154480576
141731392 154479168
141729632 154478176
141729248 154475456
141727584 154471712
141722336 154467936
141725600 154468640
141728704 154465024
141728192 154464320
141736064 154475520
141741376 154477792
141737920 154484000
141738848 154482912
141737248 154483040
141735200 154484192
141737760 154479072
141737728 154481152
141737312 154479328
141730496 154471200
141724704 154468480
141724256 154468128
141728736 154470432
141729920 154471744
141732864 154471488
141732768 154476736
141733568 154473472
141737312 154470944
141728416 154466272
141730752 154463840
141735072 154468864
141728032 154472608
141724512 154474592
141727392 154473440
141726816 154474784
141734528 154476704
141729280 154474976
141725536 154471328
141728800 154468320
141736000 154473696
141735904 154477920
141737216 154479136
141741184 154476096
141744544 154478528
141741792 154475328
141737504 154470656
141730784 154467040
141730720 154471424
141729056 154473472
141733184 154472096
141734048 154471584
141735584 154466016
141738336 154469824
141734784 154474976
141734176 154472256
141728960 154463680
141728640 154464064
141729696 154467296
141731648 154468000
141737856 154465888
141738688 154466432
141737504 154472416
141737440 154469120
141739616 154470528
141733632 154467456
141731680 154467136
141732224 154468832
141737696 154471648
141745056 154470080
141741568 154474784
141740192 154470720
141735552 154467456
141733504 154469280
141734624 154463584
141734208 154458688
141733408 154460320
141733440 154463168
141732160 154463264
141735296 154462496
141734784 154467392
141735808 154474176
141738752 154475968
141736832 154476416
141734496 154471360
141732224 154463360
141727104 154458272
141728416 154455744
141726944 154457408
141731264 154467296
141730912 154469664
141728512 154471552
141731904 154471776
141727776 154466432
141726432 154466880
141725952 154469344
141731040 154468064
141734752 154464480
141735488 154464352
141734048 154465120
141729536 154466784
141730432 154470944
141734080 154476032
141734304 154477600
141739712 154477504
141739680 154477472
141740576 154474304
141736384 154468736
141733664 154470912
141733952 154473600
141730496 154471936
141731808 154475488
141731712 154473920
141730464 154467168
141730400 154464160
141731200 154469024
141729344 154466304
141729952 154464160
141730336 154467584
141732864 154470848
141734048 154470656
141734560 154466272
141732832 154469920
141737792 154475936
141738880 154476768
141736320 154476064
141736032 154470880
141733664 154471264
141734976 154475616
141736352 154467424
141729184 154465600
141730016 154467680
141727744 154466688
141732192 154470432
141735616 154473280
141734208 154469248
141737280 154472480
141739424 154473312
141737024 154475584
141732192 154478880
141726528 154475456
141725664 154475360
141729024 154479264
141730144 154481888
141728480 154475904
141731968 154471648
141729568 154466560
141726752 154465536
141733248 154470752
141728320 154471392
141724224 154474208
141716896 154468448
141718624 154461056
141725440 154462144
141726528 154470272
141730400 154469248
141729952 154469280
141728768 154464192
141724576 154465952
141730144 154466048
141736032 154471712
141734048 154473504
141726464 154464320
141723136 154456928
141723680 154456800
141723680 154458976
141728672 154461152
141728512 154464384
141730048 154461248
141730528 154468064
141729792 154473824
141722272 154470240
141718720 154462848
141715840 154455968
141719680 154464000
141725568 154470496
141728256 154472096
141732256 154474464
141728224 154476352
141725024 154475328
141725440 154476352
141729792 154470848
141733120 154463680
141734688 154467584
141730592 154466720
141728256 154460160
141723136 154458848
141724832 154460704
141726304 154466560
141729056 154467040
141730496 154466944
141727072 154464800
141723104 154462176
141730560 154460864
141726400 154460544
141720928 154460096
141722496 154462496
141727168 154461344
141727072 154458816
141727104 154463360
141730560 154469504
141732480 154469824
141732448 154467520
141731680 154467168
141730752 154464064
141731360 154465344
141735136 154467904
141731008 154465472
141728768 154463392
141725440 154465088
141729120 154468544
141735456 154472896
141736800 154472640
141735360 154467168
141726848 154462560
141725536 154465248
141731360 154474304
141732320 154474080
141728256 154474112
141728576 154471680
141732064 154466176
141736032 154468256
141739872 154471072
141742208 154468672
141734112 154464032
141730720 154467040
141731424 154469856
141727840 154467328
141729824 154468576
141735712 154470976
141740416 154468352
141736448 154470144
141732832 154473056
141733792 154470944
141738816 154469120
141738976 154468896
141737504 154469568
141730816 154468448
141733408 154469536
141731616 154466464
141728768 154460960
141730528 154463456
141739872 154461440
141744352 154461664
141739744 154463968
141737248 154469632
141736000 154469856
141737792 154467584
141737504 154472608
141736128 154471680
141737792 154468800
141738848 154468320
141731648 154465632
141732128 154462080
141733312 154465280
141739136 154469088
141740544 154467552
141738848 154468384
141735168 154468928
141730432 154466592
141729408 154471136
141734432 154471808
141736544 154473248
141732576 154469024
141730656 154465248
141729088 154466912
141729664 154467552
141728000 154471488
141729696 154475680
141734368 154476384
141731744 154479936
141727488 154473152
141728064 154465536
141734144 154464576
141735168 154463648
141729536 154465856
141735008 154470400
141741760 154481760
141741152 154480704
141732064 154478016
141728256 154478432
141731104 154473312
141734080 154469856
141735168 154471200
141736928 154475040
141735872 154482400
141739648 154479648
141733888 154479488
141732608 154480288
141733440 154482528
141731680 154476576
141730752 154475136
141731520 154472192
141733056 154471168
141734144 154474560
141726560 154477152
141729344 154476896
141730272 154478304
141734912 154478272
141732416 154477216
141730432 154480416
141729440 154478016
141726944 154475072
141725664 154472864
141728320 154474592
141725888 154479296
141726208 154477536
141729504 154474112
141735520 154472896
141735840 154472352
141734912 154474848
141736384 154480064
141737440 154475712
141733920 154475040
141730912 154473952
141732544 154475808
141733760 154479104
141735168 154480960
141731456 154474880
141723360 154470976
141724352 154467552
141729248 154470304
141737376 154471776
141749920 154482208
141750464 154492416
141743808 154486208
141736160 154481120
141733152 154477088
141727712 154476000
141731136 154478688
141732096 154474592
141734784 154470016
141733760 154473152
141731328 154473696
141734272 154472032
141738656 154473696
141736000 154473824
141729952 154470208
141724000 154471232
141725856 154467680
141731712 154468416
141730144 154468928
141726624 154468864
141731456 154471584
141727264 154470912
141726400 154477536
141730752 154482912
141730272 154477952
141728448 154475520
141734784 154475040
141739424 154474688
141742304 154474688
141737344 154476800
141735392 154475552
141731232 154473120
141733152 154475232
141736768 154476608
141740672 154476512
141740672 154478656
141733856 154474048
141731328 154468352
141732064 154469120
141733632 154468512
141734528 154465408
141739360 154472224
141740032 154481632
141738624 154485728
141728320 154483904
141724832 154473152
141726400 154465984
141729216 154469088
141732288 154472384
141736640 154466816
141736288 154470272
141733248 154470944
141732448 154465760
141736128 154467520
141734976 154466304
141733280 154469376
141729824 154468864
141726976 154466752
141725152 154463040
141723968 154460928
141729952 154467616
141731136 154465728
141726656 154467072
141727904 154473472
141730720 154471200
141731488 154467808
141729728 154468320
141726912 154469184
141725280 154467168
141727488 154468992
141727008 154472288
141729184 154479552
141730400 154477024
141732672 154468800
141731904 154465600
141729664 154466656
141729248 154466432
141728576 154466336
141727584 154467712
141730688 154468704
141734560 154468416
141736960 154471264
141739584 154475296
141735456 154476896
141732128 154472032
141730560 154472672
141731168 154475424
141728736 154470176
141726976 154466624
141728128 154465984
141731552 154470656
141733792 154473856
141732608 154469888
141730336 154473408
141736928 154472896
141735072 154463264
141731744 154462624
141726784 154464704
141726464 154466304
141729152 154467520
141732832 154470752
141733408 154474848
141734464 154472384
141735872 154465280
141731424 154466976
141735328 154467808
141739040 154472512
141736928 154478784
141734592 154476608
141731200 154471296
141732384 154475072
141736800 154472224
141740000 154472480
141743200 154475808
141739552 154479360
141736832 154479648
141739200 154474752
141733088 154472640
141729504 154474016
141727008 154467744
141728096 154465952
141726656 154467008
141728608 154468608
141734944 154471872
141729440 154463872
141726592 154465248
141730624 154469568
141735808 154473280
141742048 154474784
141736288 154475008
141735328 154471808
141738144 154468704
141736800 154470976
141734592 154466144
141737280 154467584
141735296 154474656
141738432 154473248
141735968 154476320
141735936 154471968
141733920 154468736
141734592 154474080
141736608 154475104
141735232 154470976
141734656 154467840
141737056 154472576
141737152 154473056
141736096 154477696
141735200 154482208
141735488 154478336
141734272 154474304
141725600 154475520
141727424 154478752
141733536 154475904
141735168 154471616
141731264 154469376
141728320 154465696
141725696 154459808
141729888 154463328
141727040 154464800
141722272 154467456
141726080 154473280
141732704 154471776
141734560 154466656
141728416 154461920
141727264 154465952
141726560 154473344
141728960 154472032
141732960 154469376
141731520 154470912
141737472 154473728
141746496 154481344
141744480 154476576
141741632 154472576
141741632 154464416
141736288 154462464
141729568 154466912
141730496 154469248
141734272 154470016
141735520 154469408
141737152 154470464
141742752 154475264
141739648 154473280
141738144 154473792
141735680 154472480
141734432 154465632
141731488 154464064
141737216 154470624
141738944 154473632
141737312 154472864
141740608 154475456
141735040 154474656
141734656 154471968
141740320 154470400
141734912 154470976
141733440 154468960
141736032 154468288
141736256 154467264
141727776 154463360
141725504 154465152
141730240 154467520
141737184 154467936
141742144 154468640
141742880 154471200
141741568 154465248
141734016 154464480
141730432 154470304
141731584 154475040
141738592 154475936
141740160 154472608
141734848 154468960
141734080 154469216
141729568 154469568
141722528 154463328
141721952 154460672
141732288 154467232
141739488 154470272
141738688 154472064
141735872 154469248
141731520 154469216
141735712 154469152
141740544 154473216
141737440 154475296
141737152 154470368
141735232 154466688
141736832 154469568
141735840 154472800
141733600 154473088
141732672 154469984
141730816 154468608
141729120 154467648
141727456 154469568
141728896 154472768
141735136 154475968
141731744 154475520
141729920 154473696
141733344 154474784
141733504 154471200
141734688 154466336
141728160 154470880
141731040 154471424
141739968 154469824
141738176 154466720
141736736 154462752
141733088 154460672
141730304 154458624
141735584 154463040
141737696 154466688
141735424 154472480
141739808 154474976
141744384 154466784
141744160 154468160
141740960 154464960
141737824 154456416
141733792 154458560
141735456 154463328
141733664 154467584
141735616 154468928
141734336 154470880
141737728 154473664
141741632 154468864
141737312 154460320
141736000 154457152
141738112 154465984
141740448 154472320
141735104 154468928
141727776 154464768
141727584 154467264
141734336 154476896
141746112 154485952
141746080 154480640
141744000 154471200
141735872 154466144
141736192 154461184
141739072 154467200
141740160 154460992
141737440 154460832
141740416 154459072
141742208 154459808
141733440 154461696
141730496 154462080
141727744 154464352
141727200 154460256
141723680 154459552
141727200 154461632
141733152 154466752
141732032 154469056
141733440 154464224
141740256 154463264
141737472 154469728
141735360 154467424
141734464 154464512
141731744 154456224
141732160 154456480
141731808 154459744
141731104 154462560
141734784 154468960
141732704 154467200
141728864 154461952
141729984 154460320
141736544 154463840
141735392 154465728
141732384 154464608
141732000 154462944
141734400 154467200
141743232 154470784
141741024 154469760
141734816 154472960
141728800 154469120
141727520 154465024
141730048 154467424
141732672 154461856
141732736 154463008
141734944 154463072
141734336 154468096
141733472 154472896
141731008 154470976
141725248 154471200
141728800 154470144
141728704 154464544
141727424 154465504
141727744 154466336
141731936 154467424
141732608 154476128
141734432 154471136
141731200 154466400
141726784 154469472
141735744 154465888
141738048 154467616
141736608 154470144
141735072 154466432
141740544 154468288
141742048 154467424
141738880 154469376
141735488 154469600
141737440 154473248
141731648 154472352
141730560 154469600
141731840 154467232
141725376 154464736
141725824 154466048
141728416 154463552
141730720 154456736
141728384 154455104
141724800 154459648
141723808 154456352
141726240 154458784
141730336 154465152
141730496 154463296
141729056 154462240
141729216 154467360
141731424 154467552
141734496 154468480
141733440 154467456
141728384 154462720
141725280 154463392
141724224 154463840
141730080 154463456
141733952 154464960
141732064 154469056
141731840 154465824
141734080 154465248
141733792 154467232
141733344 154470976
141736704 154473664
141736640 154473152
141736096 154470624
141735872 154473728
141736960 154471936
141738272 154463200
141732704 154462688
141733408 154462912
141736032 154461536
141736512 154468032
141740704 154467968
141735936 154466368
141733824 154467488
141736704 154466144
141737280 154464544
141736064 154462304
141731360 154459520
141728000 154459456
141731232 154461664
141732256 154460736
141732352 154464608
141729440 154470048
141726016 154463776
141722944 154457984
141730368 154459648
141729600 154458592
141722976 154457696
141727008 154460096
141731776 154467072
141735744 154468384
141731776 154469120
141729888 154465408
141726432 154463072
141722432 154462976
141721888 154459776
141720064 154459424
141718848 154459680
141725760 154465792
141723104 154468064
141725696 154469184
141734144 154477152
141740704 154479168
141741728 154479136
141738816 154474304
141738592 154474144
141739840 154474336
141742656 154472768
141738464 154471488
141729184 154465728
141729696 154473440
141729632 154474720
141727392 154472640
141732992 154465824
141732032 154462912
141733248 154463648
141735648 154461536
141732160 154466432
141737440 154468832
141746752 154476352
141740736 154482816
141736864 154477600
141735008 154476544
141736480 154472992
141736320 154461760
141739168 154459872
141737184 154465664
141731200 154467648
141724960 154465984
141727936 154465504
141728896 154473984
141730080 154478400
141735520 154472128
141738272 154473536
141739552 154472416
141737408 154468224
141735744 154464224
141729152 154460960
141731008 154462560
141735008 154470304
141740000 154473952
141740128 154472384
141739040 154470944
141732928 154474016
141736512 154471488
141737632 154467648
141736096 154467776
141733344 154466400
141735520 154463616
141740384 154469920
141740832 154467392
141743616 154465120
141741472 154463776
141736768 154462016
141736160 154463840
141734816 154459680
141734496 154459520
141737920 154464992
141740000 154470048
141740416 154471808
141737792 154470144
141737120 154471424
141736128 154470432
141741152 154469824
141746048 154471552
141743104 154472864
141739232 154469312
141738528 154470688
141738272 154474624
141738048 154469856
141735808 154466336
141736288 154471456
141736864 154471584
141731808 154469280
141731488 154469824
141735296 154465664
141736160 154469888
141730400 154472800
141730688 154474016
141732288 154477280
141737216 154478752
141739808 154475872
141740128 154469632
141734464 154470368
141734368 154471904
141731520 154463808
141734048 154462304
141738080 154468512
141737664 154464448
141733632 154461440
141731296 154465536
141733568 154470464
141735648 154470112
141733824 154464128
141735168 154467488
141739072 154471744
141742112 154472096
141739872 154473920
141738688 154472288
141732768 154468000
141727616 154467264
141729472 154466112
141737248 154472576
141737984 154475136
141737216 154464576
141736704 154460992
141735456 154467360
141731200 154470784
141734208 154472544
141736608 154473536
141733408 154471040
141729728 154468416
141729984 154467392
141732608 154470784
141735232 154465888
141732192 154463584
141730624 154464512
141726880 154457120
141723136 154456288
141725568 154457536
141728288 154461152
141726752 154463328
141727168 154462080
141729024 154463392
141728608 154461760
141734016 154461024
141733824 154461984
141727104 154465920
141728672 154469472
141732832 154470816
141731456 154467872
141731488 154466368
141737472 154469920
141739136 154467936
141737248 154470752
141733504 154468448
141738400 154467200
141740512 154468960
141740992 154472672
141735168 154474560
141736736 154470944
141734656 154465312
141730400 154455328
141728096 154454560
141731072 154461120
141736544 154463776
141739168 154467968
141734016 154463840
141726944 154454720
141724416 154449664
141731808 154455008
141731808 154459328
141729952 154458208
141727072 154456864
141727872 154457952
141738592 154467680
141738496 154464000
141729440 154454560
141729824 154459488
141729184 154463264
141736064 154462368
141740736 154462080
141737824 154461408
141734336 154456736
141735264 154457472
141734560 154464800
141737248 154469984
141732256 154470656
141731296 154468800
141737152 154465728
141736352 154465024
141735840 154460384
141733824 154457600
141728960 154457056
141730944 154456192
141732352 154455712
141730880 154459584
141734528 154461664
141734304 154463488
141741664 154467616
141737792 154469152
141738272 154469056
141738208 154466304
141738912 154470240
141739488 154469984
141741184 154466176
141734848 154466912
141733920 154464384
141732512 154463392
141730560 154460032
141731104 154456864
141737376 154461120
141735008 154466400
141726880 154460672
141726464 154460768
141731168 154462016
141729888 154461984
141730464 154460736
141732224 154459872
141732864 154460544
141735008 154458880
141733024 154458400
141734336 154455744
141737504 154457184
141732800 154458816
141733088 154461696
141734752 154465696
141738912 154462944
141737600 154455936
141733248 154456032
141735296 154453280
141740448 154451904
141742464 154453568
141742048 154456800
141736480 154460096
141730144 154458112
141729216 154456160
141730688 154459936
141733952 154461536
141735648 154459936
141736736 154451936
141735424 154453152
141736896 154458080
141738208 154457216
141736384 154453920
141738464 154456192
141736416 154458496
141732352 154458528
141735808 154458176
141732384 154453632
141725824 154454848
141728160 154456160
141736416 154454496
141740672 154457120
141734240 154456960
141731648 154456608
141733184 154457856
141730432 154458464
141733024 154459968
141735936 154460960
141735360 154457792
141728800 154457056
141734336 154459296
141737536 154460064
141737600 154462976
141741184 154461120
141738752 154464256
141741184 154467712
141739360 154463424
141740160 154454240
141743840 154454560
141745568 154461536
141744544 154468128
141744640 154466272
141744320 154463456
141743584 154466528
141746848 154470144
141746080 154467488
141740928 154457216
141734208 154448928
141736992 154452416
141740640 154458144
141742624 154462656
141741248 154460256
141738368 154458944
141741376 154463104
141738816 154460544
141736064 154459168
141734784 154457632
141733056 154452512
141731232 154451968
141734112 154452800
141732224 154449664
141734400 154451424
141733152 154454368
141734944 154460736
141741152 154462752
141744416 154461152
141745312 154458848
141740032 154453632
141733568 154451840
141737408 154455648
141740800 154458624
141740512 154458496
141741728 154460000
141741184 154468320
141737536 154466720
141732320 154458112
141728704 154453216
141737568 154455936
141738880 154454848
141735104 154453376
141738720 154455072
141739360 154465024
141736096 154465056
141732736 154462688
141735328 154457088
141740384 154453600
141738592 154455840
141731872 154453376
141730016 154457440
141731232 154461664
141733472 154457600
141737728 154457184
141742112 154467744
141744416 154468416
141740832 154469056
141740288 154465056
141740768 154467424
141740704 154463264
141738496 154463328
141733888 154463520
141734528 154464288
141736544 154466624
141737984 154467552
141728768 154462784
141726240 154456352
141726976 154453088
141725952 154456832
141729632 154459040
141732160 154459040
141730816 154457152
141727360 154460608
141735040 154459680
141742272 154466048
141736288 154465888
141735616 154464960
141735520 154463232
141733184 154456896
141731008 154453216
141729792 154452096
141731872 154461216
141730688 154469184
141734496 154463904
141737888 154461536
141732224 154457440
141726816 154458752
141725952 154461312
141726528 154459520
141730880 154459008
141730976 154457760
141726400 154459008
141729664 154459136
141731840 154462784
141734816 154462592
141729824 154461984
141728352 154455712
141732384 154454048
141739680 154454528
141736832 154454880
141739712 154456736
141741568 154460256
141740960 154461248
141737248 154462176
141731296 154458240
141728960 154450560
141728832 154447904
141729984 154451072
141731424 154456448
141735520 154457024
141738976 154457344
141741440 154458336
141738560 154459872
141732608 154461440
141732032 154465408
141729856 154463680
141728512 154458464
141730112 154454656
141728672 154454272
141732480 154456832
141736096 154459744
141737440 154458688
141738752 154461856
141740640 154468384
141740544 154465504
141739360 154463200
141736672 154455680
141738624 154452128
141737664 154454848
141734272 154459584
141733312 154456416
141739072 154454880
141736384 154459136
141733216 154457984
141731456 154457600
141728896 154459712
141728864 154452032
141728960 154450656
141729856 154450528
141730176 154447136
141727136 154458144
141733440 154462432
141736384 154462400
141734560 154464160
141729248 154463040
141730656 154460160
141733824 154457408
141730720 154458112
141730592 154453408
141727616 154448896
141723840 154451040
141723456 154459424
141725600 154458048
141731264 154461152
141729536 154464800
141730496 154459744
141736512 154458528
141739744 154460448
141741600 154460800
141740544 154460384
141734464 154455648
141734016 154456512
141736928 154462016
141741376 154460576
141738144 154459264
141731264 154459040
141732032 154457792
141732224 154456992
141731744 154457120
141731840 154460032
141723904 154458048
141722784 154457184
141728128 154460000
141728640 154467072
141726208 154464448
141723968 154458720
141729248 154459680
141732448 154464096
141728672 154464832
141730656 154462720
141726720 154464256
141724032 154464224
141735392 154463232
141738720 154462144
141730272 154468608
141726112 154467328
141731712 154464608
141725728 154462688
141728128 154466592
141732832 154468128
141729152 154466656
141731008 154468096
141735264 154465888
141727168 154458208
141727456 154461920
141733312 154460224
141734560 154465024
141736384 154466336
141739456 154467392
141737888 154469984
141738080 154472672
141734592 154473088
141733760 154473568
141731072 154468736
141729504 154466464
141730688 154466560
141732704 154462464
141729440 154465248
141735392 154464544
141737824 154461760
141733760 154459424
141731136 154458976
141727008 154454400
141728544 154453792
141726976 154453088
141721504 154453312
141723296 154454208
141731104 154458720
141734848 154464704
141731296 154462688
141734240 154457088
141738336 154457312
141729888 154454016
141724544 154453216
141728448 154456064
141736736 154450528
141734176 154446784
141735104 154453344
141739008 154460736
141740672 154463968
141740608 154468224
141743264 154464128
141742304 154466752
141740512 154470240
141734336 154466208
141731392 154460576
141733696 154450624
141732096 154452096
141728544 154455552
141727552 154459488
141727616 154456512
141727296 154453632
141727872 154458144
141735008 154462656
141733888 154457344
141730944 154452480
141735520 154446528
141732960 154452896
141735712 154459808
141734880 154465760
141729888 154458560
141733312 154455136
141734656 154465504
141734400 154466816
141733856 154460288
141736544 154458336
141735904 154465408
141736640 154465408
141732416 154459264
141730880 154462240
141729664 154464352
141732992 154464128
141741472 154460992
141735968 154459360
141730816 154459104
141731104 154454912
141732480 154456448
141729824 154457056
141734080 154465888
141734624 154467840
141737856 154464800
141738112 154463488
141735328 154464832
141733216 154459072
141730880 154458080
141732448 154459584
141734048 154459424
141731392 154456928
141734592 154461632
141740832 154465600
141743040 154465088
141740384 154464000
141734144 154456576
141737792 154459264
141739904 154463392
141733280 154464352
141737184 154464064
141738432 154461824
141732992 154459584
141737024 154461152
141745888 154469280
141743744 154470144
141739616 154468448
141735424 154469024
141734784 154466048
141733664 154456800
141734336 154455936
141737056 154461504
141741280 154465056
141745824 154470912
141745632 154473536
141741664 154464960
141741344 154457728
141743200 154452064
141740128 154451616
141738272 154453696
141733248 154455232
141728096 154452192
141728224 154454208
141738080 154460896
141739776 154461248
141735584 154461728
141734656 154461824
141733152 154455168
141729792 154451488
141728192 154451328
141736480 154452992
141740224 154456640
141737216 154461024
141734368 154459104
141734816 154460352
141739616 154461888
141738656 154465280
141735104 154458432
141729504 154454464
141728352 154458624
141734144 154462080
141733824 154465600
141734016 154464384
141733088 154463680
141740576 154466624
141739456 154464896
141737760 154459392
141734048 154452832
141730176 154451456
141731104 154454432
141736832 154457344
141736960 154457184
141736384 154458208
141739744 154460544
141742304 154465440
141738112 154460384
141733632 154453632
141731744 154444448
141727840 154445728
141731680 154452032
141736288 154454400
141740736 154452928
141731968 154450880
141732960 154455328
141738784 154456704
141739520 154453984
141741184 154452736
141736352 154448896
141739808 154453376
141742368 154458624
141746272 154458208
141746944 154461760
141742208 154461376
141740288 154461632
141742688 154459072
141738240 154455360
141733696 154454336
141733088 154449600
141738656 154451424
141739008 154459648
141743520 154466336
141746624 154469248
141742688 154466624
141748576 154461984
141746656 154458048
141738880 154455200
141737024 154455264
141738432 154457376
141738688 154460000
141739584 154462304
141745888 154465984
141748256 154468608
141742784 154467296
141742688 154468192
141742208 154456960
141738144 154453504
141739296 154451968
141747264 154450400
141746560 154456416
141745920 154461504
141744224 154462624
141743104 154461088
141741984 154453088
141743360 154453696
141742720 154457408
141737088 154452320
141732640 154446528
141733248 154447552
141732064 154447264
141730592 154449664
141728288 154455552
141732416 154458016
141739104 154457056
141736832 154453888
141736320 154451456
141744320 154453408
141746656 154460192
141745888 154463680
141738880 154464704
141737184 154465792
141739456 154462336
141739008 154463008
141738464 154459168
141737152 154455968
141731968 154453536
141727872 154451584
141730432 154454112
141729536 154457184
141731616 154459456
141733888 154462016
141734752 154468032
141734144 154467232
141733728 154459072
141732480 154452032
141731168 154453376
141728320 154453280
141730144 154449728
141732032 154453280
141733280 154455616
141736128 154459104
141735136 154462368
141737152 154460416
141738240 154457248
141739136 154452992
141733824 154450752
141727616 154451936
141728576 154455424
141728096 154453760
141732256 154457504
141738976 154466464
141741824 154469728
141742016 154464896
141742336 154460128
141739008 154453792
141737504 154447552
141736192 154449920
141737376 154451520
141737248 154455648
141740768 154454272
141738912 154455072
141737056 154456768
141741216 154459456
141745440 154459776
141741792 154458080
141743520 154459040
141745568 154461568
141747200 154462272
141749184 154461088
141749056 154466240
141747712 154466240
141741984 154455872
141739968 154452864
141740544 154454528
141736576 154457792
141736832 154460032
141734144 154461088
141738560 154461568
141734304 154461024
141732608 154461568
141737856 154464064
141745248 154465088
141748864 154467488
141748384 154469184
141746944 154468480
141745280 154461696
141744192 154460448
141742816 154462528
141738336 154467104
141739648 154463712
141736256 154458272
141736288 154454560
141735456 154453152
141738688 154451712
141737664 154451968
141734496 154451456
141736160 154453248
141735456 154454208
141734016 154456448
141732736 154457728
141736704 154456448
141740128 154453920
141737056 154455552
141732448 154453696
141731424 154446528
141731680 154446944
141732640 154448704
141732096 154448448
141733504 154452576
141735136 154451872
141733888 154454976
141734880 154456160
141733216 154452416
141733920 154450688
141736832 154452704
141742976 154459264
141748864 154458976
141748384 154461280
141742880 154460736
141740448 154455456
141742656 154454912
141734816 154458176
141726560 154451488
141724704 154451840
141727552 154452544
141726400 154453760
141725312 154456992
141726976 154458528
141725536 154460128
141724832 154457056
141725920 154456608
141730848 154455264
141735040 154454176
141733600 154451488
141736192 154455104
141737440 154458656
141732672 154458176
141739104 154462720
141739872 154461024
141735040 154460320
141736192 154459360
141732512 154453248
141732096 154448768
141737312 154451104
141741280 154451616
141737344 154449472
141734144 154451328
141740896 154452448
141740864 154457888
141739648 154460576
141736448 154457024
141731008 154453760
141729248 154450656
141726624 154449152
141728320 154456064
141730528 154461056
141735648 154457952
141733376 154454976
141731232 154455040
141731968 154451872
141732480 154452384
141730080 154451392
141732448 154450816
141735072 154450976
141739936 154456992
141743968 154465120
141749728 154458336
141735136 154452192
141732288 154455360
141737984 154462240
141737792 154462816
141731840 154454272
141728128 154451168
141727616 154448576
141731072 154442688
141733504 154447936
141728736 154450912
141729664 154450112
141731008 154448192
141731648 154451744
141734336 154456032
141739968 154456320
141739808 154456416
141734464 154455936
141730432 154455232
141736416 154460992
141737280 154463424
141732224 154464544
141732000 154460128
141734656 154453920
141733888 154455136
141733728 154459488
141737984 154457568
141736416 154455808
141740800 154453664
141739360 154456224
141738816 154458720
141740480 154453120
141735488 154450592
141736736 154451200
141738304 154448960
141733792 154447040
141727968 154450112
141731680 154453184
141736480 154457472
141739776 154461888
141737664 154466016
141737984 154463680
141738624 154460896
141738144 154455136
141733920 154449504
141732864 154444640
141734720 154446368
141734144 154447904
141732384 154444384
141726848 154445952
141725760 154457440
141727904 154456608
141727296 154444928
141729344 154446880
141731648 154449312
141733056 154455104
141737216 154457664
141735392 154449024
141728064 154447840
141726528 154453696
141730272 154457408
141732192 154458496
141732000 154456224
141736320 154457760
141736896 154455840
141734752 154453824
141736512 154448640
141737120 154443296
141734496 154449632
141733344 154451712
141736032 154454368
141739680 154451616
141734976 154450976
141731968 154454144
141730016 154449344
141732032 154444640
141729984 154452384
141729664 154458528
141728448 154461184
141724128 154458688
141719712 154459296
141719744 154457696
141724800 154458336
141728288 154456960
141731168 154457376
141732480 154456320
141728448 154452896
141727872 154458464
141733024 154463648
141733568 154464256
141730368 154457312
141732544 154452416
141740672 154458496
141740032 154464000
141737952 154467072
141736928 154467136
141733792 154463680
141733056 154453920
141732416 154452736
141727232 154458496
141732928 154460704
141735744 154458560
141735424 154457600
141729824 154455136
141729568 154451232
141732480 154451168
141726656 154459296
141726912 154455840
141737408 154459392
141739008 154467680
141735552 154464672
141736640 154463968
141734464 154460352
141732384 154460640
141736736 154466208
141737536 154464064
141739904 154465728
141740960 154467744
141736544 154466016
141735744 154466880
141739072 154469088
141733600 154467296
141734048 154460640
141736960 154462720
141733056 154459840
141731936 154461632
141730912 154464864
141735680 154463744
141737024 154467104
141736064 154471488
141736416 154467296
141737728 154455520
141735200 154456256
141733952 154456224
141736320 154461248
141734400 154464992
141734848 154465152
141736512 154468608
141741536 154473056
141731456 154467520
141730592 154461088
141740768 154463680
141742880 154460160
141735296 154454816
141736256 154454176
141740736 154456800
141739424 154457376
141738976 154461600
141733952 154465312
141736160 154461376
141738304 154457024
141734592 154458304
141734016 154456416
141735904 154451200
141737696 154450112
141737952 154451200
141734560 154454272
141730208 154456192
141731552 154456032
141729888 154451296
141730496 154453056
141732608 154451136
141730432 154444512
141730272 154448032
141737056 154454272
141735392 154456128
141730944 154454496
141733856 154454848
141734048 154454752
141735136 154458048
141734080 154452544
141730688 154446368
141731552 154447488
141734816 154449760
141738048 154452480
141740992 154457536
141745216 154460032
141747968 154464896
141746528 154463488
141740288 154458752
141742656 154457536
141743616 154455776
141738880 154446848
141734688 154449184
141737024 154456928
141739200 154457952
141742144 154459840
141743840 154457888
141742912 154458688
141743648 154461600
141742912 154461024
141734944 154447040
141731712 154446240
141730368 154454016
141735232 154460224
141739392 154459680
141737632 154455296
141735808 154455808
141741472 154462528
141741280 154459872
141743360 154461536
141746496 154460992
141746816 154459488
141743840 154463200
141736672 154461824
141738880 154458176
141738208 154456352
141733600 154456288
141738176 154455008
141741504 154457664
141732608 154453216
141730912 154447936
141734080 154448736
141734880 154451072
141735136 154452192
141731808 154451872
141732160 154455424
141732096 154458816
141731296 154457024
141732224 154457824
141731488 154453248
141733312 154452736
141734720 154454624
141736512 154457920
141735840 154460992
141735936 154463872
141736672 154457920
141735808 154455552
141742112 154459232
141747104 154458880
141744800 154455904
141738016 154449568
141734176 154447680
141732704 154445728
141736608 154442400
141731040 154444160
141732000 154447712
141733344 154449696
141736192 154448512
141734272 154446240
141739328 154448480
141744512 154450080
141746752 154454016
141739552 154455648
141743424 154454336
141743200 154454080
141733088 154448544
141732064 154449792
141735232 154454656
141740768 154455968
141738432 154456096
141735776 154459680
141733248 154452512
141730720 154447392
141736192 154459264
141741536 154460608
141739200 154455680
141737856 154453728
141738400 154453152
141738240 154457152
141737440 154460960
141740736 154461952
141740096 154462944
141738272 154461856
141739552 154464448
141739360 154468160
141738176 154465120
141736864 154457952
141740384 154457920
141743552 154458624
141737984 154454208
141735776 154453024
141731008 154451552
141730592 154448736
141734656 154448736
141733440 154454176
141729056 154457536
141732736 154460928
141733728 154459136
141732800 154450464
141739936 154451584
141740832 154450048
141741120 154453696
141745632 154458944
141743808 154462784
141745760 154464896
141748160 154461248
141745600 154452864
141739648 154453024
141735968 154450144
141740512 154454080
141741344 154457024
141738144 154456064
141735520 154454624
141730112 154455424
141729056 154456192
141731456 154453856
141737184 154456128
141732448 154450112
141728608 154447968
141731968 154445056
141736544 154446816
141741568 154452928
141739552 154454368
141743584 154453024
141744480 154453568
141741568 154455744
141733856 154451904
141731328 154452512
141736288 154454624
141734720 154453088
141732288 154455008
141733728 154455328
141729632 154452448
141726144 154448128
141728384 154452736
141731328 154448128
141732992 154448864
141729152 154450816
141729248 154449824
141732320 154446624
141725824 154446848
141726912 154451264
141729696 154455264
141732928 154464576
141735776 154465056
141731392 154460288
141732352 154456384
141734240 154455744
141732800 154454976
141736064 154455424
141740736 154460224
141736064 154458112
141731264 154456192
141730976 154457952
141734944 154459712
141740192 154458624
141736288 154456704
141732640 154457888
141735104 154456768
141736128 154459200
141738624 154458688
141741536 154460480
141740832 154467008
141741472 154465504
141737280 154460128
141742304 154463968
141745152 154466720
141739200 154462176
141734016 154455648
141733344 154456096
141735488 154461856
141736384 154459968
141732096 154453376
141727392 154450144
141728832 154455776
141736288 154462368
141739040 154462112
141732608 154458400
141729888 154449728
141729472 154440480
141728096 154445536
141726720 154451808
141733728 154456192
141735360 154460224
141740640 154465952
141742880 154460512
141733376 154453952
141729472 154455520
141727936 154454304
141730048 154453248
141726368 154457088
141723360 154455680
141726688 154457280
141731648 154458848
141735616 154454432
141733632 154456224
141738336 154457056
141736896 154453728
141731936 154457216
141735808 154462112
141733920 154459488
141732000 154456640
141737696 154461696
141738880 154465600
141736064 154457184
141735808 154454048
141735936 154457792
141734848 154458624
141733312 154458400
141733088 154459936
141733536 154460864
141734176 154462880
141733824 154463200
141734656 154464992
141735584 154462336
141734560 154453568
141730304 154451968
141727168 154456032
141731200 154457216
141738336 154461568
141739520 154462880
141736768 154459488
141734048 154458144
141737568 154456832
141735136 154453984
141731424 154450688
141733856 154452832
141737920 154457952
141735488 154456544
141735968 154459008
141734048 154459744
141732640 154457568
141732992 154456320
141728416 154448288
141729088 154449216
141732576 154449984
141733504 154447424
141733856 154448640
141734368 154450656
141733920 154451488
141728384 154450912
141730304 154455744
141736032 154456928
141734464 154452064
141734688 154452032
141731232 154453664
141734464 154454464
141734496 154455168
141730528 154450880
141728896 154448128
141732064 154448832
141733824 154449600
141731072 154449792
141728544 154447776
141726272 154446752
141724352 154446208
141725984 154443584
141734304 154447072
141734688 154456416
141730432 154456864
141732192 154460672
141730432 154460544
141731584 154453856
141735136 154450944
141735840 154448896
141728704 154444352
141723712 154448192
141726816 154446336
141731552 154446400
141734752 154451296
141731712 154451168
141728544 154450912
141728128 154450208
141731136 154447840
141736384 154446048
141732608 154441216
141728768 154437184
141725920 154438048
141724608 154438816
141724640 154446336
141730336 154452000
141733472 154450080
141735744 154444672
141728992 154443584
141730336 154442880
141730976 154447744
141732192 154453120
141737504 154458208
141739328 154456416
141737760 154451744
141736416 154453120
141738272 154456928
141739520 154453632
141741088 154450400
141744448 154447744
141737184 154447264
141729984 154447680
141738624 154450720
141738944 154449376
141734784 154451776
141733024 154453536
141732896 154452000
141733024 154454784
141734048 154455392
141736032 154456576
141735456 154455040
141736544 154457696
141735904 154456032
141732608 154454272
141733376 154451872
141731424 154452320
141731136 154458432
141735776 154453536
141735584 154451072
141731552 154450016
141732000 154454368
141728480 154453024
141735968 154462400
141738336 154463392
141733824 154455104
141731776 154447264
141728928 154445344
141729408 154450336
141731552 154452480
141735968 154450592
141742112 154452832
141744320 154459008
141739584 154458240
141732640 154458560
141732288 154457696
141732672 154454944
141728384 154454112
141729984 154449248
141734208 154451360
141734624 154452608
141729344 154449216
141723168 154451744
141725440 154454240
141730880 154456384
141730624 154454816
141731552 154454400
141735456 154455008
141734784 154453312
141736512 154451872
141736000 154449920
141731872 154451776
141731328 154451104
141735200 154451072
141734656 154452736
141733024 154450976
141734144 154451648
141734880 154454048
141735456 154455136
141737024 154452416
141732736 154451776
141731552 154452640
141733280 154453408
141736224 154452384
141732320 154449408
141731328 154443968
141728064 154445600
141731232 154446784
141733280 154448704
141734240 154451648
141730592 154451616
141730592 154449728
141731040 154454848
141732032 154461888
141732256 154458944
141726752 154449248
141731008 154448448
141730912 154448896
141732320 154447584
141732480 154449664
141730592 154451936
141728672 154449344
141730080 154451392
141732000 154456544
141730336 154454080
141726464 154450592
141728960 154446912
141731136 154447968
141728032 154447200
141725696 154447584
141727808 154448096
141729952 154450336
141728480 154454688
141732608 154465408
141736544 154470912
141738688 154463712
141741984 154457952
141733472 154462016
141729696 154458784
141729728 154456704
141730624 154455296
141728448 154455104
141729600 154462016
141734240 154463904
141732960 154466304
141732000 154463744
141733312 154457376
141734016 154461216
141737376 154460384
141734976 154459424
141734976 154465824
141735776 154466592
141732544 154462112
141733696 154462176
141738496 154460032
141734176 154452640
141731264 154448320
141733248 154452672
141731936 154456160
141728992 154455936
141729952 154454848
141734592 154458432
141731584 154456960
141731264 154454560
141733888 154457536
141736064 154455104
141734368 154453248
141731872 154452512
141731840 154457760
141734304 154464544
141741472 154466848
141744160 154470272
141744000 154473120
141744832 154474560
141736640 154470656
141738432 154463488
141741312 154459616
141734624 154461216
141735136 154459968
141737696 154461120
141735616 154459584
141728128 154455648
141723968 154456064
141728736 154453568
141734848 154454016
141734400 154452672
141730432 154448800
141732128 154444384
141733600 154448672
141735264 154450112
141732352 154448608
141729088 154452416
141728256 154451232
141729728 154447744
141729184 154447136
141730880 154448896
141735360 154453152
141737600 154450944
141734944 154452576
141733536 154453248
141739168 154458304
141743072 154462848
141742336 154461696
141740928 154460096
141737024 154461632
141734464 154459328
141733888 154458880
141727968 154452992
141726208 154450144
141727104 154451712
141732224 154450944
141733728 154456736
141733280 154463648
141734272 154460224
141726752 154449504
141725472 154448448
141731168 154452096
141739520 154453888
141742208 154459584
141743744 154460704
141739808 154461120
141734816 154457888
141731072 154452640
141732288 154451072
141733760 154446464
141732896 154447968
141733504 154450272
141737664 154457120
141735232 154458272
141738304 154456992
141739264 154457920
141741152 154463008
141737440 154461600
141733888 154456000
141733856 154455328
141737728 154455424
141734272 154448576
141733024 154452128
141738816 154457632
141739104 154457952
141737952 154458048
141738048 154461728
141737472 154459296
141739104 154459072
141740704 154459776
141741696 154460960
141741184 154462368
141734432 154463072
141730368 154456480
141734432 154453152
141735776 154456576
141736224 154457088
141738912 154457312
141737408 154452384
141737056 154453024
141735936 154454656
141736192 154452352
141733696 154447936
141734048 154450208
141737536 154452416
141740512 154456224
141742848 154457600
141746272 154460032
141744736 154453920
141740864 154450624
141738720 154448608
141737472 154448576
141736864 154453728
141735456 154460512
141738752 154458112
141740448 154459840
141743872 154463392
141744288 154456544
141739872 154452288
141742976 154452544
141744448 154454400
141742432 154454592
141742400 154457312
141737152 154454336
141729024 154449888
141727392 154451168
141731232 154452608
141729184 154451840
141732736 154450496
141736608 154457216
141733184 154451456
141730720 154445216
141731616 154451328
141734976 154454240
141738144 154457824
141739712 154459520
141738720 154456096
141734784 154453376
141738880 154456608
141738624 154458080
141737152 154453568
141736128 154455136
141735264 154454592
141741184 154453728
141739520 154455584
141735232 154456384
141735488 154456800
141736256 154455648
141743392 154456352
141749248 154456352
141750240 154463264
141747072 154465664
141740640 154461984
141740288 154465120
141745216 154464448
141743232 154464960
141742400 154464864
141742816 154456320
141737952 154449792
141741248 154453408
141741088 154456608
141735520 154459008
141737312 154459296
141734336 154455616
141730656 154455808
141730368 154453216
141735776 154450848
141738016 154450944
141735616 154446912
141735104 154450944
141740832 154454944
141738752 154456064
141733312 154461984
141740544 154464672
141745376 154463456
141749312 154459296
141742752 154457504
141741536 154454240
141739488 154450624
141737024 154446560
141735936 154447552
141737600 154447200
141741120 154448096
141741824 154448480
141742784 154448864
141740544 154448736
141736896 154445280
141734272 154443680
141736768 154446528
141735616 154442560
141733728 154440800
141743104 154450144
141747904 154455456
141745952 154456160
141744672 154453472
141747872 154454112
141744992 154453760
141746304 154453344
141750304 154449696
141742464 154451072
141740608 154452960
141741920 154450720
141744416 154449984
141741824 154449344
141741472 154446528
141734816 154441824
141730560 154441184
141735232 154444992
141740032 154443552
141739520 154446592
141735264 154444160
141733952 154439200
141734464 154441056
141737184 154446336
141736032 154451552
141737760 154450208
141739168 154448672
141741184 154444544
141746496 154447744
141749184 154452256
141751360 154455936
141747488 154453728
141743424 154450464
141740928 154450240
141738304 154452352
141738112 154445376
141741792 154444192
141741280 154445824
141744512 154447392
141740928 154452192
141736416 154451456
141737280 154448832
141737440 154449696
141738912 154455392
141742592 154455904
141746528 154460544
141745024 154458400
141741568 154454368
141743520 154455136
141744896 154458400
141751552 154455296
141746336 154458400
141739136 154451264
141732480 154447072
141733344 154445600
141734592 154445248
141738848 154450464
141741280 154454080
141737568 154452672
141736256 154451232
141737440 154449696
141740512 154449952
141743712 154451392
141740288 154449728
141737152 154451744
141741824 154451072
141742560 154446144
141743328 154445824
141741728 154447680
141741024 154451616
141743008 154452192
141745440 154455040
141745824 154457024
141746240 154451328
141743168 154447648
141736288 154449280
141734144 154448960
141736448 154453056
141744000 154456800
141744064 154450816
141744384 154445824
141746688 154454112
141744288 154454784
141739968 154454720
141736544 154445152
141731712 154443136
141731520 154440096
141734080 154443168
141734080 154450336
141737248 154452992
141741440 154452256
141737824 154448384
141735904 154449952
141733568 154444352
141732288 154444928
141733952 154450496
141740640 154452896
141736672 154449664
141736224 154450848
141738464 154453952
141731136 154453792
141732160 154450144
141739488 154451776
141740576 154453184
141739008 154455552
141745536 154457056
141748672 154464576
141746784 154464960
141742784 154458656
141736704 154454624
141733568 154452736
141730656 154444928
141728480 154438976
141729696 154444864
141736320 154449824
141742784 154451072
141742080 154453984
141744416 154455008
141741472 154447296
141735104 154448192
141735520 154451040
141731456 154450016
141732256 154446112
141737056 154446080
141741248 154452256
141744192 154453952
141738208 154456320
141733120 154454848
141732608 154452896
141733024 154454016
141735520 154451840
141737856 154454496
141733376 154452096
141735360 154446656
141739136 154449056
141737152 154450432
141737600 154450848
141738272 154454048
141739552 154453120
141738816 154456800
141742336 154451584
141741024 154450240
141741024 154452800
141743136 154452160
141739136 154451008
141735136 154450240
141744032 154451808
141746400 154453312
141746912 154454208
141743424 154456352
141741376 154455392
141741632 154452576
141745568 154453120
141748288 154451552
141748160 154447936
141746432 154449792
141741984 154454656
141743712 154455456
141744224 154451648
141741408 154450368
141740096 154448192
141744928 154452384
141744480 154449920
141740864 154448352
141747072 154452096
141749440 154454816
141745536 154456096
141745280 154454880
141743776 154457184
141747168 154459872
141747136 154456032
141744608 154452832
141746240 154452832
141745088 154450880
141746016 154448096
141748960 154455872
141747680 154459424
141741472 154454432
141738880 154452192
141739040 154456064
141744096 154451136
141748000 154451168
141748960 154452448
141746144 154453120
141744032 154452320
141741888 154451328
141745760 154452832
141745312 154454560
141745536 154456160
141746720 154455456
141748352 154452416
141746272 154448000
141748864 154448352
141745312 154451712
141746176 154453216
141755168 154456512
141752512 154458464
141750784 154455200
141748512 154455328
141747168 154454816
141737504 154448896
141735008 154446720
141737728 154449120
141736800 154452032
141742336 154458944
141745472 154461088
141747168 154461984
141742464 154458720
141738560 154455680
141740352 154453504
141739136 154452288
141738816 154446528
141737408 154446816
141733312 154452320
141732928 154456160
141735264 154460384
141733760 154450528
141730240 154449760
141733760 154451424
141738496 154451808
141737504 154453152
141734912 154449696
141741984 154448096
141741696 154451424
141739680 154451904
141733984 154454240
141733696 154457920
141737120 154458208
141737760 154458176
141737536 154459680
141741920 154459744
141745984 154454496
141741440 154449184
141741856 154454080
141743200 154462464
141744800 154463872
141740064 154459392
141740448 154461120
141743264 154459456
141740576 154455488
141736992 154447680
141735552 154450432
141738048 154452352
141742176 154457376
141742496 154458848
141740160 154458880
141743264 154453536
141743680 154455808
141739648 154457408
141743872 154457024
141747616 154457760
141745440 154459584
141746976 154456224
141746752 154455072
141745696 154451168
141742912 154446752
141738048 154451296
141739904 154454464
141744800 154455936
141744320 154449536
141741408 154446048
141740576 154450880
141741792 154449792
141744096 154451808
141746336 154456032
141750048 154461248
141752480 154465440
141746048 154463968
141741856 154459904
141746240 154459072
141747840 154460096
141747392 154458624
141743008 154448640
141744288 154450464
141747616 154452320
141748032 154456480
141752160 154462496
141750848 154462560
141750144 154464576
141751168 154459072
141749216 154453120
141748576 154448800
141746816 154453152
141745888 154456160
141743168 154459968
141744544 154459104
141748000 154466496
141748640 154466720
141747872 154458112
141746592 154454240
141744064 154449120
141735136 154448960
141731648 154455392
141741536 154462144
141746560 154464288
141745984 154460768
141741632 154455488
141745696 154451872
141745664 154445600
141742752 154449344
141741504 154452960
141738368 154454880
141738592 154454784
141737632 154455904
141736256 154456576
141737728 154461920
141736352 154455104
141738944 154451328
141741856 154450752
141741600 154449792
141736512 154451104
141732128 154455648
141738496 154457696
141745632 154458272
141747136 154457440
141744256 154458336
141745632 154457536
141747072 154461120
141747648 154454848
141746080 154453760
141742208 154452992
141736832 154446208
141734816 154449504
141743584 154451744
141747904 154456704
141747392 154456832
141746432 154454176
141742592 154449856
141740544 154452352
141744000 154452320
141748160 154455072
141745600 154454272
141743104 154450144
141745120 154448000
141739808 154451072
141734944 154446432
141733184 154444448
141733152 154446336
141740320 154449760
141740896 154454528
141743456 154458336
141743968 154454272
141745440 154454752
141746560 154457440
141739008 154451296
141738784 154450752
141734400 154449216
141728032 154439136
141732320 154440576
141737984 154447360
141739520 154444000
141737152 154444768
141739552 154450464
141742880 154451904
141742560 154451712
141741376 154453984
141746624 154455168
141746528 154456256
141746048 154451008
141741504 154441344
141735424 154441344
141731264 154444480
141728512 154446656
141736352 154452576
141742816 154455200
141746144 154452064
141743232 154451168
141743328 154451488
141741120 154445568
141737120 154444288
141740224 154453056
141741248 154454464
141748064 154455808
141753120 154452512
141747968 154445824
141738304 154443584
141742336 154444032
141748608 154442304
141745984 154445600
141743392 154451488
141741696 154450496
141737856 154448608
141732064 154445120
141729024 154448032
141730464 154450304
141732128 154445888
141734048 154446944
141741056 154448512
141741056 154448128
141733664 154442528
141730784 154443232
141733888 154449728
141738912 154454848
141745952 154458208
141753120 154459296
141747296 154458112
141742944 154457088
141742048 154453408
141737952 154448448
141734496 154448352
141734816 154451552
141732608 154448096
141732160 154448896
141732864 154446368
141734944 154449088
141735232 154446432
141735328 154449024
141743584 154451104
141743392 154444288
141738240 154441024
141734720 154441536
141739712 154448800
141745792 154447488
141744672 154450656
141738912 154450400
141733984 154452480
141735552 154447552
141737696 154441760
141740224 154444512
141746144 154449440
141747136 154450848
141738624 154447232
141734752 154445152
141736768 154448096
141733952 154450272
141734176 154453152
141737536 154451808
141737184 154448000
141736192 154444032
141736832 154447296
141736000 154450976
141738784 154453792
141742080 154458048
141744320 154460512
141742368 154456096
141739936 154452448
141739264 154449920
141736608 154448640
141741504 154449824
141738496 154451232
141736768 154452608
141733376 154455424
141737408 154460480
141736064 154457472
141736096 154453472
141731744 154452768
141737600 154450336
141743776 154449824
141743232 154450144
141740160 154453504
141736704 154450048
141733344 154449888
141731744 154450176
141732416 154448992
141735936 154453472
141737856 154454944
141734880 154456704
141736736 154456640
141738816 154450432
141737376 154449952
141732512 154452160
141723744 154454432
141725184 154443296
141725472 154443072
141724192 154444480
141725504 154446080
141732288 154442912
141735584 154443104
141737664 154446432
141733120 154449664
141726976 154451424
141727072 154446624
141731872 154446400
141730080 154447584
141728736 154448224
141732800 154448576
141732576 154445920
141731328 154448896
141732704 154455968
141726944 154454304
141726208 154446752
141728160 154443616
141729440 154444032
141726784 154441824
141720320 154438176
141722048 154442016
141722048 154442016
141723520 154434112
141726112 154436160
141726848 154446048
141726528 154447648
141725600 154448640
141731968 154451296
141735264 154447200
141729664 154446272
141733152 154452704
141734144 154453792
141734752 154449920
141733312 154452320
141723904 154452256
141726912 154449216
141733984 154449120
141727904 154441984
141729824 154438656
141728480 154439168
141729344 154440576
141732736 154443168
141732160 154443616
141732416 154440096
141739456 154442592
141737120 154449344
141732896 154447424
141733696 154447904
141732000 154441472
141733856 154443360
141731584 154445312
141732288 154441664
141730656 154436640
141719392 154432992
141718016 154436864
141724480 154437920
141726432 154435264
141727168 154433888
141734432 154436256
141737088 154440768
141735840 154441216
141731104 154443552
141733280 154445664
141733600 154447552
141731584 154449056
141726496 154451392
141729344 154451648
141727936 154451488
141727328 154444192
141733312 154443392
141736512 154442912
141736960 154437728
141737408 154441728
141739168 154445312
141740416 154448320
141742592 154450816
141738080 154451840
141734784 154447360
141730656 154443008
141728896 154441792
141727136 154437440
141726240 154433184
141724224 154434336
141723872 154436768
141729152 154438944
141732192 154441344
141733760 154441920
141733216 154438624
141737792 154441216
141738880 154445376
141731680 154439424
141730688 154441856
141732288 154447104
141734080 154446528
141734176 154448128
141734528 154448864
141730624 154449632
141729216 154442208
141736736 154440544
141734752 154441280
141729536 154438752
141729248 154440000
141729152 154442720
141730336 154441024
141731552 154440832
141728384 154436448
141727136 154437088
141729216 154438016
141728480 154437600
141730304 154440832
141727424 154438720
141725984 154446272
141732064 154444832
141728672 154442016
141726784 154443552
141729472 154447040
141730048 154447232
141731488 154445152
141732064 154445408
141731552 154440192
141728256 154440064
141727552 154440896
141731680 154436640
141734240 154440672
141740096 154447360
141739808 154445664
141733152 154444320
141725792 154442720
141725664 154437280
141728896 154439360
141732672 154445120
141735840 154447552
141740544 154447264
141735872 154447712
141738912 154445760
141742496 154443968
141734688 154437088
141734464 154444768
141736032 154444768
141735616 154439488
141739936 154445600
141743232 154444640
141737216 154443744
141728896 154442912
141729824 154444480
141731392 154448608
141737728 154447136
141740608 154443616
141737408 154441056
141733888 154443392
141733152 154443584
141736128 154448864
141739488 154447648
141740928 154450752
141736672 154453376
141736064 154451360
141740992 154446912
141739200 154447360
141738528 154443168
141740704 154439776
141740032 154449536
141735808 154451264
141731072 154446912
141724704 154442752
141720960 154436032
141723616 154434304
141729568 154434496
141730528 154439040
141727648 154438112
141729664 154441920
141732128 154439072
141733952 154442304
141733376 154448288
141732320 154448800
141733088 154448320
141735296 154451040
141740256 154451520
141743520 154448960
141737760 154452128
141735488 154451328
141733632 154450656
141731680 154454944
141729696 154455200
141733248 154451584
141735264 154457216
141733248 154455808
141737856 154453632
141737600 154448736
141736896 154454240
141732000 154450176
141732320 154448896
141737056 154449376
141736320 154449504
141730240 154450816
141726400 154447584
141729536 154446112
141734368 154442592
141734432 154447648
141732032 154451296
141731936 154450304
141730496 154450208
141727520 154449696
141727872 154452704
141732160 154455872
141734976 154453248
141736512 154451616
141736352 154447520
141737152 154441568
141733696 154438272
141734144 154447360
141735008 154454336
141736352 154454688
141739488 154449088
141735936 154450976
141735648 154452864
141734464 154446816
141740608 154449184
141741536 154454912
141737120 154451488
141738944 154448480
141736000 154450112
141735136 154454272
141738080 154452544
141736960 154450752
141741056 154453184
141736544 154456160
141737696 154454240
141740704 154456448
141737952 154455328
141732864 154449760
141732192 154450144
141733952 154454176
141740416 154460224
141739616 154455392
141733760 154452416
141736768 154456000
141741280 154453952
141736800 154449536
141734720 154452704
141734688 154455840
141731392 154457280
141730400 154455456
141737856 154452320
141738144 154455328
141734912 154452768
141733824 154449088
141732032 154445440
141733632 154444320
141737984 154450816
141742912 154453376
141740896 154456416
141739904 154456992
141745408 154459200
141746016 154458752
141738880 154453856
141734432 154442912
141737824 154447616
141738688 154452704
141738816 154453792
141735104 154454112
141729664 154456672
141733440 154460160
141742112 154457408
141742240 154456800
141740736 154453664
141740000 154449120
141739808 154446592
141736160 154445248
141737024 154448096
141745184 154455424
141742432 154451712
141730752 154454336
141732736 154454560
141733824 154451072
141729632 154449408
141724704 154444032
141725728 154441472
141725120 154445568
141726528 154451648
141727872 154452544
141730048 154453920
141725280 154454016
141729088 154449248
141738752 154449216
141743360 154446272
141747360 154447264
141731584 154441952
141729216 154439808
141741696 154448928
141746336 154447200
141744576 154445504
141748192 154448832
141748608 154446112
141734368 154443104
141727936 154443808
141729568 154444832
141737760 154442208
141738208 154445376
141735232 154448640
141740704 154456512
141748800 154454592
141746304 154450432
141742496 154454080
141739424 154453472
141737504 154450528
141739424 154448512
141743136 154451296
141743008 154449056
141742624 154447616
141741856 154449504
141742752 154456288
141741760 154454272
141739456 154445568
141737248 154446208
141737824 154446304
141738848 154447776
141742080 154452416
141742272 154453664
141742720 154454368
141737920 154457056
141735168 154455200
141745728 154450944
141742080 154445856
141738976 154447296
141741984 154452864
141740192 154454656
141740000 154452864
141738720 154451936
141736992 154446400
141736896 154441920
141737728 154445024
141737376 154455008
141736704 154453344
141738112 154449664
141740192 154445280
141735584 154446848
141730976 154452768
141730880 154450944
141727008 154454464
141729568 154456736
141737056 154452320
141735552 154443840
141736096 154439712
141731584 154440224
141731680 154435936
141728544 154436288
141727360 154440800
141732832 154447264
141730688 154450880
141729440 154450592
141728928 154445312
141728992 154447040
141734336 154442816
141729984 154442336
141732160 154446944
141734912 154450496
141734176 154443008
141739232 154444736
141747552 154450624
141745024 154449728
141740256 154442592
141738272 154438752
141733984 154436576
141729312 154435008
141728352 154434016
141727872 154434816
141728448 154438592
141731264 154448096
141737920 154447424
141738720 154444032
141734496 154443648
141733760 154446624
141736544 154440192
141734944 154439840
141733216 154438240
141734656 154442176
141739808 154454560
141744192 154457600
141739584 154451328
141735648 154448608
141732512 154446656
141725664 154445952
141729088 154442848
141731040 154442016
141729344 154437920
141730176 154437952
141733120 154440288
141731264 154444192
141729472 154444064
141735168 154444608
141742592 154442560
141738784 154442784
141735584 154442880
141735968 154445152
141735232 154442816
141736512 154445888
141736512 154444128
141734368 154444704
141731040 154447648
141730496 154443424
141724928 154442560
141723968 154443968
141722048 154447872
141723648 154442368
141730464 154440192
141730144 154450272
141730688 154450720
141734816 154449824
141735040 154447232
141728064 154444480
141725408 154442432
141728096 154435936
141728576 154437824
141727360 154437728
141728512 154437280
141735360 154447040
141736960 154447840
141735360 154447008
141729888 154441536
141725344 154437152
141723648 154440160
141722752 154443936
141727808 154442496
141734304 154434496
141733024 154435680
141729152 154444608
141724032 154445920
141727104 154443872
141730656 154441056
141734048 154436928
141737440 154437728
141737248 154442656
141740736 154445728
141737120 154446752
141734080 154450080
141735392 154444576
141726496 154436576
141722016 154435136
141726272 154443168
141727968 154446464
141730176 154448160
141738464 154446976
141741824 154449568
141745120 154448992
141741472 154450208
141732992 154448896
141729920 154445600
141736640 154446144
141739168 154444032
141732416 154446016
141724928 154436736
141726880 154436256
141728480 154439744
141735616 154441792
141735328 154440864
141728800 154440448
141732736 154440832
141734720 154435104
141733664 154436704
141736416 154434720
141737152 154431936
141730144 154429088
141730080 154430688
141730912 154434784
141729952 154437184
141733312 154445344
141737152 154444672
141735296 154443840
141735072 154443904
141733024 154439648
141731648 154437344
141733632 154441888
141732128 154447136
141731360 154444352
141729184 154443584
141731040 154446240
141730432 154448000
141729824 154444608
141727872 154440480
141730400 154440576
141734880 154443744
141736512 154445856
141736608 154444448
141731872 154438368
141729504 154438016
141729984 154444320
141732448 154446336
141733184 154450912
141734432 154451168
141734304 154442848
141735744 154447232
141736192 154447744
141736288 154444128
141732096 154441024
141731520 154439072
141737120 154443680
141744480 154448064
141744192 154450272
141739936 154441952
141737760 154437408
141730720 154434592
141729952 154436704
141732032 154438400
141736064 154443648
141740800 154443648
141742496 154448992
141739616 154453632
141739968 154452896
141743904 154447584
141740352 154447040
141736704 154443936
141733184 154440032
141727712 154438848
141728640 154444128
141728512 154449952
141724960 154448096
141723456 154440800
141727328 154437856
141728544 154440640
141731040 154440160
141736480 154443072
141732800 154438304
141730240 154447168
141735616 154446272
141737728 154447136
141733920 154447008
141727712 154443136
141730720 154439136
141734144 154439232
141731200 154438176
141734144 154438080
141735200 154444896
141737184 154446528
141734176 154444608
141730848 154439008
141728704 154437504
141733984 154442464
141737184 154442432
141735744 154440576
141736544 154444128
141739616 154443648
141733248 154446816
141731552 154447648
141737536 154450112
141731232 154440704
141725856 154434464
141727072 154433920
141733376 154436992
141733760 154441536
141734688 154445472
141733376 154445312
141734688 154443360
141735296 154442688
141729472 154436320
141729792 154429824
141726336 154430304
141723424 154433504
141723168 154433376
141726720 154435744
141732032 154436576
141735968 154436928
141733216 154439232
141730240 154438528
141735168 154438944
141739744 154441248
141736576 154441248
141736480 154442592
141737472 154441248
141735808 154439200
141732320 154433088
141731328 154435008
141739168 154439808
141742560 154444320
141736704 154445888
141729056 154436544
141730176 154434944
141731648 154440288
141733216 154440512
141738336 154442560
141736128 154439168
141731232 154439456
141733792 154437696
141731808 154434272
141731200 154437120
141727808 154435456
141726944 154438528
141732064 154441632
141736672 154440448
141733536 154436352
141734048 154435968
141732352 154441248
141732448 154439392
141732800 154438368
141733856 154441664
141733312 154437408
141731136 154433248
141729824 154431744
141732928 154432832
141732608 154436896
141728544 154436032
141727136 154439872
141726336 154440096
141726880 154435424
141728832 154439264
141733792 154444800
141733536 154444320
141740160 154442528
141731488 154436384
141727968 154435776
141728320 154439008
141733312 154443264
141738976 154448928
141737792 154449504
141734752 154445472
141735200 154439456
141731360 154434016
141724640 154426176
141725024 154429248
141725248 154429888
141730528 154434496
141733920 154437728
141737056 154434592
141740768 154442688
141739968 154448832
141737120 154441824
141733408 154435232
141730080 154435136
141729024 154438016
141733216 154441568
141728416 154441664
141731552 154440096
141738816 154440928
141740960 154445216
141739168 154445984
141735616 154446624
141733280 154444576
141732320 154441600
141733280 154439744
141727808 154435616
141730272 154440128
141736480 154442496
141733760 154445024
141732992 154441792
141731392 154436608
141731232 154436384
141732992 154440640
141729440 154439360
141730400 154437536
141735296 154436832
141730336 154438464
141725248 154436736
141721632 154438368
141718144 154433664
141717152 154433888
