10
141405888 211529696
141404896 211530912
141402880 211523712
141409344 211522848
141412032 211527040
141409504 211528096
141409920 211524480
141413824 211523936
141416608 211527136
141417216 211523104
141417056 211521024
141416256 211522272
141420704 211520160
141417856 211517984
141415520 211510272
141413568 211516096
141411360 211516576
141410496 211510816
141413408 211512224
141417600 211507840
141420256 211506240
141419776 211503200
141419040 211503424
141414624 211504256
141414752 211502432
141419648 211499456
141414272 211494944
141412128 211493408
141417184 211498592
141414592 211500160
141415872 211497056
141420224 211498912
141420512 211495680
141419008 211491552
141417312 211491872
141415168 211489792
141417120 211487296
141415776 211485824
141422176 211486336
141425024 211487008
141423264 211483488
141425856 211483712
141421536 211481088
141417760 211480128
141415232 211479808
141414624 211476704
141415232 211472992
141421376 211470880
141419104 211467712
141417888 211467808
141415968 211467136
141417408 211471008
141420608 211470688
141421376 211469536
141425760 211471072
141428832 211471456
141428064 211470656
141426144 211469984
141423104 211473856
141424128 211473280
141429632 211471040
141425888 211468704
141420704 211469856
141428320 211476064
141430176 211478080
141424672 211475936
141426848 211476704
141426304 211474624
141424704 211473376
141422112 211467584
141424864 211476768
141430336 211484672
141427776 211481120
141424192 211471424
141428960 211471904
141434016 211474944
141425024 211480192
141426368 211482208
141426784 211481664
141425504 211477344
141423296 211475936
141421280 211474656
141417568 211475680
141420352 211476320
141424032 211478880
141428480 211482400
141431168 211486528
141432672 211492480
141430464 211493696
141430656 211495360
141434688 211494464
141431904 211489216
141430720 211490816
141430880 211492288
141429056 211487648
141426496 211488512
141430496 211494560
141433856 211490496
141427392 211490048
141425824 211486016
141435360 211483104
141438688 211480640
141437216 211480224
141436224 211483552
141438560 211488032
141440544 211488352
141440896 211491232
141436064 211488640
141431872 211481312
141429888 211476480
141430656 211479840
141438048 211484416
141437408 211485248
141435200 211482016
141434240 211481920
141436992 211494848
141435200 211492288
141430496 211487552
141433664 211485248
141434016 211489408
141432192 211487680
141429024 211484512
141432192 211487776
141434240 211487904
141435232 211488192
141429408 211484256
141430400 211489152
141433504 211488544
141439840 211487584
141441600 211492992
141438752 211491872
141435744 211485536
141436352 211487776
141435648 211486400
141437248 211487456
141436256 211487712
141433312 211486656
141426880 211483392
141432192 211481056
141436512 211482272
141441600 211487456
141442752 211488416
141442208 211485568
141439872 211483552
141434048 211477376
141428512 211471616
141428928 211473216
141431840 211477536
141437088 211481952
141434400 211479456
141436928 211478752
141438880 211479712
141440512 211480160
141442880 211482304
141437856 211476960
141431872 211467712
141432576 211463392
141432640 211462112
141432224 211461344
141434336 211459808
141434112 211463040
141433792 211464992
141436352 211460320
141434240 211458272
141434240 211459264
141437632 211461632
141438976 211464768
141436544 211465216
141435072 211457664
141435232 211459904
141435360 211457728
141438400 211452768
141437472 211455520
141438208 211454752
141444352 211455392
141445600 211457408
141444864 211454368
141439392 211451200
141441376 211450432
141444384 211446976
141445856 211444608
141443648 211440224
141446816 211437088
141451712 211439936
141450656 211438752
141446496 211437696
141448224 211440320
141449600 211438048
141450208 211439424
141452320 211438656
141454624 211440256
141456832 211434048
141455104 211433824
141454656 211436384
141455200 211441824
141453120 211445664
141455680 211453056
141458624 211467584
141459840 211483200
141452864 211495392
141451584 211507872
141448608 211525728
141450272 211540512
141451008 211550208
141451232 211562080
141445472 211569664
141446272 211587296
141444736 211607616
141449728 211625312
141451488 211640160
141446656 211650816
141447232 211666400
141450688 211681408
141453632 211696960
141455680 211711008
141453568 211723744
141453600 211733920
141456832 211742336
141456576 211756896
141456576 211768736
141459296 211775680
141457632 211785600
141462400 211795040
141457472 211796448
141453312 211801344
141457632 211807392
141458112 211804576
141450400 211804832
141449408 211806144
141451616 211811520
141456704 211812960
141451712 211809088
141448064 211803424
141447328 211805120
141444256 211802368
141443776 211795744
141446528 211795776
141450304 211803616
141451904 211804320
141455744 211798496
141453056 211794400
141453184 211788704
141453344 211790304
141456256 211793440
141457664 211785664
141452192 211779968
141450304 211782720
141454304 211781280
141452160 211774976
141450912 211770688
141455904 211768992
141450272 211764128
141447008 211760064
141447488 211755968
141450176 211755392
141450880 211756544
141454912 211758048
141460320 211758592
141462208 211763008
141463008 211756864
141461344 211749536
141460576 211747488
141454208 211746048
141450048 211747712
141450368 211746688
141448896 211743520
141451200 211740480
141450944 211744128
141451648 211737024
141449792 211729728
141443424 211726112
141447520 211730336
141451296 211732544
141450400 211730784
141452544 211729088
141457056 211728640
141459072 211729984
141454048 211724800
141448480 211716288
141446848 211715168
141448704 211717312
141451616 211716032
141453184 211718208
141456448 211722528
141453856 211722976
141450592 211722720
141450752 211723264
141452832 211714848
141451776 211710688
141452512 211712576
141452800 211710816
141451616 211709408
141449536 211706944
141447200 211702176
141450112 211702176
141448480 211702624
141445728 211700608
141450304 211702944
141452576 211706112
141452640 211707456
141462144 211704608
141461024 211700640
141460288 211700992
141461344 211697856
141456448 211692448
141455200 211692832
141448512 211695072
141446368 211695328
141448032 211690880
141458848 211691136
141466208 211694656
141463424 211690528
141460224 211678848
141453472 211671648
141452768 211675104
141457184 211675168
141455264 211667808
141459712 211664768
141465760 211664896
141463424 211663488
141460928 211666656
141461472 211665472
141462880 211660608
141462208 211657920
141456288 211657600
141450944 211656064
141450784 211653280
141451008 211654208
141453408 211659104
141458816 211661440
141459200 211665216
141455104 211659584
141457664 211654400
141459904 211660448
141459008 211657600
141457536 211652896
141454816 211652640
141452512 211654560
141454752 211661312
141457984 211665376
141463488 211665664
141463584 211660512
141457888 211660608
141459488 211661472
141464992 211665600
141464448 211670944
141461952 211666720
141456512 211658176
141451904 211659264
141463392 211664320
141466528 211666176
141464736 211665856
141461568 211661536
141458144 211660800
141461120 211661856
141459552 211658016
141459552 211656832
141458336 211659808
141458912 211664640
141466464 211669376
141465984 211664960
141462592 211664832
141459872 211669472
141462656 211678272
141461920 211678016
141468960 211683136
141468288 211680224
141462400 211677344
141462240 211681088
141463776 211682368
141462784 211683008
141461888 211685568
141466176 211686944
141463808 211690880
141462784 211692864
141463712 211691456
141458080 211688576
141462944 211692224
141462272 211691392
141462240 211690944
141460128 211691424
141460768 211695552
141464864 211691296
141468032 211690720
141470048 211693728
141475072 211694912
141472864 211689248
141475680 211689472
141470080 211685504
141466720 211678496
141463936 211671584
141465280 211670624
141471008 211673088
141469312 211669248
141467040 211670912
141475872 211674464
141477632 211670848
141471648 211665920
141463520 211658592
141464160 211656672
141466656 211653376
141469632 211657184
141473920 211661088
141476320 211659584
141472128 211655360
141465440 211647840
141465280 211647264
141469152 211649120
141468288 211651840
141473632 211653408
141478592 211651424
141478592 211654208
141477184 211656096
141474080 211650240
141471296 211643840
141468096 211643680
141474752 211651296
141478656 211655136
141475200 211654848
141471552 211656256
141469408 211654848
141471936 211652512
141474656 211654144
141474816 211652288
141475520 211656256
141480352 211655552
141481568 211650400
141478112 211654624
141476896 211656896
141478400 211654208
141476192 211651200
141476800 211652448
141480864 211656960
141478432 211658592
141471744 211653056
141471840 211655872
141478720 211656704
141484288 211657696
141484416 211668224
141480032 211672992
141471264 211659552
141467008 211655392
141473280 211658528
141478336 211661344
141474688 211658592
141476256 211659616
141479424 211656864
141476480 211651616
141472672 211655008
141472928 211655264
141478048 211651968
141478304 211652704
141481184 211653920
141482848 211655904
141480224 211659584
141480672 211655584
141486176 211652096
141489376 211654784
141482432 211654720
141479584 211651904
141478784 211649408
141477792 211646656
141474656 211644768
141479968 211648096
141482496 211648288
141482368 211647840
141479936 211642272
141483104 211642208
141484672 211642368
141484480 211637184
141487136 211635552
141486176 211636128
141483168 211631808
141481248 211632544
141485728 211631744
141485760 211630784
141478976 211631072
141478080 211626464
141478848 211623680
141486784 211627296
141489024 211629952
141484320 211624416
141478560 211621376
141478304 211626720
141472096 211634432
141469792 211639360
141472064 211647392
141472960 211655424
141482368 211672384
141482336 211688224
141487232 211708064
141489536 211724480
141482464 211731808
141481280 211738880
141479808 211743200
141481952 211757152
141487232 211769984
141487232 211784640
141484160 211792096
141483296 211799872
141481344 211814464
141485344 211826496
141483008 211833952
141482368 211844576
141483840 211851904
141490016 211860160
141487360 211867360
141490304 211878496
141494336 211888800
141488480 211889600
141481504 211891872
141476800 211889504
141473984 211891968
141473376 211896960
141470432 211897408
141470816 211900320
141475008 211904576
141480128 211914240
141485152 211918144
141485056 211915488
141480576 211909984
141481344 211914624
141481728 211916608
141480384 211919264
141483552 211912416
141481472 211909024
141481088 211907936
141479872 211898336
141480448 211892640
141482560 211896128
141488128 211896736
141488416 211890848
141486432 211876896
141478624 211865344
141476256 211855552
141475776 211849280
141473440 211844928
141478560 211842624
141480512 211835872
141477312 211823264
141477664 211806336
141480224 211796992
141482656 211787712
141481344 211777568
141479008 211771904
141477824 211771008
141477728 211765472
141477120 211757856
141479104 211758272
141481920 211756000
141479424 211754976
141477536 211756128
141480288 211755104
141488576 211755072
141487360 211750688
141485728 211748256
141485632 211750208
141483008 211754080
141482784 211759136
141484960 211760480
141488032 211763232
141484512 211767136
141482464 211763680
141478560 211758528
141477344 211766848
141484960 211774016
141485952 211782944
141492864 211789824
141492128 211794208
141492832 211794560
141490752 211797312
141482880 211795008
141487392 211796992
141492128 211803488
141493696 211803072
141496608 211799488
141489472 211798176
141486080 211793632
141487968 211791424
141487936 211796032
141485856 211792544
141483168 211789344
141480672 211786880
141481056 211781568
141484096 211781920
141490208 211784928
141488320 211784768
141485664 211779392
141487264 211768544
141488608 211767488
141491424 211775392
141499776 211774240
141495136 211769664
141487968 211769280
141488768 211766528
141490080 211765568
141489216 211760576
141485344 211749984
141483808 211744896
141485184 211740896
141486176 211735072
141485344 211734272
141490048 211736928
141492832 211736896
141491296 211729120
141493088 211728992
141496480 211723872
141498880 211718464
141500256 211715648
141496576 211709952
141492544 211699808
141488864 211692640
141487680 211686048
141484800 211676384
141486048 211675488
141482400 211676960
141478944 211674048
141482816 211671488
141482848 211668896
141482272 211663104
141483840 211658240
141486080 211654368
141488000 211655456
141488832 211655072
141484672 211655392
141482496 211655360
141482400 211658720
141486176 211663328
141483712 211658976
141488192 211655552
141492704 211655744
141488480 211647040
141484384 211640192
141485600 211638144
141486720 211637696
141484864 211641248
141485472 211641760
141483168 211640000
141484608 211641088
141483712 211639264
141484640 211635136
141482976 211636736
141483328 211637024
141488224 211636864
141484832 211632832
141485248 211634464
141485440 211633856
141486368 211629664
141484896 211627264
141486208 211629152
141487264 211629824
141485312 211632000
141479808 211628800
141476544 211627424
141476576 211623712
141474656 211620256
141479328 211622720
141487968 211620736
141489216 211620704
141483616 211619968
141483392 211609952
141490240 211614912
141488000 211624064
141481408 211624640
141480000 211625568
141483712 211625088
141480256 211625376
141478720 211621792
141483360 211621536
141484352 211621376
141476608 211620416
141476704 211618304
141483264 211619680
141487168 211623584
141489664 211625024
141486304 211624288
141487552 211623616
141490528 211625920
141489760 211626560
141488608 211628192
141481184 211625536
141480192 211618752
141483328 211615392
141484384 211624736
141484224 211624832
141486816 211622112
141485760 211623680
141489280 211627520
141490976 211630592
141489600 211627616
141491040 211621280
141493280 211622304
141490464 211617408
141492096 211616064
141490656 211608224
141481600 211599264
141478528 211601696
141486208 211609280
141487200 211606208
141481248 211596096
141472224 211592672
141473984 211592800
141478880 211591008
141477920 211592960
141479584 211590496
141481184 211589216
141483744 211588608
141486848 211589472
141487008 211591168
141486208 211586528
141485280 211586208
141492928 211588480
141494112 211590624
141490528 211588864
141492640 211581088
141493760 211583168
141491968 211584224
141493984 211582752
141492160 211577472
141484512 211571808
141485312 211571936
141488448 211574752
141490720 211573568
141487136 211573152
141484576 211572416
141481472 211566272
141483488 211568864
141484800 211569888
141481344 211567424
141480544 211567872
141481056 211566656
141485984 211567200
141485376 211565024
141480224 211558048
141477248 211552960
141477792 211551104
141478432 211548320
141473600 211543424
141475168 211541376
141480000 211541088
141477344 211545632
141478944 211545088
141478272 211540160
141478720 211535136
141486112 211535552
141486624 211535360
141483136 211535904
141483168 211534496
141486144 211537408
141490400 211537696
141488384 211537568
141482368 211540256
141481664 211542752
141484960 211536480
141483232 211533664
141487680 211538240
141491168 211541504
141490112 211535488
141486144 211532480
141485088 211530528
141488032 211527488
141491232 211526112
141492480 211523168
141488416 211523360
141482400 211517920
141477248 211511744
141477248 211510208
141478624 211512800
141481664 211515616
141489600 211521408
141493952 211521472
141490880 211519744
141490176 211515936
141485056 211509632
141483584 211510656
141487008 211514176
141487456 211518368
141492256 211530560
141498752 211538880
141494176 211545568
141487360 211557600
141486496 211569632
141493184 211581856
141494592 211596448
141490560 211614112
141488896 211627072
141485920 211634560
141484224 211642464
141484992 211656608
141488576 211667136
141490624 211682464
141487808 211689984
141478144 211695680
141478336 211704672
141479840 211718144
141481536 211726880
141488192 211735296
141490880 211749120
141484864 211754656
141477920 211754944
141476256 211759648
141478016 211765568
141476480 211775936
141478976 211779872
141482720 211784160
141483456 211787456
141479712 211790592
141479168 211794848
141476896 211799936
141477280 211798976
141478976 211800224
141481696 211797120
141482528 211798784
141487456 211809728
141494496 211817344
141499360 211818080
141500960 211813504
141495072 211806624
141490208 211797888
141488288 211791648
141493376 211791808
141497984 211793088
141495680 211790976
141494432 211789376
141492992 211785824
141486304 211777568
141480928 211770336
141482816 211767136
141486016 211767296
141488448 211769568
141488320 211763072
141491776 211756000
141495488 211751200
141496544 211746976
141497696 211745024
141497728 211745856
141495616 211749280
141500320 211750304
141506304 211749696
141501088 211742144
141499104 211735904
141499424 211731488
141497536 211727392
141498272 211724960
141495328 211719584
141498336 211713728
141501728 211712128
141497408 211711616
141487872 211705056
141489120 211704864
141494848 211705728
141500800 211702144
141502592 211701536
141500064 211696896
141495840 211691488
141493728 211683808
141494496 211677184
141491136 211675072
141492512 211672288
141494848 211671808
141490848 211675840
141491424 211671712
141493920 211665984
141494496 211662880
141490848 211665280
141490272 211657856
141489376 211647136
141490432 211643904
141493152 211637696
141496160 211633056
141494464 211630912
141492128 211627040
141494528 211624800
141499712 211623360
141504064 211624640
141501824 211625888
141504224 211622240
141499264 211618112
141500736 211612448
141501376 211606336
141498304 211604000
141494880 211592928
141495872 211588992
141497216 211598976
141498848 211600544
141499424 211592736
141495488 211585408
141491424 211580608
141494912 211578880
141501408 211577440
141498176 211578720
141502752 211577248
141504512 211576640
141498016 211572192
141494624 211567104
141496640 211566368
141495872 211565056
141493472 211561376
141491392 211554048
141490848 211551392
141493440 211549760
141492576 211546752
141491456 211536576
141489504 211526592
141493792 211530144
141494240 211530208
141491264 211528576
141493856 211524064
141490112 211518496
141490752 211515232
141488448 211513088
141489760 211518016
141496032 211517312
141495520 211509888
141493472 211510464
141489248 211508704
141487744 211503872
141486976 211507744
141489312 211505696
141491648 211502880
141490880 211497568
141488352 211494176
141491328 211495232
141495648 211496224
141499264 211498656
141497120 211493760
141491136 211493216
141489120 211494144
141492352 211497664
141498688 211502208
141499232 211504416
141499232 211502912
141497632 211496736
141499936 211500416
141505760 211499072
141504640 211490752
141504896 211491424
141501568 211492448
141501120 211486112
141503520 211482816
141504096 211488800
141502240 211483488
141507552 211489408
141509952 211494432
141509376 211487680
141502752 211482304
141499776 211484672
141498560 211488000
141499680 211493920
141504768 211494848
141507680 211487360
141502304 211485824
141497728 211485408
141496352 211485664
141500000 211487008
141499392 211482784
141498208 211477312
141500128 211473888
141502464 211472736
141503840 211474208
141505408 211480576
141507008 211479008
141501568 211473696
141497408 211469472
141497376 211469024
141496000 211466752
141500128 211467744
141497888 211468800
141494784 211462528
141499456 211461856
141500640 211459552
141500256 211456512
141502880 211455232
141504384 211458592
141503040 211456640
141504256 211460352
141509120 211462560
141506080 211461824
141501408 211455104
141501728 211457184
141502528 211459968
141501856 211458016
141501440 211456576
141502560 211456352
141501504 211454464
141501440 211452128
141502496 211449952
141495456 211447936
141495488 211450208
141504608 211454496
141511040 211452128
141513664 211452544
141509952 211457472
141511104 211455136
141508064 211451520
141503424 211452864
141503392 211458976
141505216 211457504
141507104 211447456
141510784 211441920
141510912 211444000
141507392 211443616
141505568 211441056
141511488 211435808
141515072 211433568
141515648 211433408
141516256 211433344
141513216 211431200
141512416 211425248
141509088 211421120
141505792 211419680
141507872 211416544
141506816 211418944
141504256 211418208
141503360 211412576
141507840 211413760
141504736 211412032
141507904 211409728
141506880 211405568
141505504 211405600
141509952 211407808
141507456 211411360
141505600 211412032
141508768 211405408
141507040 211401664
141501248 211398752
141501184 211396576
141503648 211398048
141504256 211402848
141509568 211407456
141511904 211408448
141508160 211406720
141505216 211411360
141506176 211402240
141499744 211392352
141496448 211392832
141499008 211394368
141498880 211394048
141497888 211396800
141498336 211392544
141493760 211387456
141492480 211385952
141497792 211383968
141497088 211380288
141496896 211378368
141497216 211380928
141500416 211384608
141507488 211383904
141507424 211379008
141499744 211371168
141496512 211364352
141500672 211364800
141503072 211370112
141507968 211378400
141508704 211379936
141508928 211377216
141513568 211371648
141508864 211368352
141503264 211366592
141503264 211367328
141502912 211363232
141501152 211359904
141502624 211366464
141500224 211368544
141498880 211364000
141505568 211367424
141509696 211373440
141514912 211379264
141514848 211380640
141507200 211373920
141500672 211365856
141503456 211367520
141510688 211377888
141508928 211383232
141508736 211395392
141509440 211409088
141505216 211414336
141503712 211424224
141505184 211437312
141506912 211446912
141511104 211453152
141508224 211467328
141508448 211482816
141503808 211495648
141507616 211506912
141516192 211521344
141513632 211534144
141508032 211542976
141506976 211552352
141508384 211561760
141506848 211571840
141505216 211575328
141502752 211581088
141505568 211588928
141507808 211605760
141508800 211619424
141505568 211624192
141506752 211631552
141507616 211637408
141505120 211638048
141501440 211639424
141506816 211649984
141505184 211654560
141506944 211659872
141507840 211663392
141510144 211660992
141514016 211665952
141513600 211669632
141512320 211669696
141510784 211667648
141510784 211661888
141505344 211657184
141503232 211656416
141504288 211652416
141503616 211648032
141504864 211645696
141511264 211646880
141514016 211648288
141511648 211644064
141508544 211636992
141505632 211631008
141502432 211623424
141506016 211617632
141509504 211617344
141506720 211614560
141507808 211611264
141510272 211609408
141509696 211610816
141503360 211602560
141507168 211597760
141507360 211593568
141503520 211592256
141507072 211591968
141507200 211588032
141503264 211585120
141505184 211582592
141504032 211578560
141508128 211577120
141508000 211570272
141506080 211568512
141505120 211567904
141504160 211566304
141503712 211565152
141510208 211563168
141508032 211563072
141505888 211560416
141503584 211560320
141507872 211553184
141504992 211546752
141498784 211542496
141505856 211540768
141507520 211541408
141507040 211541440
141503360 211538368
141501920 211532320
141499488 211525536
141496672 211518912
141498112 211517568
141499328 211518560
141504928 211520000
141513920 211517312
141513088 211518240
141508736 211518432
141510624 211510464
141514432 211502496
141508512 211497376
141501568 211494976
141502240 211495232
141502112 211494848
141498720 211490432
141501344 211480800
141498464 211484640
141500032 211490720
141505920 211488896
141509472 211487200
141509696 211488352
141509632 211484544
141511840 211477504
141512000 211479616
141518208 211483232
141517472 211480640
141511776 211472256
141515200 211474848
141511584 211474016
141506560 211467584
141501376 211458272
141507552 211449376
141511584 211444704
141515072 211449248
141514784 211449344
141513088 211450176
141508224 211446336
141511360 211446112
141510720 211441280
141506272 211437344
141505888 211436896
141510944 211436192
141511744 211435328
141511680 211442464
141514240 211443968
141521184 211438112
141521408 211427904
141517312 211428960
141515360 211429440
141509472 211424320
141510912 211420064
141515904 211422048
141514816 211419040
141507872 211415744
141510400 211415136
141513024 211409664
141512320 211404640
141511616 211407840
141509888 211407232
141508864 211401824
141505024 211397888
141506080 211398272
141509696 211400224
141506688 211405728
141508448 211411840
141508160 211407936
141510752 211403232
141514336 211409280
141520224 211414048
141516960 211411072
141510048 211406048
141506432 211401120
141507808 211402336
141507520 211396032
141511680 211403232
141515456 211404320
141513216 211403712
141507776 211401984
141513920 211406784
141515552 211411136
141514240 211406624
141515904 211411968
141519200 211417312
141516672 211412736
141514464 211408512
141507232 211405376
141502784 211401216
141506112 211405152
141507744 211410304
141512288 211406208
141515680 211407520
141516864 211410464
141513920 211411776
141514528 211417312
141519296 211416640
141517152 211413088
141516576 211410944
141509824 211405504
141509088 211407360
141510656 211409984
141509056 211409280
141511648 211405088
141515744 211410272
141514176 211416384
141515296 211417760
141517888 211420864
141514528 211408256
141508480 211397792
141507008 211400448
141511104 211405088
141509728 211412896
141510240 211407264
141513568 211398016
141514528 211400352
141513888 211400608
141507616 211397984
141507328 211396448
141510272 211398848
141512288 211399520
141514208 211399296
141514944 211397120
141518432 211392768
141515680 211397216
141518368 211400800
141521248 211399968
141514592 211399552
141512128 211395072
141512608 211393504
141513600 211391968
141518400 211390656
141515232 211389280
141504832 211385376
141505664 211384704
141508640 211385376
141512512 211378208
141509248 211374336
141507904 211380256
141516832 211385632
141519392 211381952
141516416 211380224
141517440 211381312
141518816 211377152
141513824 211381984
141513760 211383040
141516064 211380224
141516704 211376544
141517056 211376128
141517696 211376448
141515040 211374688
141513536 211373824
141513984 211371328
141510784 211366400
141508640 211369632
141504736 211367808
141502176 211359328
141504768 211359008
141505664 211365312
141504384 211362624
141512096 211366400
141514912 211365152
141514784 211364416
141510816 211360896
141510880 211357088
141509792 211358176
141508608 211357280
141507232 211357216
141506752 211351872
141509152 211353792
141513952 211353568
141518720 211356672
141521728 211359904
141517888 211359456
141515904 211351360
141517888 211347296
141519616 211351168
141519360 211351520
141513216 211346592
141506336 211341984
141508832 211345216
141512736 211344640
141512480 211343968
141512768 211341600
141512352 211336960
141513792 211339264
141516384 211344288
141513344 211341248
141508960 211339072
141513792 211340736
141514048 211338976
141508928 211336000
141508992 211336800
141512000 211334016
141516160 211332448
141516320 211331232
141517184 211335072
141518912 211335840
141516672 211328864
141507840 211324096
141498912 211316544
141499840 211322496
141505376 211327104
141511616 211330144
141512288 211333024
141511552 211331424
141509568 211330496
141504704 211330272
141506304 211330848
141507072 211337856
141513664 211353024
141513568 211361056
141506336 211372768
141502912 211387264
141507520 211401952
141510400 211416192
141511744 211428128
141506720 211435648
141506368 211441088
141508288 211450336
141508736 211463072
141506592 211477472
141508832 211492832
141509856 211505248
141513664 211516192
141516256 211525664
141510624 211534560
141503968 211542016
141504384 211553664
141506624 211565536
141510144 211572064
141509088 211574720
141505376 211582496
141507392 211588608
141513184 211595808
141512672 211602720
141511456 211604192
141512704 211609792
141515360 211615136
141512608 211614528
141510368 211611648
141508160 211608448
141506496 211607712
141504192 211614208
141503296 211610784
141504608 211610048
141501152 211607680
141496192 211601696
141499040 211604992
141508896 211607200
141512896 211605088
141510144 211601920
141508960 211599712
141506336 211595552
141509056 211591008
141509216 211592320
141511552 211591552
141510208 211590240
141506592 211582944
141508704 211580288
141508544 211576480
141507872 211569152
141511776 211566368
141516320 211564864
141507968 211558624
141509280 211557888
141510784 211558848
141511168 211550336
141510944 211541600
141517984 211537792
141518624 211539968
141514336 211534560
141513696 211527232
141515776 211521888
141516864 211517952
141510944 211508352
141509248 211502624
141512224 211499840
141510528 211499808
141509632 211495840
141507968 211494496
141509280 211494048
141505280 211482816
141503680 211477344
141504416 211479904
141506592 211479328
141507104 211473728
141504864 211467904
141502464 211464512
141499968 211462432
141501760 211463328
141504896 211466336
141511232 211462720
141511712 211458720
141514816 211462880
141516928 211463744
141510880 211461088
141505568 211454848
141509408 211452800
141508576 211453120
141508896 211448672
141509920 211438400
141510272 211437472
141507904 211439232
141503712 211435136
141501376 211432352
141505408 211429504
141509696 211433312
141511776 211432192
141510944 211427168
141512736 211425888
141512864 211427136
141508832 211421952
141505952 211410304
141503616 211407040
141501120 211407264
141496640 211401184
141500544 211396032
141503552 211393024
141502688 211391584
141503168 211393056
141496768 211391168
141497312 211391008
141507680 211393728
141514336 211397536
141512896 211394528
141509248 211385760
141507488 211378528
141503168 211377888
141503808 211379712
141504032 211378624
141503040 211377984
141500064 211374368
141498144 211377536
141501152 211376704
141508960 211383776
141510560 211387296
141502048 211381792
141499456 211381184
141503104 211375776
141507392 211372000
141510016 211376576
141511488 211379616
141507744 211382176
141508352 211383904
141507904 211380832
141502176 211373696
141509312 211377984
141512288 211375552
141511072 211374720
141512960 211379168
141512384 211377760
141508640 211374528
141509280 211374336
141507360 211370432
141507360 211372160
141501440 211369728
141496128 211367456
141495936 211367520
141493184 211362400
141495392 211355040
141499424 211355072
141502080 211359008
141506336 211361152
141502752 211358208
141501280 211359648
141501760 211358912
141504096 211360992
141506784 211361408
141507488 211363264
141508608 211370688
141511744 211371904
141507136 211367328
141505984 211364768
141506848 211363424
141502528 211360512
141501952 211363968
141504864 211367680
141506048 211368320
141504288 211370880
141508224 211367968
141508192 211364704
141501152 211353856
141498560 211352512
141498976 211353248
141501824 211356832
141508224 211361824
141505152 211362144
141506784 211360096
141505504 211361184
141506784 211368320
141510112 211366240
141507584 211360800
141503072 211357920
141502176 211360544
141504064 211361664
141503136 211357344
141501952 211359008
141503360 211359648
141510144 211361408
141514880 211361664
141515392 211362880
141520960 211366976
141520384 211365632
141517344 211360832
141512608 211356704
141508160 211355968
141504128 211355168
141506176 211352992
141507296 211347776
141501216 211342144
141503232 211338720
141503552 211340608
141499616 211338688
141506752 211339264
141511360 211347488
141508992 211351648
141505408 211350016
141502112 211344704
141498624 211339008
141507360 211338432
141507296 211337760
141507136 211340160
141511104 211336864
141503584 211332160
141501984 211335616
141509408 211334144
141511808 211340544
141512480 211342144
141511232 211333824
141508256 211329344
141508512 211330880
141508032 211334464
141508768 211335040
141512512 211333952
141513792 211339680
141514656 211342752
141517600 211344032
141514336 211341344
141507040 211333504
141506560 211331424
141506880 211324864
141504256 211322432
141503040 211322304
141504064 211322016
141500800 211319168
141504320 211317504
141506336 211314048
141503968 211312736
141503808 211316416
141507808 211318304
141509536 211321408
141506144 211321600
141506784 211316736
141506656 211312608
141502944 211310240
141501408 211305344
141501152 211302720
141501888 211306880
141500384 211310592
141502880 211308736
141502496 211309376
141506368 211306112
141506912 211304896
141500640 211304704
141500416 211303104
141501600 211297856
141497952 211293280
141502912 211299104
141505536 211303616
141507936 211300416
141508800 211299776
141515200 211300224
141511200 211298272
141508224 211293408
141512832 211290240
141512320 211292448
141506112 211297536
141507168 211297184
141512480 211305504
141510656 211313408
141503360 211311072
141503648 211310752
141507616 211311808
141508640 211318944
141506496 211328736
141508064 211335552
141512288 211344096
141513216 211354720
141511136 211364960
141511456 211374304
141512576 211382880
141510624 211389216
141505568 211393952
141502464 211401696
141494272 211406720
141490656 211406880
141494944 211411840
141497600 211421792
141499136 211425088
141502752 211431232
141505728 211446784
141508736 211463328
141508448 211479136
141508832 211494912
141508736 211511968
141508512 211528832
141505152 211539296
141503680 211546848
141499072 211555136
141499008 211570976
141504832 211584704
141505120 211600288
141503008 211610816
141504352 211621568
141509376 211638784
141508640 211652864
141511712 211667232
141513568 211675968
141512480 211685824
141511872 211695424
141512480 211698624
141508384 211705088
141505728 211713248
141504672 211722240
141505216 211728672
141503264 211734816
141507456 211738304
141506624 211739200
141504160 211743104
141503840 211745792
141500096 211742944
141502336 211739552
141507072 211748992
141509024 211752864
141505376 211750496
141501856 211744640
141503072 211741088
141506592 211739328
141507584 211733984
141506144 211735616
141511584 211736352
141515712 211731200
141515328 211732256
141514080 211727584
141511552 211719776
141505856 211713248
141506656 211710112
141504256 211703584
141503744 211694880
141501312 211685152
141495136 211678048
141491968 211673664
141498592 211674176
141503072 211672512
141507488 211666304
141509600 211658176
141507008 211649888
141506080 211640192
141505312 211637088
141508032 211635232
141511776 211633152
141511808 211630144
141511776 211627328
141515872 211620704
141514720 211612256
141507776 211607104
141503360 211600032
141504576 211594208
141506752 211592704
141509664 211585696
141506816 211574656
141501952 211571872
141500864 211569312
141500224 211570304
141506720 211565280
141505088 211560960
141506848 211562656
141509280 211560608
141511584 211550880
141515968 211552000
141511008 211547456
141498912 211533888
141497952 211527488
141500000 211528224
141499744 211523648
141502272 211524096
141506880 211523488
141510112 211514336
141509728 211509120
141514720 211512576
141510624 211515072
141506144 211511040
141509312 211508224
141509536 211500288
141508064 211487488
141512640 211485376
141511776 211483968
141511648 211482496
141517888 211485888
141516992 211487360
141510272 211476928
141510432 211471040
141507168 211471200
141504768 211472832
141505728 211472512
141508704 211467296
141510080 211463424
141512000 211457760
141511072 211456896
141507424 211456128
141501472 211453152
141497376 211446880
141498240 211442848
141502208 211451104
141510624 211453088
141510016 211451104
141510624 211451680
141511040 211450080
141511200 211446336
141510944 211442656
141512704 211440224
141513056 211439040
141508928 211436864
141502496 211434432
141503872 211434624
141503552 211427872
141507808 211423456
141508384 211418912
141502688 211417248
141500192 211416672
141504864 211413856
141509376 211419904
141516672 211428512
141518336 211426272
141518368 211418336
141520736 211415488
141522976 211418400
141526848 211417888
141524320 211407424
141515616 211398944
141512256 211391136
141506976 211391200
141508160 211391168
141512480 211395392
141519232 211395456
141519040 211392352
141513536 211393344
141516640 211396096
141521376 211396576
141522144 211395040
141522816 211396672
141521440 211396288
141522400 211400192
141515456 211399168
141506560 211394496
141508768 211392768
141515072 211398400
141516864 211399872
141514560 211395296
141511264 211389760
141504160 211385472
141506048 211381664
141508992 211385568
141510144 211388576
141511040 211388160
141511904 211387936
141508864 211388000
141504480 211387808
141507104 211388896
141510432 211387776
141511680 211390752
141509952 211388576
141510528 211390176
141514336 211391680
141515072 211389248
141512544 211387360
141506176 211378432
141506752 211380608
141508864 211388128
141509184 211388832
141512992 211390112
141515104 211391296
141515008 211390720
141514048 211389568
141512096 211391488
141510400 211389728
141511840 211388576
141510464 211383776
141511328 211383392
141509600 211387136
141509952 211389568
141509056 211390816
141512608 211390592
141508224 211387104
141503616 211381120
141503904 211383840
141509248 211389472
141514112 211392544
141511936 211388320
141507904 211383520
141502464 211387104
141501408 211381568
141505920 211376352
141510816 211376704
141513248 211376032
141510144 211370080
141512512 211373600
141511104 211380064
141504064 211377184
141504544 211373632
141507488 211367936
141507264 211365760
141513376 211370176
141515744 211373536
141515424 211377568
141513312 211379872
141509376 211374848
141507296 211370880
141506496 211367424
141507200 211362368
141506336 211360096
141508480 211361920
141510080 211365056
141511488 211363680
141505792 211364288
141503712 211364640
141508160 211367168
141512992 211369824
141515104 211368160
141512736 211363040
141512640 211358240
141506560 211358144
141502592 211355904
141506720 211354368
141512288 211360064
141514080 211366400
141515488 211365568
141510560 211360064
141504928 211358880
141512960 211363264
141513824 211361696
141509824 211354464
141512800 211348672
141513856 211342176
141509664 211345056
141511104 211347968
141510880 211346304
141507552 211342880
141509216 211347936
141509888 211347232
141507136 211345696
141504608 211336992
141504000 211329952
141503776 211332608
141510016 211337312
141509856 211340320
141511392 211342496
141513408 211343584
141513632 211342816
141514304 211340576
141508288 211337504
141506240 211335072
141511328 211338528
141517408 211341408
141518656 211345696
141515616 211348800
141515232 211349696
141511904 211343328
141508608 211340000
141512320 211339552
141519392 211343712
141521632 211345280
141517856 211342176
141516736 211338368
141519744 211340000
141519392 211340576
141520960 211335552
141517408 211334176
141513216 211333984
141513376 211333248
141508832 211328320
141516608 211330144
141518368 211332672
141513568 211331168
141516128 211328320
141514688 211327456
141514720 211326080
141515008 211329728
141516256 211326368
141514688 211322016
141517024 211319872
141517216 211321536
141512896 211319104
141509248 211316640
141509760 211310976
141508160 211310880
141505504 211317120
141504928 211321344
141504096 211322176
141510976 211323168
141512800 211323488
141507456 211329184
141506560 211334944
141504672 211342624
141503328 211353280
141506144 211371232
141511360 211385536
141515552 211397376
141516320 211408160
141513728 211415296
141516896 211430944
141519456 211446112
141517920 211461216
141517568 211461216
141518528 211470912
141521344 211486432
141521472 211497568
141522048 211508448
141522976 211523872
141522496 211537760
141516128 211544416
141519104 211552896
141513408 211560192
141514240 211567200
141516160 211579648
141509920 211581440
141506304 211583264
141504416 211592704
141508832 211604992
141512704 211607040
141509728 211614240
141506752 211621312
141507744 211623904
141508928 211626560
141509440 211622304
141511008 211625440
141510656 211630592
141509504 211636736
141509536 211635904
141510016 211632416
141511392 211634176
141515488 211635680
141514784 211630720
141511136 211625280
141506176 211628416
141511136 211635520
141523232 211636544
141520416 211635424
141516864 211631552
141520896 211629504
141521632 211631712
141519648 211626304
141512096 211613632
141515200 211609984
141514656 211609344
141517056 211602784
141512960 211595264
141514080 211594144
141515200 211594752
141513376 211595680
141519360 211593696
141520608 211590272
141517824 211584736
141518784 211579264
141517696 211577824
141509792 211573920
141508096 211575520
141512384 211576416
141514656 211571168
141508416 211561184
141505504 211554624
141501696 211547392
141501536 211551936
141502112 211553504
141505952 211553888
141506368 211550848
141505504 211547552
141508352 211548768
141506976 211548768
141501344 211547744
141507968 211543936
141515040 211542496
141517376 211540992
141520864 211544000
141522656 211544864
141518880 211534528
141512256 211530368
141511424 211528480
141512288 211523936
141512544 211525152
141513632 211518976
141516320 211520352
141516416 211524256
141521184 211527744
141518624 211522688
141513088 211515392
141512064 211514528
141515104 211513056
141516608 211507968
141518208 211508736
141515808 211512768
141515296 211507904
141513568 211502176
141514048 211496512
141515264 211494944
141515968 211492928
141517056 211494304
141518720 211493952
141520384 211490208
141518464 211489184
141518912 211483232
141513216 211480032
141511328 211479456
141515456 211478912
141518304 211480672
141522272 211476800
141521248 211476416
141521536 211477248
141523264 211473824
141525792 211475776
141522144 211473152
141525440 211465536
141525568 211459392
141523296 211457632
141519104 211453664
141514752 211442688
141514272 211434496
141513920 211432480
141515232 211428736
141515200 211426048
141519424 211426656
141516896 211418688
141520288 211417312
141525888 211417440
141526496 211413696
141525344 211418016
141527520 211417664
141528192 211414688
141522848 211413088
141521184 211405568
141521568 211397344
141526240 211395360
141525664 211391904
141521888 211382880
141521952 211379392
141524448 211376160
141524288 211379552
141532608 211386176
141536736 211389920
141538496 211387392
141534432 211382080
141529536 211379040
141525536 211378592
141523968 211374400
141524256 211376960
141531296 211383360
141526464 211386464
141520736 211388832
141528800 211391456
141531264 211389568
141527552 211388096
141536096 211390656
141535168 211393632
141534144 211395488
141534400 211388320
141531200 211384736
141531328 211393088
141530688 211391296
141530240 211389536
141529568 211388512
141528320 211385184
141533824 211387168
141532544 211390528
141531680 211387712
141533504 211380672
141529728 211372384
141524576 211371296
141523168 211372256
141527648 211371776
141527360 211369376
141527392 211370304
141528128 211371840
141529632 211377536
141529376 211376224
141528992 211372640
141531872 211374336
141530816 211372128
141530848 211374304
141535840 211377536
141540032 211376288
141541920 211377952
141539488 211375744
141534464 211369888
141533280 211372000
141536832 211371296
141539744 211369440
141541280 211372800
141540768 211379040
141544032 211380384
141540480 211386976
141534720 211382144
141537216 211369952
141534496 211369216
141534976 211369568
141535584 211369184
141532768 211371040
141534720 211374848
141533344 211368512
141533952 211371104
141530848 211375648
141531648 211368256
141533408 211365664
141532608 211368096
141533408 211369088
141529536 211367136
141529600 211366144
141536416 211369280
141543168 211366592
141538912 211363968
141537856 211359808
141540288 211361120
141540704 211361344
141544704 211355936
141542720 211358208
141540384 211354048
141537408 211347360
141535744 211349632
141538752 211354400
141538624 211349856
141538240 211345632
141534848 211348832
141535008 211350336
141540480 211351648
141538912 211352000
141537280 211348832
141534560 211345952
141532672 211342432
141529248 211338816
141530880 211340320
141530240 211339392
141530848 211343488
141531680 211340448
141536224 211339104
141537504 211339040
141546528 211342176
141548320 211346528
141545536 211346176
141542080 211338304
141538528 211340064
141539904 211342752
141539072 211342272
141538016 211342176
141539616 211343968
141538592 211341728
141541088 211339232
141540896 211341024
141537504 211344672
141534816 211343552
141540736 211339776
141536672 211330880
141535424 211335744
141536864 211341824
141538656 211338560
141540000 211341440
141539904 211344704
141540800 211345664
141540800 211347680
141540640 211345760
141550368 211348256
141552128 211353056
141549344 211349472
141544256 211342592
141537760 211335808
141540992 211330848
141545216 211336032
141543296 211340704
141540352 211339968
141541280 211339744
141543232 211340416
141540992 211337920
141539104 211332736
141537856 211331040
141544096 211338432
141541472 211335232
141538496 211334944
141542272 211338048
141542624 211339328
141547200 211336320
141548352 211338656
141541696 211338912
141541568 211338592
141543040 211339776
141538688 211336768
141537696 211335136
141542592 211333248
141540032 211332128
141541760 211333184
141543936 211337152
141545824 211338176
141543136 211332576
141542624 211328704
141541280 211331232
141545056 211336992
141546496 211335872
141546400 211334240
141541824 211332608
141538528 211331616
141534016 211332320
141539904 211326624
141546528 211328992
141549376 211326592
141547936 211322752
141541216 211319712
141538400 211317632
141537056 211321888
141536736 211313568
141535008 211310816
141534240 211316896
141534720 211316896
141533600 211312224
141538240 211317024
141544800 211327808
141545728 211329056
141547104 211332640
141547872 211338144
141546560 211349600
141545376 211370592
141551616 211386048
141554656 211394144
141544768 211406432
141540064 211418720
141542208 211424416
141539264 211437632
141541792 211451808
141543232 211463072
141545600 211481472
141549408 211494240
141551136 211507040
141550112 211522720
141552352 211532480
141552480 211546432
141555424 211559072
141557344 211564608
141557024 211574112
141554592 211587072
141557120 211596416
141553984 211608800
141550592 211615648
141552800 211625856
141554176 211629344
141555616 211631616
141553824 211636672
141556128 211648288
141560896 211657344
141567904 211665152
141569792 211666912
141571840 211666944
141571840 211662720
141562112 211661440
141558688 211661152
141560992 211666400
141562528 211664864
141568832 211660768
141567840 211656192
141565408 211652608
141561408 211650176
141559008 211652800
141564000 211657664
141567744 211653696
141569728 211652544
141566944 211650848
141564416 211647424
141564512 211645472
141567968 211638368
141570048 211635168
141564128 211632128
141561216 211627392
141564736 211626272
141566464 211622336
141563200 211620800
141560288 211611392
141556064 211603136
141559840 211600256
141562848 211599456
141566272 211595776
141567456 211591520
141565440 211591328
141568992 211591616
141572704 211587200
141566688 211586368
141568576 211582048
141573152 211580160
141569728 211580832
141567200 211577408
141565152 211572896
141564832 211570880
141562080 211565824
141563936 211563648
141568288 211561664
141571232 211557856
141569344 211555072
141568896 211554240
141570336 211552928
141571744 211552288
141570624 211551328
141571328 211552320
141571264 211546624
141570464 211536800
141571008 211538912
141576800 211542240
141578112 211545344
141577216 211541920
141574144 211534304
141572384 211529920
141572544 211529856
141576224 211527616
141579808 211529920
141580896 211527680
141578336 211524960
141575968 211526272
141576096 211522336
141575328 211518496
141577664 211518400
141575648 211516768
141569248 211509056
141569024 211504736
141570848 211507008
141572800 211506272
141573376 211505632
141571296 211507840
141568576 211506464
141567424 211498848
141564960 211490944
141567488 211494304
141570144 211493024
141567520 211491424
141562816 211486560
141566112 211482496
141570816 211483968
141573824 211484416
141576256 211485312
141573248 211482784
141568640 211476384
141563872 211468896
141569312 211465600
141573248 211466880
141573184 211464000
141570272 211455104
141568928 211454592
141567232 211452384
141569024 211451744
141567232 211452288
141570400 211455008
141572544 211448576
141569152 211443296
141569088 211443200
141568672 211439808
141571328 211438912
141571200 211440928
141573216 211442496
141572160 211440608
141568096 211440544
141565664 211439488
141565888 211437376
141569568 211438688
141570912 211440224
141570912 211433344
141567360 211428064
141562944 211427008
141561216 211426016
141567552 211428576
141569888 211432128
141574720 211434976
141572544 211432480
141570336 211430336
141567552 211430144
141567776 211429472
141574656 211439936
141573856 211444000
141575488 211444928
141581408 211449632
141582400 211458656
141579264 211457504
141580544 211453216
141581024 211457312
141582176 211459264
141580512 211457184
141576864 211457952
141571872 211457568
141574976 211455360
141576576 211458560
141574848 211462144
141572352 211460512
141570272 211459360
141565824 211456448
141562752 211450976
141565696 211454272
141566688 211455488
141570144 211465536
141572512 211467232
141572832 211469312
141569216 211473920
141568576 211469856
141571488 211470496
141574912 211467040
141572736 211465344
141573088 211467648
141574528 211468512
141576128 211466528
141574176 211463040
141571456 211463968
141570336 211463488
141570464 211458912
141570368 211455264
141573728 211455808
141572576 211458784
141569024 211454528
141564384 211450720
141572928 211453056
141575200 211452384
141570528 211450336
141568128 211447872
141568064 211447104
141570688 211453408
141570976 211449824
141564384 211440864
141568160 211442496
141570624 211445824
141572000 211447872
141576192 211448128
141582880 211448032
141574016 211448992
141573920 211446240
141581120 211449344
141580736 211453536
141581952 211455264
141581056 211456256
141581248 211453280
141582816 211450496
141577792 211452032
141575456 211445248
141578624 211443936
141578816 211440000
141575648 211436928
141573952 211435328
141573728 211439584
141577888 211444928
141577184 211449824
141580096 211448224
141579712 211447648
141575904 211443008
141577376 211439552
141576704 211438848
141574048 211435648
141576736 211435296
141576384 211436896
141576384 211441248
141570496 211434816
141566560 211428352
141572608 211430720
141577568 211429664
141585888 211435744
141579648 211437248
141577824 211432128
141578720 211428416
141578848 211429344
141574496 211425952
141569024 211417056
141560928 211417184
141561984 211422464
141566944 211422048
141566880 211422624
141568000 211425600
141567872 211431008
141572768 211433056
141572448 211430752
141570304 211428576
141568448 211424256
141566752 211423744
141567968 211423712
141571296 211428768
141573792 211432032
141576384 211427712
141575904 211429760
141573888 211431520
141570944 211426944
141571552 211421248
141568256 211419520
141569632 211419776
141574624 211422464
141578208 211426080
141580928 211426240
141577408 211419296
141575200 211417664
141576736 211417504
141575168 211414592
141576384 211411840
141571296 211412352
141572000 211413984
141576480 211413984
141576896 211413888
141579296 211412640
141577344 211407808
141573024 211407616
141570880 211405472
141570368 211403200
141569280 211403168
141568096 211402368
141571072 211401184
141570560 211403680
141574080 211405568
141580160 211406080
141578848 211399104
141573920 211395520
141574592 211393856
141578272 211395008
141577664 211395360
141573088 211392960
141571936 211389408
141579136 211390816
141576544 211394080
141576896 211397504
141574528 211398080
141571936 211396032
141572768 211400352
141577472 211402240
141581312 211400288
141579744 211401376
141578592 211405792
141581280 211406496
141576032 211409792
141574880 211424096
141575264 211436704
141574176 211447040
141571488 211456928
141570176 211469728
141568576 211477760
141566848 211487936
141575776 211507808
141578176 211525696
141573504 211531616
141568032 211532800
141568576 211543968
141571040 211557248
141572896 211569280
141571936 211580416
141574080 211591200
141576352 211596928
141576800 211606848
141576064 211619072
141571968 211629472
141576512 211636640
141583040 211646272
141585376 211655808
141582656 211662048
141576512 211660512
141575040 211659264
141576256 211662112
141579104 211671904
141585728 211683168
141587872 211688000
141582912 211687904
141582112 211691456
141583104 211684512
141581568 211686208
141581344 211691360
141582688 211692992
141581184 211688800
141576096 211684416
141572576 211682848
141573280 211681824
141575648 211683776
141577088 211688896
141577632 211686304
141579904 211677856
141579584 211673600
141578912 211669760
141580416 211666048
141583744 211667040
141582400 211667456
141583328 211665536
141580000 211654528
141582688 211651200
141579328 211653152
141576064 211646400
141575104 211638816
141575552 211633952
141578112 211630048
141581408 211627168
141581632 211628448
141581792 211627392
141585472 211624896
141580288 211623328
141578336 211618304
141580192 211615616
141576128 211609376
141579488 211607104
141580512 211603456
141579616 211596064
141580224 211593920
141583904 211593312
141580448 211590208
141579008 211584320
141573760 211575136
141572576 211568320
141578400 211567392
141579584 211570912
141580704 211568736
141578720 211564032
141578112 211562144
141575040 211560800
141574080 211557024
141576416 211552352
141575328 211547552
141571200 211549024
141573120 211544128
141571072 211543104
141568448 211540960
141572576 211536992
141575808 211537280
141580512 211541504
141586112 211544544
141583072 211543456
141579456 211542112
141581568 211541312
141581216 211541312
141581696 211544064
141584096 211544640
141584352 211534464
141584640 211534944
141581408 211535744
141581344 211528224
141582816 211532032
141582336 211531904
141590464 211528320
141585536 211519008
141578080 211513248
141581536 211512704
141581504 211515200
141585408 211515712
141584160 211510656
141578656 211503872
141578336 211504576
141579200 211501472
141583808 211498720
141585760 211497504
141585152 211499680
141578752 211498112
141576640 211490880
141584256 211490784
141579648 211490016
141575264 211488544
141579200 211486368
141582336 211485312
141579616 211480320
141572032 211471872
141571456 211472352
141574880 211475264
141582304 211478144
141581984 211479040
141583392 211476736
141587872 211475200
141585088 211470336
141579264 211465664
141576960 211466880
141579072 211471616
141582944 211473120
141590336 211475520
141588768 211473024
141584352 211468896
141582624 211463552
141586944 211464448
141586272 211467040
141586272 211470208
141590816 211472608
141592928 211469152
141588128 211465728
141584576 211466816
141581664 211466848
141584896 211469024
141590304 211467648
141589792 211466784
141589792 211466400
141592032 211464288
141586304 211463264
141578240 211459680
141578784 211465792
141583936 211470560
141583744 211469888
141587264 211469248
141592832 211466624
141590560 211466784
141587072 211465024
141588544 211463456
141591104 211464576
141592320 211466784
141593120 211467168
141593952 211470816
141588608 211470304
141588800 211466656
141594912 211465568
141591584 211463040
141588224 211464160
141587136 211458624
141584448 211462272
141590688 211467872
141589760 211470272
141582464 211470016
141582656 211467392
141583328 211467008
141583808 211470976
141582336 211470880
141578016 211466944
141577248 211466048
141583936 211465472
141586528 211465664
141583584 211467232
141584064 211468000
141587904 211468224
141585696 211463040
141581568 211460928
141581312 211456864
141582592 211457664
141587680 211459680
141591360 211457056
141589120 211459904
141589984 211462336
141589120 211462784
141587776 211463424
141587872 211458688
141589024 211454144
141584000 211448704
141575872 211445472
141577216 211446592
141584352 211446528
141575328 211451776
141577888 211453152
141582208 211446880
141582048 211443744
141580768 211447552
141581856 211448992
141586176 211451968
141585632 211450944
141586304 211444352
141591520 211442048
141589888 211443456
141581056 211438880
141578304 211437280
141578464 211437600
141579424 211440576
141586272 211447040
141589184 211446112
141588640 211440096
141588608 211437216
141587904 211433792
141592160 211432608
141592480 211428736
141583840 211426720
141582784 211426304
141584032 211422720
141582624 211421152
141580352 211423808
141583648 211422048
141589408 211422176
141584992 211420800
141582944 211420960
141584512 211420736
141590784 211422304
141590400 211420256
141586816 211415360
141585760 211413952
141583104 211416480
141588512 211423136
141586176 211423040
141581856 211410112
141583008 211407616
141581024 211408896
141580576 211406400
141582976 211403712
141580704 211403328
141580128 211402912
141580416 211404032
141584736 211404736
141583744 211404256
141586016 211407904
141586720 211407040
141586816 211403616
141587648 211406560
141583712 211407936
141587680 211404480
141595136 211405344
141594912 211408960
141591616 211411680
141591520 211410176
141586624 211407488
141583776 211399200
141583456 211398720
141582112 211399392
141583072 211397152
141581408 211392448
141581312 211392064
141579456 211389792
141582336 211391040
141583552 211390816
141583104 211391552
141582400 211391904
141584704 211386912
141585920 211388256
141583072 211388128
141581184 211387072
141585504 211391360
141590336 211397024
141590720 211396960
141590144 211396064
141583584 211392640
141578976 211387744
141586368 211384672
141591968 211388032
141589312 211389952
141586016 211383584
141587072 211381312
141580800 211381568
141585248 211381440
141590880 211385632
141589568 211382688
141582816 211383872
141583808 211389568
141588128 211390816
141592672 211390720
141593824 211394112
141590528 211398208
141584768 211403456
141585024 211417888
141583744 211431168
141587040 211447712
141588064 211462880
141591296 211473280
141590560 211482272
141582304 211484448
141573920 211490496
141574240 211506144
141581248 211524736
141580224 211538560
141583584 211549888
141584480 211563264
141585152 211572160
141583136 211582912
141580352 211594944
141579456 211594592
141585056 211600800
141585312 211613792
141583168 211617344
141583264 211620448
141581984 211629632
141587712 211639424
141591808 211647392
141592448 211657120
141590496 211662720
141587584 211664768
141588192 211660096
141589824 211660480
141591136 211662880
141596512 211667744
141597248 211675008
141594560 211674784
141595040 211673376
141598016 211667840
141597472 211663872
141596928 211661568
141592384 211661696
141595040 211659936
141592512 211657504
141586272 211652096
141584864 211650080
141582304 211646272
141587616 211641952
141590816 211646080
141587296 211645888
141588096 211639872
141597344 211633120
141597056 211633920
141592160 211631904
141586784 211624768
141578912 211618304
141578048 211613536
141580608 211608096
141586848 211607200
141586272 211610400
141585504 211611552
141582400 211607808
141583008 211606880
141582656 211604384
141582432 211596672
141583296 211591424
141587040 211584640
141594272 211586784
141593408 211589952
141593312 211583936
141592448 211586304
141592032 211588512
141589792 211582400
141591648 211575616
141592256 211573664
141587488 211569536
141585184 211566496
141584192 211563872
141584992 211557824
141587776 211554368
141589920 211553152
141593792 211549664
141588960 211547328
141578720 211541472
141584800 211541472
141589088 211541536
141587104 211541952
141587040 211540288
141592096 211545120
141591680 211542784
141597024 211539104
141601504 211537312
141601088 211534752
141597600 211528832
141593696 211528672
141592480 211522880
141585920 211516800
141586720 211519488
141588768 211520288
141586720 211512000
141582240 211506688
141582112 211503232
141584576 211502464
141590848 211503040
141597408 211503392
141599072 211501856
141596256 211491456
141591776 211483232
141588096 211480960
141587008 211481376
141587936 211481984
141594624 211486880
141596768 211482720
141592928 211474400
141592096 211471584
141590976 211471488
141591360 211463488
141585760 211457440
141583904 211456224
141596960 211454336
141599968 211454912
141598272 211447808
141598272 211441344
141598016 211438144
141599488 211437152
141602304 211440928
141598784 211443808
141594528 211439072
141590944 211435200
141587872 211433632
141594144 211433920
141596160 211430496
141596832 211429696
141597184 211428096
141595520 211423360
141599936 211424288
141598560 211424704
141597856 211423040
141594144 211418656
141586688 211411616
141591616 211408800
141595520 211410368
141598848 211412672
141596352 211409248
141595936 211402720
141593728 211393120
141588544 211395680
141584992 211398848
141590912 211395744
141590560 211392512
141591456 211399584
141592736 211398240
141583456 211394336
141589088 211397824
141599264 211406144
141601568 211405344
141599680 211400992
141600896 211405312
141593792 211397728
141590592 211398048
141593152 211408160
141594240 211407104
141599136 211404576
141599264 211403104
141594272 211405824
141593440 211404832
141591136 211401568
141593856 211405248
141593632 211409408
141596992 211411104
141599616 211412320
141605184 211412288
141605376 211414016
141599968 211413472
141601600 211412544
141596992 211408224
141593280 211406720
141598304 211408960
141599488 211414304
141600288 211417984
141602400 211411808
141599424 211408672
141596544 211406112
141593664 211406880
141598528 211410432
141608224 211416128
141605088 211421088
141600960 211415776
141597088 211414656
141599136 211411616
141595904 211407232
141600704 211409408
141605920 211410816
141602848 211405952
141595872 211401632
141592736 211399648
141592672 211401504
141596960 211402112
141596480 211406944
141593760 211408608
141597600 211409760
141597664 211408768
141597728 211407040
141596736 211406112
141597664 211404576
141597088 211398464
141589728 211390720
141593408 211394592
141599712 211403392
141602720 211401856
141600960 211401824
141603456 211404192
141606816 211404160
141609088 211398272
141604576 211396160
141605472 211393920
141607552 211398688
141602240 211401344
141601792 211393888
141602752 211388448
141602784 211389984
141605408 211390656
141600064 211393472
141605376 211396320
141605824 211393696
141606240 211390976
141608480 211393248
141605024 211386784
141604544 211378624
141608928 211380032
141609792 211378784
141610528 211373408
141610336 211376128
141606048 211380864
141604032 211378784
141606176 211370176
141609088 211370720
141608256 211374976
141611808 211376800
141616608 211376928
141618176 211377056
141615584 211376928
141618144 211377376
141616800 211374976
141618048 211369984
141614944 211370592
141611072 211374528
141612000 211374656
141615136 211369984
141613728 211367360
141611872 211371104
141609344 211373088
141605984 211373376
141608544 211372832
141611808 211370464
141615328 211368896
141612224 211370560
141613856 211371840
141615168 211369760
141606816 211362336
141607840 211359104
141611968 211358944
141612768 211359648
141613568 211359968
141612576 211361856
141614048 211366464
141619072 211369344
141615616 211365504
141611936 211357472
141611584 211355712
141610592 211357280
141612480 211355296
141613760 211357024
141615456 211354560
141613632 211356096
141610496 211353248
141612800 211350880
141614560 211354016
141613760 211357760
141613920 211355776
141619296 211357408
141619552 211358208
141622112 211363424
141621920 211364640
141618240 211360640
141610432 211353280
141609504 211350368
141612992 211348640
141610944 211349408
141608960 211348288
141607072 211345536
141604928 211344672
141605344 211344928
141603776 211338144
141603648 211339648
141606208 211341088
141610528 211341856
141605856 211341856
141602016 211346336
141603648 211349024
141603488 211342400
141604512 211342560
141603936 211343264
141604480 211337216
141610080 211334784
141618240 211337760
141615744 211340128
141613088 211339040
141610688 211336704
141612352 211332128
141616032 211333472
141615040 211334848
141615680 211337056
141613152 211333664
141606432 211337024
141603712 211343296
141608160 211348320
141607872 211361600
141609472 211375808
141610848 211389728
141611072 211402208
141612672 211416224
141610944 211426304
141601344 211435968
141600224 211453600
141609440 211469664
141611584 211484864
141608416 211497184
141609696 211511904
141613408 211524000
141613952 211535424
141614496 211542048
141611264 211553760
141610752 211565280
141607552 211573856
141611584 211585152
141611840 211586752
141608736 211592032
141602912 211603648
141607968 211612768
141609312 211625088
141606432 211632192
141608352 211638368
141609728 211650592
141614432 211657536
141614880 211660896
141610560 211659232
141608928 211658720
141607392 211660384
141607040 211665856
141607040 211668032
141607296 211670176
141609664 211670464
141613056 211671872
141612512 211675328
141613696 211674624
141615328 211673056
141613472 211666976
141611872 211669600
141612256 211667488
141617696 211668704
141618208 211666720
141612928 211663840
141610880 211658272
141606528 211648480
141602880 211646336
141603552 211646656
141603424 211644928
141606048 211640640
141607872 211641696
141610336 211638496
141607392 211632608
141608896 211631584
141610016 211624864
141607616 211620288
141612192 211620128
141611680 211619424
141613920 211621344
141616032 211615584
141608192 211610432
141610592 211612544
141610656 211606784
141612288 211604000
141613120 211606080
141611712 211606304
141608192 211603200
141605216 211598368
141610624 211596480
141614368 211596000
141618336 211594624
141617888 211596928
141617408 211595744
141618272 211589952
141616256 211581472
141615264 211580512
141617600 211577472
141617472 211575136
141616256 211571072
141616960 211575552
141618336 211579776
141618080 211576096
141617312 211573504
141614560 211571520
141611232 211569824
141613248 211571584
141617120 211573696
141624288 211573280
141626048 211566368
141620640 211565728
141623840 211564000
141624768 211562336
141618912 211559808
141619008 211555936
141616096 211554016
141613600 211553216
141611968 211548064
141609088 211547360
141609024 211546208
141616128 211545568
141623680 211548704
141620768 211543168
141614592 211536960
141614368 211537536
141616000 211536864
141617504 211535520
141619008 211529696
141624608 211532768
141625760 211539008
141625408 211539296
141625088 211536256
141624704 211534112
141626848 211527936
141624352 211525120
141623424 211523104
141624928 211519872
141622208 211516256
141621792 211518720
141620320 211520000
141623744 211518752
141626176 211515104
141630208 211509760
141628608 211505664
141624768 211505632
141627072 211499968
141626272 211501504
141624640 211501792
141621024 211502112
141620224 211505056
141625984 211505056
141630528 211504064
141627520 211498688
141628000 211494208
141622432 211494176
141617024 211493600
141622944 211495424
141622720 211497440
141622048 211494016
141623552 211493632
141627136 211495712
141630336 211494400
141627552 211493568
141628320 211495040
141631456 211494400
141628608 211496032
141626272 211493632
141626368 211487584
141628064 211487328
141626240 211487904
141625536 211487200
141620928 211485760
141616832 211487488
141616800 211483936
141620480 211478752
141617856 211469824
141621696 211473312
141622368 211477088
141621536 211474976
141623840 211473376
141626464 211470208
141625248 211468512
141627296 211473472
141628608 211468160
141635488 211463456
141635776 211466976
141636480 211471008
141633600 211472384
141629888 211471168
141625312 211460928
141623360 211459040
141625088 211456672
141629760 211462080
141626880 211457760
141618848 211449440
141620032 211445664
141623840 211441760
141629248 211448352
141628960 211452896
141624288 211452576
141625696 211448160
141629664 211450208
141628160 211452736
141632960 211445248
141637792 211440128
141635392 211439040
141634560 211435552
141636384 211434240
141635008 211438528
141636832 211433248
141636256 211430656
141634208 211427456
141633728 211422208
141634848 211424064
141633888 211423584
141630688 211419456
141626784 211411936
141627232 211406912
141629792 211405824
141632064 211407360
141627552 211405280
141625504 211399712
141625920 211398176
141626144 211393248
141626496 211390400
141623648 211391776
141616544 211391808
141612832 211386048
141616544 211388160
141619200 211393664
141621728 211392480
141619552 211388768
141622176 211388448
141621152 211392224
141619680 211385856
141621088 211380384
141620640 211380096
141623584 211379520
141619072 211374016
141618080 211367168
141616736 211369984
141623232 211375840
141629888 211375520
141625504 211379264
141622560 211379936
141620800 211374432
141625248 211370944
141626176 211372448
141621568 211369248
141618464 211365696
141619328 211361536
141616480 211363040
141622656 211368320
141627168 211374176
141628768 211378848
141625920 211374016
141625280 211368192
141618112 211364384
141620800 211368928
141626464 211369792
141623008 211363168
141618912 211359552
141618400 211363360
141621632 211368960
141623360 211373664
141625728 211374080
141623584 211374592
141627392 211378592
141629920 211380704
141635648 211384096
141637600 211382848
141634400 211378624
141632224 211376768
141632416 211377664
141632928 211377088
141627264 211374336
141627808 211374240
141627424 211374592
141622464 211370240
141621696 211367424
141620256 211365920
141619584 211365344
141615136 211358272
141610752 211353984
141611776 211351168
141620224 211354368
141620640 211353024
141621984 211351168
141629216 211351104
141631264 211347808
141632896 211351808
141629440 211353024
141627616 211355488
141620512 211351136
141619552 211346080
141629024 211353408
141627616 211359456
141625632 211355328
141620864 211349984
141619232 211350208
141624864 211352992
141632800 211355552
141632832 211350976
141626816 211347040
141625216 211340416
141629696 211344896
141629472 211351008
141619584 211344576
141615328 211340320
141616640 211336512
141619456 211338528
141618848 211339616
141621664 211343936
141621984 211342112
141624704 211343008
141634496 211346720
141635520 211345344
141624320 211341312
141618528 211339904
141625568 211346240
141625568 211346784
141627008 211344992
141626816 211341152
141623360 211339840
141624288 211342144
141621632 211336992
141615936 211331680
141620640 211333312
141622976 211329952
141617408 211329312
141616064 211331808
141616992 211327712
141618112 211322208
141613152 211321856
141616864 211330176
141615168 211330240
141617632 211335008
141619168 211338880
141621440 211340416
141624512 211340864
141622752 211347296
141620448 211353440
141619104 211371456
141621152 211391264
141618400 211401472
141618272 211410752
141617344 211423072
141614272 211429664
141617504 211442976
141624544 211465056
141630080 211475712
141626624 211482048
141623936 211494912
141621408 211502400
141623104 211509472
141622624 211522368
141618880 211525632
141617696 211533920
141621664 211554944
141627808 211571520
141628320 211579424
141623008 211582464
141619680 211589088
141624576 211594976
141620096 211604032
141617248 211611616
141617536 211617344
141617312 211619456
141623232 211629984
141628256 211635936
141631328 211643552
141629152 211646464
141629280 211648384
141629056 211644128
141625632 211642784
141622432 211646976
141624512 211644704
141619040 211645472
141617088 211644864
141622048 211642880
141629952 211638880
141631872 211638944
141632000 211637760
141632768 211637312
141631488 211635840
141628672 211635456
141628640 211635072
141631680 211632928
141636608 211627840
141635040 211624832
141635968 211619424
141635232 211617056
141631520 211616960
141631776 211613376
141633440 211610016
141630016 211608352
141634528 211609632
141638464 211607168
141637152 211604992
141632960 211598624
141631424 211591264
141628064 211576064
141629952 211578272
141636352 211579424
141633632 211574496
141633152 211571328
141635744 211570976
141634272 211568736
141626880 211562656
141624576 211560512
141628640 211559008
141627008 211556896
141631552 211558144
141632928 211560512
141632096 211559648
141636864 211558464
141639040 211557792
141639584 211557792
141638944 211558592
141634816 211556608
141634528 211552416
141635168 211547360
141633056 211543296
141635104 211537440
141637952 211540320
141635136 211545344
141635200 211547488
141640896 211544384
141643360 211539904
141639072 211539328
141637984 211537856
141639584 211537440
141644224 211538816
141638304 211536768
141635936 211529152
141639360 211526784
141636096 211524032
141638816 211527360
141648800 211529344
141651072 211528608
141647264 211522400
141639648 211515200
141645280 211515584
141643104 211511264
141644544 211508096
141649632 211515360
141647520 211510912
141648800 211501664
141650016 211500320
141653760 211506208
141654912 211508512
141652736 211511136
141650592 211506816
141648448 211498592
141649568 211501856
141656928 211500544
141655264 211495968
141650464 211491424
141655872 211485440
141659520 211485952
141659520 211487648
141657344 211488960
141656192 211487008
141655776 211483104
141652192 211477472
141648192 211477664
141650912 211479744
141650656 211485376
141645344 211479104
141642688 211471840
141640736 211468160
141641696 211470784
141641504 211471104
141642368 211468320
141639776 211463552
141640960 211462080
141646720 211463424
141644864 211459360
141644704 211455936
141643072 211453376
141636320 211449024
141631712 211444576
141635104 211445248
141641728 211453248
141643136 211451488
141643296 211449664
141642240 211450880
141642432 211450944
141637792 211449824
141637376 211451392
141638560 211446432
141638688 211447808
141644288 211458336
141651680 211464896
141653440 211465824
141652352 211466240
141652736 211464160
141644800 211458304
141643552 211457664
141647424 211461888
141649856 211464832
141647680 211464128
141641600 211465152
141641728 211466304
141644384 211465120
141642432 211467456
141643488 211471328
141647616 211472096
141645632 211475904
141644096 211474976
141642880 211476352
141643136 211477504
141639296 211474848
141638464 211469056
141637632 211472544
141640672 211481344
141645760 211483424
141647520 211483360
141645632 211479488
141645920 211478272
141648000 211477728
141645344 211476896
141640928 211475232
141646528 211476704
141648736 211482432
141645984 211489856
141647168 211489568
141649184 211491168
141648480 211490048
141643200 211483392
141641824 211485216
141648896 211486272
141650976 211485856
141653152 211486656
141653792 211483552
141650816 211479392
141645056 211472288
141641536 211470912
141638464 211473056
141640416 211472896
141637152 211470080
141640512 211472608
141642912 211473216
141643008 211472000
141647872 211473376
141641632 211471200
141637824 211471584
141643072 211476704
141649344 211482816
141649376 211481280
141649568 211479040
141648992 211478688
141648224 211475456
141648800 211477472
141647968 211472704
141645728 211460416
141644288 211461952
141650784 211471904
141661120 211474144
141658144 211471232
141650880 211471968
141651904 211468288
141649856 211463840
141651424 211465184
141653920 211467456
141653216 211466944
141647392 211467648
141645792 211468896
141650592 211469760
141652992 211472736
141654432 211471104
141655520 211473920
141657728 211473216
141653600 211467104
141646592 211463488
141647872 211464704
141646720 211459872
141647200 211453760
141646080 211455360
141645088 211460992
141644832 211458080
141641184 211449696
141647392 211448128
141651872 211453824
141654912 211457600
141655712 211456896
141653248 211451072
141644960 211446112
141645696 211444672
141651776 211447008
141651136 211445728
141649728 211449440
141648416 211445376
141641184 211437920
141637568 211435776
141636192 211436736
141640800 211437664
141646080 211439296
141651616 211441280
141651392 211442048
141652416 211444096
141648320 211443744
141650240 211443168
141652704 211440512
141651744 211434880
141650944 211434720
141655552 211431104
141656960 211427872
141653728 211432448
141652896 211439136
141652736 211440448
141653728 211437760
141655520 211439936
141656000 211438560
141649984 211432416
141648256 211433792
141643936 211434016
141647136 211430016
141651456 211431456
141650112 211430272
141650144 211427808
141646240 211419360
141643328 211419424
141644416 211422784
141648064 211429408
141652512 211429632
141654208 211428864
141651904 211430848
141657920 211430464
141662848 211432896
141659488 211429856
141654720 211427840
141650656 211428416
141656224 211430976
141656352 211432576
141651552 211433216
141655584 211432160
141658432 211428736
141651136 211422592
141649824 211418880
141648704 211419744
141648256 211418016
141650496 211417696
141649312 211421472
141646464 211424352
141642464 211421088
141646304 211421440
141646496 211425152
141647040 211426240
141649824 211435840
141651680 211448992
141652256 211464320
141655008 211475808
141654912 211487680
141652832 211500928
141656064 211516320
141655936 211528000
141650624 211536288
141647808 211543968
141646272 211553600
141653792 211567552
141651584 211576192
141649472 211584416
141649152 211600352
141651904 211613824
141656000 211626016
141654272 211629312
141652992 211631168
141646784 211641888
141645888 211651104
141650560 211655392
141651552 211660576
141649792 211665504
141650848 211674080
141646368 211686560
141645120 211690944
141649344 211698336
141650816 211703680
141647616 211705472
141645440 211706944
141644480 211704928
141643712 211704512
141646272 211708640
141648160 211711584
141649024 211709632
141647072 211705216
141641792 211702112
141640000 211702080
141641568 211703936
141641344 211703520
141640608 211697664
141642976 211698240
141645120 211700896
141643808 211699392
141642464 211692896
141648160 211690240
141647136 211689120
141645088 211683232
141645472 211682496
141643968 211678112
141641632 211667008
141639808 211663392
141643360 211660384
141644064 211656832
141645088 211654048
141643712 211656704
141643488 211654752
141646208 211653696
141647360 211650592
141646720 211649600
141646656 211643072
141646496 211634848
141648192 211632608
141646848 211623744
141642688 211616448
141642208 211609952
141645760 211608000
141649536 211610336
141651776 211607840
141653760 211599936
141651232 211601152
141651328 211605984
141649408 211602528
141656064 211599360
141655552 211593312
141651584 211588960
141649056 211585856
141649280 211581536
141648736 211582144
141646560 211583616
141642656 211584320
141643840 211580224
141648320 211577856
141647072 211579072
141643616 211571136
141646976 211572352
141650304 211571552
141653856 211572864
141654208 211567392
141647424 211562496
141651008 211562848
141656160 211564352
141651968 211563456
141644736 211560672
141641632 211548000
141644512 211538304
141648928 211538720
141651744 211545088
141647360 211548544
141644288 211541536
141640640 211534080
141640128 211524512
141640000 211522144
141641184 211527904
141641280 211528896
141645792 211532608
141645824 211534880
141644832 211539840
141643712 211539584
141647264 211529280
141647392 211523360
141639104 211516064
141638240 211510304
141633632 211507776
141633088 211505248
141634048 211503040
141640704 211502752
141647360 211504032
141648832 211507104
141646400 211499168
141643392 211492992
141640928 211490112
141638944 211488128
141635360 211485504
141640064 211484864
141639680 211481184
141642080 211479552
141645760 211485312
141647264 211479392
141648352 211478464
141644128 211482272
141645536 211482432
141644704 211480544
141637888 211476192
141636864 211468608
141647104 211467776
141647648 211473888
141644448 211473568
141646080 211474656
141643648 211472128
141642784 211472704
141647040 211473088
141646368 211473600
141639456 211471200
141637792 211464352
141639456 211468672
141647232 211477344
141651392 211474912
141646880 211470240
141642720 211466816
141644352 211467584
141642464 211471136
141650912 211470656
141649312 211471232
141645280 211472000
141647616 211475776
141648192 211476704
141647200 211470848
141648800 211470528
141650880 211471712
141649184 211476160
141645952 211483968
141643648 211479168
141645312 211475872
141641696 211478816
141643936 211480864
141645728 211483008
141652000 211486752
141656832 211491072
141653504 211492576
141653792 211489376
141647648 211487264
141646496 211492000
141648864 211492256
141651936 211492320
141656704 211495136
141654144 211497120
141653792 211496160
141656672 211493696
141656352 211491008
141657152 211483840
141657984 211484704
141656160 211484000
141652096 211478592
141649152 211482368
141654976 211485664
141657184 211483840
141654176 211488288
141656288 211486848
141654432 211484256
141649824 211476992
141646976 211469216
141651360 211475392
141660096 211480768
141659904 211480640
141651360 211475168
141648096 211471520
141650208 211469984
141649856 211466656
141648608 211471552
141649728 211479808
141653344 211480416
141655424 211482688
141652160 211483168
141649536 211481216
141650400 211476544
141645504 211465696
141645472 211464128
141645792 211468032
141648032 211473568
141654048 211482400
141654240 211485024
141652064 211479200
141649216 211476640
141648704 211474688
141652864 211470880
141654624 211469824
141650752 211467168
141650688 211469376
141662080 211467168
141658976 211469248
141657344 211473088
141657152 211470112
141655616 211466176
141654176 211471296
141657024 211471552
141656224 211472224
141651584 211469632
141649216 211463712
141652960 211461056
141654816 211466816
141656448 211472416
141663456 211479584
141659648 211477664
141654176 211474720
141657632 211468256
141665760 211475360
141665440 211481120
141666464 211479168
141668448 211471712
141666880 211470720
141665248 211469440
141665856 211471424
141667904 211472160
141668064 211474880
141665952 211474368
141672768 211473024
141673504 211471264
141670176 211466176
141669696 211465792
141667968 211464640
141668896 211461280
141665376 211455872
141661920 211448928
141657568 211450112
141658688 211451936
141651168 211450880
141657088 211451040
141660000 211452192
141661760 211451648
141667904 211454816
141673600 211456800
141672704 211456640
141677920 211458336
141682432 211460736
141678688 211459264
141674112 211455296
141675712 211451936
141671104 211448544
141666624 211444960
141668256 211449472
141669856 211450912
141667744 211454144
141668832 211458816
141670560 211459936
141671264 211461920
141670528 211456928
141666176 211451200
141666880 211448480
141661888 211448896
141664416 211454528
141668640 211457440
141666976 211452576
141667328 211446144
141669024 211444608
141669024 211444480
141667008 211451936
141667264 211451616
141667392 211450432
141666048 211450720
141669568 211454432
141673472 211453184
141677920 211451136
141677152 211451264
141672640 211454112
141672032 211452704
141668160 211448416
141668672 211447392
141664896 211449472
141663584 211445344
141667264 211456928
141668672 211468800
141671936 211478528
141671360 211494880
141666176 211507712
141664320 211514272
141666240 211525632
141669472 211544736
141672480 211561376
141671520 211573216
141669632 211581696
141672352 211596896
141673504 211606848
141674496 211615680
141671264 211621088
141665184 211627360
141664512 211642400
141659232 211648064
141655072 211650112
141655744 211662016
141658208 211672448
141664032 211683968
141667296 211692576
141666784 211693952
141661632 211701984
141660704 211708832
141665888 211715008
141670016 211722784
141668320 211727456
141667072 211732928
141674464 211739360
141680704 211740736
141679360 211744896
141676064 211746304
141675104 211747488
141677568 211752992
141675392 211748608
141670944 211749440
141674592 211747808
141677856 211748800
141682016 211745760
141680576 211739680
141675264 211733440
141669024 211729152
141662528 211723648
141663136 211724704
141663392 211726592
141666592 211720192
141667840 211713088
141669632 211713056
141675136 211714816
141671456 211709184
141672160 211710848
141677696 211711008
141675968 211708640
141674912 211703424
141670112 211695776
141660672 211690464
141659104 211684608
141658496 211680736
141663488 211677728
141666528 211675520
141666528 211676384
141671488 211672992
141668928 211666656
141662624 211660992
141666880 211661216
141670816 211660320
141678048 211659136
141681120 211661344
141676640 211653472
141670752 211649920
141675136 211647008
141676672 211637952
141668800 211630368
141660832 211627776
141661088 211628000
141666880 211635136
141672864 211637152
141672064 211634432
141671872 211630240
141672512 211629760
141676960 211630592
141674720 211625664
141672416 211620096
141670592 211619936
141670272 211620960
141676096 211611776
141676512 211602976
141673984 211605120
141680608 211604256
141680928 211605664
141683584 211605984
141683840 211600768
141677728 211595872
141671360 211592032
141668832 211589888
141679008 211584832
141675552 211582528
141667712 211583264
141670592 211581632
141677152 211580928
141679424 211583008
141675712 211587552
141678048 211584448
141678496 211580448
141677696 211577824
141672224 211572064
141669824 211563904
141667264 211560032
141665664 211561440
141671328 211560800
141667872 211556352
141668960 211556256
141668288 211553856
141669312 211553088
141674720 211552352
141675712 211550624
141670272 211549408
141666368 211545408
141670144 211543360
141671712 211546592
141667168 211547232
141666464 211542752
141671168 211542496
141673664 211545888
141673312 211540320
141670848 211537312
141670720 211534016
141668608 211534496
141671104 211533952
141669152 211533664
141666880 211534976
141666592 211533152
141662304 211523808
141663840 211520576
141672896 211523456
141676256 211526848
141674656 211526368
141675456 211523104
141677920 211523456
141674528 211523328
141675680 211522752
141681984 211525856
141680448 211530208
141678816 211524800
141674272 211518112
141673792 211521152
141676192 211520992
141676960 211516736
141673248 211520896
141673024 211521760
141677504 211521536
141677952 211522144
141673888 211521952
141675296 211521952
141673600 211516608
141674592 211516992
141678592 211519008
141676800 211522464
141670592 211523616
141668032 211523776
141671808 211524288
141672928 211521568
141671776 211517792
141668096 211516992
141665472 211522464
141676096 211522784
141676128 211520288
141668608 211511488
141665024 211502688
141662464 211504064
141661184 211503680
141666400 211508224
141673472 211513504
141676352 211512288
141678304 211509184
141672000 211505696
141666368 211501344
141668192 211501952
141672512 211503648
141672576 211508352
141673760 211509952
141671904 211511040
141664992 211507424
141665568 211502912
141670656 211508576
141669856 211510272
141664128 211505536
141664416 211504320
141662560 211504480
141658272 211499232
141657792 211492992
141659328 211494944
141667200 211498912
141665536 211501600
141671040 211498688
141674752 211497024
141672768 211501312
141672288 211500960
141669536 211496992
141673056 211492736
141672320 211492512
141671168 211494048
141670560 211489472
141664064 211485824
141661568 211482368
141661120 211485760
141661376 211491904
141664224 211497056
141662080 211494464
141662848 211487648
141669152 211488384
141674112 211489056
141678464 211486080
141677856 211489984
141677120 211488512
141676032 211482624
141667776 211481984
141659424 211477632
141661344 211476192
141665312 211472448
141671328 211477408
141673952 211484576
141671296 211485952
141667712 211474304
141666528 211472960
141669344 211471520
141670624 211474688
141673280 211479872
141676288 211479520
141676608 211487552
141672640 211489248
141668800 211481920
141669664 211475168
141669472 211475584
141667328 211471264
141666016 211468608
141662752 211467808
141660064 211464096
141665248 211468288
141664416 211471360
141661504 211470240
141668064 211467008
141675648 211467264
141678656 211470752
141673376 211473376
141669376 211472832
141669952 211467296
141670816 211464128
141674368 211463264
141674368 211461440
141674976 211463104
141673920 211464096
141672256 211464672
141667040 211461632
141663136 211448672
141658624 211441376
141658720 211448128
141656576 211451296
141659616 211452128
141659200 211452000
141663392 211450336
141669024 211451744
141669952 211455584
141669952 211457056
141670624 211461536
141667040 211463552
141669248 211466816
141669536 211466496
141668192 211463808
141665952 211462784
141661024 211459136
141660960 211459840
141668480 211461856
141662592 211460672
141664672 211462208
141669280 211464992
141668608 211465280
141667872 211470432
141667904 211472224
141669568 211464640
141673792 211463584
141670848 211467424
141670144 211466464
141670528 211464416
141668320 211461920
141671904 211462240
141673248 211466432
141676704 211465920
141678080 211468224
141679808 211471456
141677248 211471680
141674016 211467520
141672480 211467936
141672544 211469696
141675456 211464352
141677536 211461088
141676672 211462944
141680736 211466336
141682720 211465824
141679552 211460320
141672256 211457472
141674208 211459008
141670688 211461120
141672576 211455232
141671360 211449504
141668960 211450272
141674816 211454944
141680576 211459616
141685152 211471904
141683392 211480320
141685440 211482528
141685312 211492192
141681280 211509728
141685536 211525472
141685760 211535200
141686784 211551072
141692512 211568000
141690304 211575712
141681344 211583840
141678144 211594496
141680096 211604160
141678528 211613408
141679264 211626368
141682592 211640960
141679520 211648704
141676928 211659584
141676128 211676864
141677760 211683808
141674464 211692320
141672224 211697152
141674528 211706976
141677056 211715840
141679488 211723680
141676992 211731168
141674816 211736480
141674592 211741632
141673952 211743904
141676896 211750368
141676928 211753888
141673312 211756224
141674528 211758944
141675328 211758080
141673696 211759840
141679712 211766848
141685664 211769760
141684640 211764896
141681824 211764768
141683552 211762080
141678432 211755264
141672864 211750144
141673952 211748288
141677728 211745856
141677824 211741088
141676448 211742592
141677888 211747040
141682400 211745280
141682592 211741952
141676704 211738336
141677632 211735872
141680672 211735136
141684544 211735200
141683392 211736704
141685600 211736800
141681472 211730464
141679808 211724096
141676288 211719104
141670912 211712416
141672736 211704992
141677696 211706336
141678048 211701376
141672640 211695104
141669984 211694240
141673728 211697248
141674272 211694080
141677632 211690592
141675136 211681920
141668448 211675232
141668224 211672064
141671328 211668128
141669632 211665120
141664608 211659296
141664128 211657152
141666336 211653344
141668576 211655392
141668672 211652448
141664480 211647808
141662112 211647808
141664992 211647264
141667360 211647168
141666336 211641472
141664960 211640768
141668608 211643456
141672032 211640640
141664736 211635904
141666464 211636928
141668000 211635040
141666432 211625792
141665824 211621408
141666752 211627488
141667840 211626336
141673344 211623968
141672224 211627264
141670624 211627872
141671040 211621632
141666720 211614784
141654528 211607488
141653888 211606880
141660576 211608320
141663648 211605088
141662240 211600320
141662752 211601472
141664224 211601184
141665152 211599264
141660928 211597056
141662272 211594048
141665536 211597952
141667456 211597440
141667296 211593152
141662880 211587936
141660576 211588928
141660960 211587488
141658336 211585184
141656864 211582048
141655552 211577888
141655872 211570464
141657184 211567264
141656000 211567840
141657440 211568096
141656192 211570496
141655488 211568064
141662144 211565408
141666144 211566528
141664768 211563488
141660544 211561632
141652896 211560544
141649600 211558144
141650944 211557248
141657120 211554144
141659904 211558272
141660672 211559648
141662720 211559392
141658688 211550016
141652224 211545536
141652608 211547744
141659104 211553344
141664032 211556480
141662272 211552832
141659872 211549152
141664736 211548096
141664128 211553408
141662368 211551392
141661408 211543488
141657344 211538464
141657344 211539200
141661216 211538336
141665632 211541568
141661664 211540736
141657184 211536672
141650016 211533504
141654784 211536864
141664000 211543072
141670336 211545280
141667456 211541248
141666656 211537152
141669344 211537664
141663648 211542848
141665504 211541504
141670176 211540864
141671488 211540960
141669248 211537952
141664832 211538144
141662016 211536800
141657440 211535808
141655104 211536864
141651680 211534016
141651296 211533120
141656224 211527904
141662080 211530624
141667712 211537504
141669088 211541568
141664128 211539776
141665472 211537248
141662752 211535136
141666080 211542176
141674688 211542784
141674144 211542048
141673536 211551712
141675296 211553120
141673184 211546496
141674432 211543808
141671776 211546112
141669184 211546400
141666368 211542144
141666080 211537920
141672448 211537984
141675328 211539840
141671168 211542656
141671136 211536448
141670112 211536128
141663648 211532064
141659552 211530048
141658912 211533888
141659936 211534080
141662560 211533088
141660032 211532960
141656704 211532160
141658816 211532736
141658592 211528800
141659040 211529600
141663168 211534016
141668736 211533856
141667936 211529696
141667840 211531360
141671520 211534112
141668480 211532544
141662880 211524640
141658752 211521024
141657952 211520576
141662016 211521408
141662336 211518432
141664160 211515552
141664480 211516576
141663392 211513120
141656192 211513120
141657248 211509728
141660544 211511296
141661152 211515584
141661216 211515104
141662336 211510304
141661248 211505856
141666112 211511008
141669344 211516768
141668000 211513632
141664192 211507936
141667232 211512064
141670336 211511296
141668096 211507296
141668928 211505984
141666496 211504704
141668928 211501888
141669248 211503424
141672160 211508320
141674848 211514688
141674400 211512896
141674496 211512000
141671968 211509312
141671616 211502848
141667584 211500352
141662176 211495296
141663680 211492384
141658784 211491488
141661280 211488512
141668032 211488704
141669824 211491552
141669376 211494336
141673408 211495168
141673056 211493664
141676384 211495168
141677088 211499552
141676032 211498400
141670144 211491840
141662176 211486432
141665472 211485952
141671840 211495008
141674848 211498048
141670016 211492128
141671104 211490592
141673632 211486272
141673536 211485152
141674496 211487584
141674496 211491488
141671776 211484288
141666688 211481280
141666304 211479616
141669792 211480288
141671168 211480320
141673888 211476448
141673312 211475488
141669056 211467712
141664960 211463328
141670528 211466400
141677344 211470592
141675808 211474336
141677376 211476224
141680352 211476320
141684288 211475936
141682656 211474464
141677472 211472704
141677952 211471328
141679648 211467392
141683488 211470240
141676992 211470016
141676672 211470400
141677632 211468928
141673952 211470048
141673824 211470592
141674784 211464544
141674720 211463488
141675392 211462688
141674144 211458944
141672416 211463392
141670656 211468576
141673312 211463936
141673312 211460416
141674848 211459200
141671552 211458464
141672064 211452480
141673984 211455296
141671200 211455904
141674208 211457440
141671552 211454304
141666240 211452384
141665824 211453376
141665600 211453056
141666496 211447712
141667520 211451424
141670080 211450528
141669440 211448000
141672032 211447744
141670304 211452608
141671520 211448576
141674112 211441728
141667360 211440800
141662496 211440128
141661472 211444320
141671488 211447904
141671360 211452896
141669664 211451424
141677024 211452192
141674560 211447872
141669792 211439744
141669344 211436832
141671424 211436288
141674112 211435328
