10
132523040 177927776
132523520 177928000
132525536 177922560
132522112 177924992
132522208 177932800
132524288 177930048
132530656 177931328
132530880 177928032
132529088 177924000
132530400 177924960
132536352 177921920
132539040 177928640
132536064 177929376
132534208 177923008
132534496 177919616
132534048 177921696
132535008 177926144
132537056 177922080
132535808 177919008
132531488 177921824
132530240 177920128
132534176 177920192
132536192 177920640
132544096 177928416
132545152 177933728
132542208 177935104
132538400 177929856
132536224 177924352
132534208 177924000
132537248 177925504
132535200 177927040
132533824 177921664
132527328 177918944
132520288 177922688
132519936 177920672
132523040 177922080
132517536 177917664
132524096 177918400
132530336 177923488
132530272 177923616
132525664 177920960
132526624 177921792
132527456 177923488
132527712 177921376
132530912 177920416
132530656 177922976
132534976 177925472
132534624 177930272
132537376 177927456
132532096 177922816
132531872 177920544
132536160 177918080
132537024 177914592
132531360 177911968
132530656 177909280
132524960 177909888
132531264 177918624
132534496 177923040
132527584 177919872
132521440 177911200
132514144 177911648
132510912 177911968
132513152 177912320
132519488 177916896
132516640 177916896
132515936 177919232
132511840 177916192
132518656 177912864
132512640 177910528
132512960 177905760
132513024 177906080
132515200 177904704
132513792 177908224
132512704 177913088
132509408 177916224
132514048 177916512
132520096 177919520
132524672 177921664
132520576 177920768
132523136 177911424
132527296 177916192
132537152 177918656
132537632 177916032
132531648 177915744
132534528 177919840
132529216 177920224
132519616 177915392
132520736 177915968
132521792 177915104
132509280 177917472
132503072 177915136
132495744 177906144
132495616 177907008
132503264 177904608
132506240 177902944
132505440 177900864
132507904 177902432
132510976 177908032
132512352 177909888
132511264 177911680
132523488 177915680
132535872 177912736
132528480 177909440
132526304 177903424
132533312 177905536
132529632 177906848
132525280 177910144
132522784 177911584
132526016 177915552
132524064 177913248
132519168 177912576
132509280 177910976
132509120 177911008
132510752 177913696
132504864 177915520
132500384 177905504
132497504 177904992
132486240 177907008
132482976 177910272
132491040 177916608
132497632 177920096
132498272 177927104
132504224 177928960
132506304 177925696
132499872 177929440
132500416 177933952
132501600 177936704
132503104 177939168
132506240 177936320
132510880 177934688
132510048 177934784
132510240 177935968
132514144 177934272
132511712 177936224
132508896 177944544
132508512 177945312
132506080 177942656
132503584 177938112
132507424 177942176
132506656 177947936
132504704 177940384
132513600 177944640
132512256 177949024
132504032 177944192
132499200 177946208
132495936 177945280
132497408 177942272
132501760 177944224
132502208 177944768
132492960 177937696
132485632 177934432
132482976 177935872
132484704 177934240
132486976 177931584
132493088 177932032
132500448 177938912
132499104 177938304
132491584 177931360
132494144 177931008
132501344 177931520
132506240 177937984
132512448 177944736
132516096 177942976
132511680 177938176
132513472 177939648
132516608 177937760
132512128 177934816
132505920 177930752
132507648 177929568
132505408 177937440
132508832 177937312
132512608 177939296
132505280 177931968
132495008 177927456
132497280 177938592
132501216 177937664
132497728 177937440
132491008 177933184
132490304 177930624
132495040 177930112
132491008 177929568
132488544 177927840
132494976 177929600
132501664 177934592
132501120 177931104
132503136 177927520
132498624 177925376
132503008 177927744
132506656 177927008
132513344 177929120
132511424 177928640
132508096 177927040
132509344 177928000
132511200 177926144
132510624 177923872
132502144 177927488
132499264 177933408
132502912 177935008
132507072 177932992
132502528 177932000
132499904 177932288
132489664 177925632
132485760 177922816
132487712 177925152
132489824 177922656
132494656 177931008
132494752 177928544
132497184 177925184
132492640 177923456
132490976 177924800
132490528 177921632
132486848 177921536
132489376 177919648
132490688 177923872
132492448 177927584
132489248 177924384
132485568 177917792
132489344 177911328
132493856 177915264
132496160 177918080
132500928 177920832
132496160 177922624
132496224 177915680
132497312 177915552
132492256 177916416
132493760 177910688
132494688 177904960
132490688 177908736
132484320 177910240
132479456 177916192
132484320 177920352
132488672 177923552
132485472 177920192
132483296 177913792
132482112 177909984
132474848 177910464
132474048 177912544
132475552 177909824
132469760 177907840
132470624 177904864
132475072 177906880
132478592 177910880
132479584 177914656
132481088 177916320
132481568 177911744
132478304 177905184
132476576 177911584
132486016 177911648
132486976 177916544
132491136 177916256
132492512 177912288
132490912 177913600
132491776 177915008
132497120 177918336
132496864 177921344
132492096 177921568
132494176 177920096
132486944 177912800
132479008 177912448
132480096 177916000
132474784 177916288
132474592 177920576
132479808 177925568
132484608 177926048
132484288 177926752
132478496 177923712
132481312 177915968
132471616 177913376
132467904 177914944
132472064 177916000
132477152 177919520
132475584 177919712
132473472 177918976
132480320 177916480
132480416 177920416
132478592 177915872
132473088 177903424
132473504 177907840
132479712 177909984
132480896 177917408
132482368 177916320
132486304 177917088
132489120 177915136
132488928 177918016
132486624 177917344
132486048 177916416
132479104 177918400
132480832 177922752
132483200 177917280
132481728 177907296
132481696 177912608
132483168 177913920
132481280 177914784
132487328 177915296
132495936 177914528
132492928 177917664
132492768 177914912
132493440 177917216
132498880 177924224
132500224 177919744
132500800 177912608
132496800 177914304
132496800 177917152
132506080 177914560
132510464 177913856
132512256 177919008
132519008 177919776
132520576 177920640
132520256 177920480
132518816 177921664
132518816 177923328
132517664 177919648
132511904 177914080
132515040 177916512
132525888 177924704
132527008 177925600
132523872 177927648
132517248 177925664
132508864 177919776
132505920 177917088
132505664 177917088
132505024 177920192
132500736 177920640
132494368 177924832
132494560 177925408
132503200 177924192
132505312 177916864
132510496 177920192
132509824 177927456
132506784 177927104
132507936 177919808
132508896 177915104
132514560 177917504
132522048 177916512
132524032 177922336
132519808 177924512
132520480 177920960
132530528 177923360
132530080 177923712
132523008 177922176
132522304 177918656
132523552 177917312
132517024 177914112
132513376 177916704
132511840 177923840
132513824 177924512
132515552 177921664
132511968 177911808
132510144 177911936
132508192 177910752
132511392 177911520
132509184 177915168
132506784 177915264
132507872 177916896
132508512 177916608
132506016 177918208
132503424 177912288
132505184 177911104
132507040 177909920
132510368 177909152
132510112 177911648
132516064 177913760
132519392 177908544
132518016 177906784
132523648 177904672
132524864 177911488
132522048 177913344
132522464 177914208
132521536 177908160
132521952 177905216
132523200 177912320
132526720 177914784
132526304 177919360
132529312 177923232
132528608 177920480
132527712 177916928
132522624 177915392
132518208 177906752
132507072 177909632
132507200 177914048
132514688 177913152
132514848 177910624
132510048 177907328
132512480 177907904
132510752 177910496
132512160 177905408
132512224 177907776
132514208 177909952
132520096 177914784
132522592 177914112
132521472 177911808
132526592 177905792
132530144 177909312
132532032 177911712
132531744 177912032
132528576 177913920
132531968 177921664
132541952 177921280
132534048 177916448
132529216 177904512
132531360 177905280
132527680 177909600
132532384 177909696
132532160 177907008
132532288 177907808
132527264 177911328
132527872 177910208
132533312 177908544
132533696 177909536
132533536 177911136
132539616 177916672
132545760 177921952
132537856 177920704
132536640 177917632
132536640 177921280
132535104 177919936
132536608 177919072
132540384 177921216
132543648 177917728
132545024 177913920
132546624 177910016
132547744 177913728
132553344 177915680
132556512 177911072
132553696 177906880
132559488 177907552
132565696 177911840
132560288 177909280
132557120 177910112
132564576 177919712
132558400 177914304
132552896 177912640
132554880 177917952
132552992 177915680
132547168 177909024
132546592 177906656
132543104 177907136
132536192 177910240
132537312 177913568
132540864 177913248
132544096 177919680
132549600 177922208
132549408 177920256
132543552 177918880
132542304 177918464
132544224 177921984
132547392 177920576
132546912 177916832
132552032 177920672
132550368 177923712
132549312 177918784
132550304 177914208
132551200 177908864
132547840 177907712
132549024 177912096
132558336 177913952
132565696 177912320
132562688 177917536
132558432 177919744
132553696 177913600
132555136 177921056
132561056 177920192
132552224 177913824
132552320 177913856
132557952 177919584
132548160 177915648
132540576 177909792
132534976 177911200
132534912 177914208
132536352 177913632
132536256 177916672
132540832 177919424
132547360 177913632
132539264 177907936
132536096 177907040
132535904 177906176
132534944 177907136
132533344 177907200
132541792 177917344
132549728 177915328
132556000 177918912
132556576 177922528
132551040 177921728
132551616 177922304
132555808 177919264
132557728 177923008
132557280 177926656
132550176 177925344
132550016 177923424
132551872 177920256
132549920 177918848
132552896 177916448
132552992 177917696
132541856 177919264
132540960 177917984
132545568 177914720
132543776 177922048
132544768 177926016
132544256 177923072
132542464 177921792
132545408 177920224
132539840 177917984
132539072 177912416
132533664 177917312
132537408 177919872
132543072 177918944
132538048 177914944
132542336 177920032
132549280 177921600
132553696 177930976
132556352 177928608
132557056 177927744
132558560 177930912
132558176 177934336
132559648 177937536
132556896 177935008
132553856 177929024
132552032 177924960
132550048 177925280
132542592 177920864
132545792 177923808
132550176 177930112
132547520 177927424
132543808 177926400
132544064 177923968
132544512 177921184
132543456 177925152
132541376 177930016
132542048 177929376
132534560 177923456
132531424 177924064
132531104 177922304
132532064 177922880
132541024 177928544
132548352 177929216
132548064 177924416
132548992 177919296
132547872 177918944
132542912 177920800
132538912 177923648
132539136 177918528
132541664 177920416
132548896 177920640
132550528 177916800
132552896 177921216
132549536 177926912
132545536 177924704
132551104 177923968
132549120 177920416
132548256 177920096
132550976 177920448
132545056 177917888
132533920 177914240
132531904 177915712
132532224 177914400
132541216 177915104
132541152 177913376
132539200 177917344
132540416 177919520
132536960 177919008
132537216 177921792
132533248 177924320
132533280 177919616
132538336 177921056
132538720 177923520
132543200 177927360
132546592 177926816
132551936 177926080
132554560 177925248
132554080 177926560
132555776 177923232
132552672 177925952
132549856 177929760
132553088 177923808
132556512 177926336
132552256 177929504
132552128 177928800
132550944 177924992
132548032 177926144
132546752 177925024
132553760 177927136
132552672 177929632
132546560 177928800
132542144 177929824
132540576 177926560
132540128 177920352
132534432 177924320
132535328 177933952
132536224 177927520
132538240 177925952
132540864 177926272
132539488 177923808
132539616 177922784
132549952 177925760
132554112 177927744
132553568 177929888
132557088 177929408
132559936 177926048
132561472 177935616
132558240 177940608
132549568 177934720
132551840 177930688
132559712 177924928
132555872 177925824
132550944 177925568
132550368 177920928
132556704 177921696
132557888 177927936
132556288 177926592
132550848 177930656
132552992 177928672
132556576 177927904
132550080 177939104
132547296 177934464
132543264 177931264
132539296 177933504
132534272 177933760
132535936 177936192
132541472 177937984
132540064 177937792
132536480 177937376
132538816 177937120
132538880 177943072
132539744 177956416
132540576 177959328
132547328 177955776
132543936 177959232
132543232 177959360
132548256 177960736
132547392 177957152
132543904 177954080
132543520 177954656
132550080 177958944
132551328 177965600
132546624 177961248
132544576 177963840
132544224 177972480
132546784 177980192
132548096 177975584
132546304 177966240
132543424 177973792
132544960 177978528
132546496 177976352
132546688 177973664
132540832 177972544
132539520 177967872
132536000 177963680
132532288 177966656
132532704 177970080
132539360 177970432
132540032 177971584
132537312 177973632
132542944 177975168
132539008 177971936
132545056 177969760
132544192 177971680
132549024 177977440
132551168 177974912
132551840 177975968
132551360 177977568
132554240 177978656
132562208 177975200
132562080 177976000
132555456 177985408
132550528 177982688
132550528 177978496
132556384 177975232
132559680 177971648
132559968 177968672
132558016 177974112
132554656 177974816
132552768 177974656
132549600 177969696
132547680 177972096
132547296 177972960
132543200 177970528
132543872 177965536
132536192 177963456
132538880 177962624
132544288 177968544
132545568 177972352
132549696 177975936
132556000 177979456
132556320 177976256
132552480 177973856
132548000 177963264
132552064 177960896
132553824 177959936
132556736 177958880
132559200 177963904
132557216 177967808
132554560 177963232
132551552 177959616
132551744 177964352
132556576 177970400
132551552 177968768
132546816 177964448
132540256 177962080
132533952 177958784
132537888 177959456
132540704 177957248
132542304 177959520
132545664 177956832
132541376 177959584
132532480 177959616
132531072 177954560
132530240 177950976
132534336 177954112
132536000 177956896
132534752 177960320
132538784 177959520
132544416 177964896
132543040 177958272
132539456 177956416
132538496 177960640
132537600 177959616
132536960 177957504
132539168 177964416
132541728 177962976
132540352 177955040
132539008 177949824
132538176 177950688
132542560 177954880
132542688 177949664
132537504 177953152
132534368 177953536
132532256 177946336
132534656 177952512
132543520 177958496
132543456 177956448
132534976 177953472
132528704 177947264
132529824 177943328
132527872 177945600
132527040 177951360
132533504 177948288
132534752 177952640
132538656 177951136
132537760 177949632
132533088 177947904
132533696 177951488
132538240 177953568
132538016 177951680
132537728 177953856
132531680 177949152
132527872 177942016
132530656 177944416
132528864 177940352
132527008 177943488
132530336 177948576
132539264 177952384
132540224 177955104
132539840 177953056
132536864 177954496
132536224 177954400
132527168 177947616
132525248 177951520
132530112 177954304
132530272 177957280
132532128 177957280
132532544 177956160
132535008 177957152
132534528 177961920
132531904 177955840
132527968 177949472
132520320 177947200
132524544 177952768
132528896 177956064
132531968 177954080
132533344 177951488
132538368 177951200
132537856 177961024
132538016 177964896
132540928 177962400
132538528 177957344
132536704 177960512
132537152 177962560
132532896 177960960
132532704 177962720
132540896 177960256
132541440 177954848
132532608 177949152
132530208 177947840
132526464 177951552
132530976 177955456
132531904 177958720
132532480 177953824
132534272 177950432
132530624 177951200
132526752 177951136
132522304 177946400
132523392 177944032
132521440 177947488
132525568 177950208
132524992 177955296
132522592 177951904
132523040 177950944
132522880 177951232
132523584 177946240
132524832 177948192
132534720 177950912
132534848 177953888
132535200 177952704
132539648 177946304
132542912 177949056
132543392 177949696
132539744 177951104
132536896 177948736
132534976 177945664
132537280 177943232
132538144 177949248
132542944 177956832
132541600 177955744
132543616 177955072
132542432 177954112
132540704 177946176
132537472 177944672
132537408 177945248
132531488 177945440
132524704 177945184
132522880 177945696
132527808 177946528
132531712 177948416
132528000 177943872
132532256 177948704
132536480 177956384
132537504 177947424
132533088 177943040
132533664 177941472
132532512 177941472
132530176 177942656
132529056 177939328
132527488 177940992
132527200 177942208
132530112 177939872
132536128 177939648
132535936 177935776
132533728 177933088
132526112 177928512
132529504 177937248
132530880 177944896
132532608 177944032
132532640 177942432
132529312 177945760
132525792 177943264
132528800 177943008
132531776 177945088
132525376 177942336
132522048 177940768
132525248 177943712
132518816 177942528
132515936 177942496
132516832 177943232
132518048 177941696
132520256 177944480
132523360 177946304
132527840 177945024
132526560 177940736
132527008 177938016
132519552 177944256
132514176 177945984
132517984 177943456
132523072 177940832
132527040 177939424
132529856 177937344
132533152 177942336
132535008 177943456
132535744 177941504
132536064 177942880
132535616 177945248
132533888 177947776
132528416 177945952
132526496 177948128
132528928 177947264
132532192 177947040
132528160 177945920
132525056 177940480
132529824 177943616
132536416 177948576
132538144 177953792
132534048 177948544
132531744 177943264
132528000 177942208
132521728 177946336
132523968 177947968
132522112 177941184
132521632 177936832
132526528 177936896
132529536 177942272
132530016 177942784
132534496 177942912
132532416 177941952
132531168 177942080
132531424 177940768
132531680 177934368
132529248 177936480
132527008 177939040
132532256 177940704
132531808 177939456
132531712 177938080
132534592 177939552
132528672 177934368
132523392 177932704
132525856 177935264
132530336 177944192
132525600 177942912
132516064 177942880
132521952 177940160
132523776 177940384
132526112 177942368
132526240 177938752
132521568 177940608
132518624 177943456
132515328 177943392
132516288 177940544
132511552 177938336
132515040 177942592
132525088 177950816
132527520 177954240
132528384 177953824
132531072 177950688
132529568 177942816
132531136 177940384
132529344 177942656
132530400 177940192
132532032 177941952
132533600 177943008
132530528 177938400
132527776 177940800
132530080 177946496
132526688 177945664
132526816 177942208
132528928 177939904
132529632 177939616
132525888 177945152
132520768 177946240
132524864 177943392
132523328 177943808
132526720 177947904
132529632 177948960
132523328 177942208
132513824 177935552
132509760 177932960
132512992 177932832
132514880 177932640
132512864 177936448
132513280 177941344
132520864 177939200
132521120 177939008
132519616 177938208
132527520 177937792
132525664 177942560
132525952 177942464
132523296 177940288
132517984 177936640
132513120 177931936
132514432 177931136
132516192 177935968
132514912 177932096
132516288 177925536
132523040 177934496
132528288 177942496
132528000 177939968
132524448 177936352
132524608 177937696
132523648 177937280
132523744 177937216
132518528 177934592
132520288 177938272
132519200 177941696
132517120 177940480
132516896 177942848
132519136 177945280
132521920 177946688
132519968 177945952
132524352 177947488
132519936 177948352
132518464 177941248
132518432 177935392
132527968 177935776
132528128 177935424
132523040 177940032
132520800 177939648
132526688 177944992
132534592 177945888
132531104 177939328
132530688 177942048
132533024 177946976
132530336 177940672
132521376 177939776
132518208 177934208
132518688 177929664
132519744 177930784
132520928 177932640
132513696 177932864
132510080 177937056
132506368 177935360
132505408 177932512
132516896 177932800
132520032 177937888
132517056 177940800
132519360 177941376
132523104 177946336
132521792 177947328
132521824 177939168
132521536 177941920
132524544 177948032
132524800 177940640
132524896 177937632
132519136 177938784
132517248 177939424
132527040 177941664
132535040 177940640
132535392 177939456
132528896 177939008
132524576 177937312
132527072 177937536
132524128 177933152
132524448 177937472
132528640 177937760
132526240 177931712
132521824 177937056
132527616 177943232
132527008 177947488
132520928 177941984
132523936 177938496
132523968 177940192
132520672 177942720
132519008 177940704
132517472 177937248
132518528 177936864
132517760 177942368
132519072 177940640
132516800 177936064
132514080 177941792
132514528 177941056
132522848 177935840
132530528 177935680
132530912 177939648
132529600 177941984
132529600 177935392
132530528 177933280
132529184 177932512
132528448 177934048
132532320 177943584
132534112 177948256
132536256 177949664
132537120 177945376
132536736 177943168
132532160 177942208
132523744 177936256
132520416 177925984
132518400 177934432
132515712 177937152
132519008 177934208
132515040 177936032
132505184 177929408
132504832 177932448
132510080 177938112
132509376 177940608
132509216 177940064
132512768 177934432
132513728 177929696
132509568 177930752
132511520 177935808
132509280 177935104
132510912 177933408
132522880 177930752
132523488 177936288
132521536 177940512
132524800 177942112
132527808 177940416
132528992 177935744
132523008 177936192
132525312 177937248
132523200 177932704
132521696 177934400
132527264 177936672
132527584 177935616
132527040 177934336
132521984 177934656
132514272 177932064
132514208 177932288
132512672 177936000
132521696 177935424
132523264 177937024
132523296 177938112
132524640 177935552
132520800 177941760
132513888 177940416
132514496 177936576
132512928 177932800
132511936 177932160
132502816 177928384
132505504 177927680
132509632 177933888
132506784 177931488
132502880 177931488
132506528 177934272
132515104 177936928
132521024 177930912
132520000 177930752
132520192 177931136
132518144 177934912
132514592 177935744
132514496 177930304
132516288 177930400
132517472 177930304
132515456 177929152
132514048 177928128
132508096 177925536
132501376 177925760
132504640 177926464
132511712 177933696
132514016 177939872
132519232 177941344
132517216 177938784
132505920 177934656
132506944 177938112
132511424 177941024
132512416 177940736
132520128 177944544
132517664 177946304
132511808 177952192
132511840 177950592
132510720 177952608
132513056 177953536
132516224 177950304
132509216 177944576
132507808 177944064
132510624 177950336
132510240 177954784
132507392 177955712
132504192 177956672
132499488 177960768
132501728 177962400
132502304 177966240
132505120 177973728
132510112 177970240
132506976 177966048
132496416 177959968
132498624 177959520
132503072 177968640
132499776 177972416
132501952 177973184
132501120 177970944
132501632 177969568
132505696 177969120
132507648 177971808
132505120 177975360
132504576 177972576
132507808 177971040
132510464 177974272
132503040 177981312
132497792 177975744
132498688 177972320
132499008 177968128
132497952 177966752
132501120 177968224
132501824 177968384
132504480 177971552
132510784 177974016
132510912 177970400
132507008 177970400
132504992 177965248
132501024 177966528
132503296 177971968
132509728 177976384
132508608 177975840
132506560 177974624
132505888 177970720
132506176 177969728
132511072 177975776
132512384 177978752
132512352 177982560
132512608 177983008
132510944 177977088
132512768 177975616
132511584 177970400
132500960 177973408
132496640 177969056
132490656 177971520
132496448 177977408
132505728 177976128
132505248 177978976
132496032 177972800
132493952 177970112
132500800 177973824
132508480 177977984
132511168 177976768
132505856 177979296
132503168 177980000
132501376 177972160
132500032 177972640
132504224 177974048
132499744 177972576
132494976 177970336
132495520 177971232
132500832 177971840
132502656 177971744
132499360 177974112
132497568 177974496
132499040 177971680
132497280 177973856
132497408 177977248
132499488 177978144
132495840 177974880
132495296 177972320
132494432 177969536
132494080 177971072
132500800 177976608
132500512 177982496
132499584 177985024
132499360 177982720
132498240 177982784
132494976 177984672
132498048 177981056
132498368 177977440
132498816 177978944
132498944 177980320
132504288 177983296
132507552 177983072
132502592 177981888
132499776 177981056
132504864 177979872
132502432 177977280
132494560 177976000
132487840 177972992
132495744 177973568
132500992 177977120
132501888 177976320
132503712 177973120
132503072 177973888
132503872 177975552
132497696 177972160
132495584 177968704
132497920 177968032
132499872 177969824
132495456 177971040
132485856 177968576
132478656 177965184
132489152 177969952
132496480 177969920
132497056 177974176
132499488 177973568
132499776 177972160
132497856 177976384
132501024 177978656
132503904 177972544
132504288 177972448
132508320 177973440
132503072 177960256
132505120 177960192
132508864 177967232
132502304 177959584
132494048 177953696
132495488 177952928
132499328 177960160
132503360 177961888
132502848 177963776
132499360 177960608
132498080 177957952
132498496 177956928
132498976 177952480
132497504 177947424
132495584 177951264
132497792 177953024
132487648 177959296
132489472 177959168
132487008 177957024
132483200 177952672
132479136 177954496
132479648 177955136
132482432 177957376
132486304 177957696
132487040 177960000
132487744 177958720
132488640 177960096
132483584 177957568
132481408 177952032
132486112 177956480
132485696 177961248
132485056 177955296
132481856 177953376
132488032 177956192
132490752 177960768
132492704 177959008
132492320 177960960
132491296 177959520
132486336 177959360
132483680 177962048
132487712 177966880
132492640 177965248
132488352 177959264
132483328 177952352
132483520 177953888
132486176 177952864
132485408 177954496
132483712 177954432
132480896 177950880
132480352 177948896
132479424 177952864
132479488 177950240
132473696 177953888
132477312 177954304
132484352 177948736
132482880 177946592
132486112 177948384
132487424 177949600
132486752 177950080
132492992 177960224
132491552 177961440
132486240 177951680
132486720 177954816
132491968 177955680
132492320 177955776
132492032 177957376
132489376 177953280
132491168 177947136
132490432 177947488
132488224 177944992
132488960 177944064
132485664 177944992
132486880 177943808
132484160 177944000
132481088 177942496
132482976 177948608
132480576 177951712
132482656 177948064
132477984 177942464
132476192 177938752
132475968 177943072
132474528 177941856
132472864 177944544
132477440 177949312
132479744 177950816
132479072 177946880
132478784 177940256
132478368 177933632
132471264 177939328
132478080 177943168
132486400 177942560
132486912 177941120
132480704 177940640
132478304 177939712
132480096 177940640
132477824 177942080
132477952 177944128
132477184 177945888
132477024 177940640
132476064 177937600
132474368 177939104
132473760 177943008
132478528 177942912
132480608 177939680
132479040 177942112
132474560 177944480
132474368 177939776
132473120 177940288
132473152 177942016
132470400 177945664
132474624 177940704
132480864 177941632
132473504 177938336
132472416 177935008
132475776 177935680
132479744 177937568
132479488 177943776
132482336 177944128
132484768 177944480
132490464 177945056
132492512 177943296
132493440 177943136
132492800 177946848
132493184 177951136
132489504 177949504
132487424 177941440
132488608 177941152
132486208 177944032
132483104 177943712
132476960 177932672
132478016 177934080
132482464 177934848
132479616 177936672
132478944 177937440
132475616 177932544
132477312 177929568
132483872 177934752
132485536 177938656
132481952 177937632
132480704 177934400
132478784 177931360
132473216 177932448
132473728 177934976
132475520 177939680
132477376 177938016
132479360 177938272
132479712 177935968
132478272 177936224
132479264 177938304
132482208 177936576
132484384 177936192
132487744 177933600
132486688 177930240
132485856 177934208
132483456 177931936
132486560 177934848
132489664 177936512
132488448 177937344
132488064 177938112
132490720 177939456
132489600 177937344
132484448 177937152
132475424 177932768
132475744 177934976
132482880 177934464
132485056 177935072
132483296 177934400
132480320 177928832
132474208 177922304
132475936 177924384
132477728 177923552
132472992 177922400
132476160 177918816
132480480 177918368
132481856 177927552
132479424 177927104
132477120 177914272
132482144 177920480
132488096 177929536
132495424 177932864
132497600 177929856
132494048 177927168
132496736 177922144
132496032 177919200
132488544 177919200
132493120 177924864
132495008 177927168
132494080 177929920
132491712 177932992
132489696 177935456
132488096 177927008
132490176 177933344
132493984 177937152
132489696 177932384
132492128 177928224
132488064 177925344
132482848 177923296
132488992 177922368
132490720 177916640
132492416 177920192
132487136 177927264
132485792 177927040
132484800 177922912
132485664 177930784
132484864 177938048
132494432 177934016
132495520 177928864
132494656 177927264
132493664 177927136
132493728 177930208
132491584 177924608
132494112 177914624
132495296 177913056
132496032 177918912
132495200 177920096
132495744 177918080
132491456 177917472
132487328 177922656
132493760 177924000
132497024 177927072
132489696 177924000
132493408 177921248
132491072 177919232
132482912 177919520
132482496 177920448
132484992 177924480
132483744 177923680
132482144 177913632
132482240 177916736
132486368 177920000
132488256 177917824
132488160 177918016
132490528 177921088
132489504 177920288
132490208 177922944
132487328 177927616
132490304 177930944
132494848 177928032
132493216 177923680
132489696 177921856
132489312 177925024
132484512 177924864
132484448 177919136
132484416 177915456
132483008 177913824
132485824 177914944
132489472 177918752
132484096 177919232
132482560 177911296
132481024 177908992
132481152 177913696
132482048 177908992
132482720 177908992
132488000 177915488
132491168 177919520
132488032 177923168
132491936 177927072
132488672 177928800
132481184 177919328
132479104 177915840
132477376 177916192
132482752 177914976
132485120 177913440
132483456 177912288
132486720 177915552
132489216 177924608
132492416 177920224
132488160 177913024
132490752 177915488
132496928 177921568
132495616 177921696
132491584 177920672
132488928 177924640
132485856 177921856
132484256 177915712
132484928 177914432
132478784 177913216
132469344 177907040
132468288 177909152
132469792 177910784
132471936 177912160
132474112 177909888
132473632 177907904
132463744 177906944
132467840 177908928
132476256 177912864
132479456 177913120
132478944 177910080
132472576 177906240
132475936 177902592
132469216 177905600
132471520 177904928
132474112 177906336
132475584 177906400
132476480 177907232
132475616 177912832
132477248 177913920
132480224 177910816
132481440 177909888
132480032 177907680
132480288 177912160
132484192 177914880
132481632 177911904
132481216 177911488
132479392 177914048
132482816 177914336
132481152 177913184
132479424 177917248
132485632 177921056
132488736 177918272
132490112 177916160
132485792 177916192
132476800 177911104
132474592 177909568
132479712 177909856
132484672 177909312
132481056 177912768
132485216 177913664
132485216 177910144
132485184 177906688
132482048 177909792
132480064 177907520
132480512 177906144
132480512 177906080
132483904 177910336
132480832 177916096
132482720 177918112
132482624 177916160
132475552 177907616
132476448 177909888
132475328 177914720
132479872 177910144
132477824 177904320
132474880 177906720
132477056 177905856
132473344 177903840
132475328 177902656
132475072 177902016
132476416 177901248
132484384 177897472
132485216 177896832
132482304 177899904
132473792 177896384
132471904 177895488
132474752 177895520
132474944 177897568
132472288 177900960
132475520 177902432
132478112 177902432
132477248 177908832
132477376 177912160
132474560 177906336
132480608 177906208
132479232 177907808
132481280 177905280
132483840 177908352
132484512 177903776
132483328 177906752
132488960 177912736
132489984 177907264
132487840 177904000
132488736 177909824
132490752 177907168
132492096 177902816
132491776 177906720
132488256 177909568
132492032 177910784
132496448 177910848
132491648 177910048
132491136 177907840
132488800 177908544
132487296 177904448
132488352 177904800
132487200 177898464
132482688 177897600
132482144 177898848
132481088 177896736
132478720 177898304
132483520 177897280
132487072 177898208
132487008 177902432
132487808 177906592
132480608 177907488
132481696 177902368
132480992 177901152
132485056 177904768
132490656 177909632
132491072 177910720
132488896 177907424
132490592 177910016
132491264 177916000
132497888 177918304
132501184 177920928
132499712 177918368
132499104 177914368
132497280 177919008
132501376 177921984
132504576 177929568
132504928 177931104
132500768 177933696
132498208 177938496
132499936 177935424
132502880 177931968
132504192 177941536
132505024 177946944
132503424 177947648
132504096 177944704
132493792 177941568
132492544 177940864
132494432 177944768
132499072 177948192
132500928 177952992
132504480 177953472
132504704 177957568
132498816 177953312
132496960 177949728
132502048 177955808
132498560 177957760
132497472 177956096
132501312 177961184
132506240 177964192
132504544 177964928
132501312 177960384
132503904 177958592
132507584 177962592
132511232 177961408
132507168 177953920
132503072 177948832
132504448 177943744
132506720 177947008
132510976 177955392
132509504 177961344
132507936 177965312
132513472 177971520
132513984 177967872
132516736 177960416
132513344 177957664
132513248 177959520
132508512 177956416
132506912 177961824
132519360 177966752
132520384 177964992
132514016 177961408
132510272 177962048
132511232 177959712
132511968 177955552
132521472 177958464
132517920 177957536
132519808 177960704
132525984 177966624
132522880 177964704
132521344 177958208
132518976 177951488
132514624 177947712
132510912 177946336
132509600 177948672
132514304 177953056
132519328 177958016
132520864 177954784
132517280 177951712
132514624 177954720
132512000 177949696
132506272 177945952
132507232 177952896
132512928 177953824
132513344 177957792
132513600 177964416
132512768 177963168
132512928 177956608
132517248 177955392
132518944 177954272
132515680 177960256
132520800 177960192
132520416 177952224
132513760 177949888
132511552 177948192
132508992 177946048
132507360 177944480
132506368 177943136
132506912 177942912
132509184 177943072
132504256 177939552
132500576 177940096
132499808 177938304
132497600 177935104
132498944 177935680
132501088 177940160
132501728 177941664
132502496 177947712
132507264 177948416
132514400 177947488
132509312 177948672
132500032 177952928
132494912 177953568
132502784 177950528
132506848 177947616
132502784 177948032
132500576 177952064
132498368 177953856
132501184 177944608
132500160 177933440
132506592 177940864
132512288 177946048
132513248 177946784
132514336 177941728
132515904 177938816
132521728 177941088
132522688 177945728
132518272 177943072
132519584 177939360
132519904 177940352
132520352 177944320
132516160 177947296
132509952 177946720
132514944 177949408
132517696 177951168
132516416 177949248
132510560 177950016
132510752 177946272
132511584 177942400
132517056 177942336
132515232 177945248
132512544 177951200
132517120 177949952
132513376 177945952
132506720 177947488
132513440 177946400
132516704 177947200
132518464 177947936
132522592 177950176
132524512 177950592
132520640 177948480
132518528 177943840
132522688 177938944
132519520 177933888
132519360 177939104
132519648 177947712
132520800 177949280
132524992 177950368
132530880 177954688
132533024 177952128
132529920 177949120
132520544 177945632
132520576 177944736
132521120 177948256
132523936 177948064
132517952 177954528
132519872 177951872
132524096 177948256
132518816 177949024
132517376 177949472
132520864 177950784
132519072 177953248
132515776 177959008
132519456 177956064
132519104 177951840
132519584 177947488
132520416 177947680
132525984 177948800
132528416 177949568
132525248 177952640
132525760 177953344
132525728 177953600
132528384 177958624
132529632 177955200
132525984 177951264
132530304 177954496
132525088 177954336
132528608 177952064
132537312 177954880
132537728 177961600
132528640 177960640
132529984 177957664
132528608 177956000
132528576 177958560
132533472 177966016
132535264 177965664
132541088 177962624
132537184 177960352
132536160 177957600
132536896 177961184
132539232 177963552
132544224 177960704
132544736 177964608
132542144 177963872
132544224 177964704
132541696 177963904
132539072 177958656
132538816 177958912
132539232 177959200
132539168 177958944
132544736 177961888
132544960 177963424
132542432 177957056
132540928 177956992
132543648 177956768
132546464 177955456
132544128 177954624
132539168 177951104
132539008 177946560
132540576 177948896
132544480 177959360
132551360 177966144
132550496 177968288
132543872 177961632
132541792 177954080
132541632 177949056
132537344 177949856
132539104 177949728
132553888 177953920
132552160 177957472
132543520 177951040
132545056 177950976
132554240 177954112
132552000 177957568
132548512 177962112
132552288 177960160
132550656 177952288
132546592 177946816
132546880 177949952
132548608 177953792
132553472 177958656
132556192 177957728
132550976 177962752
132554208 177960704
132560544 177958336
132551136 177959520
132545696 177950592
132545248 177943968
132547392 177949216
132545536 177950848
132548768 177949664
132550592 177953664
132554976 177953376
132553568 177951808
132541888 177946784
132540928 177953216
132545568 177953856
132546432 177953344
132540352 177954976
132537856 177959936
132534464 177957408
132538336 177953632
132540768 177951584
132540192 177950752
132539392 177954176
132539648 177954496
132546720 177955008
132548000 177961472
132554528 177965664
132552960 177961536
132555264 177957120
132559328 177956096
132560832 177959904
132555648 177959488
132550432 177950400
132549760 177942656
132553344 177951840
132554656 177955392
132554272 177950016
132556608 177948544
132555680 177953664
132554976 177949088
132554784 177946848
132556608 177945696
132558624 177947584
132553728 177956096
132552160 177959392
132553984 177960640
132556512 177955456
132551904 177953856
132547904 177953792
132553888 177949728
132554528 177951584
132558656 177950272
132555552 177945216
132552224 177949888
132556064 177952256
132554752 177949568
132548768 177949216
132552032 177946592
132554336 177949312
132553024 177953632
132543328 177949632
132542336 177945920
132547072 177943040
132551456 177945120
132552032 177946560
132554752 177943200
132550400 177937152
132544416 177935680
132547040 177940896
132548608 177947168
132549344 177946912
132545440 177942752
132542368 177942208
132544736 177939168
132549856 177942208
132547680 177941280
132553504 177944768
132551392 177946592
132552064 177947616
132556480 177951200
132557984 177949344
132556448 177946528
132557632 177947808
132555008 177946016
132556864 177945568
132558240 177945856
132559136 177945088
132557600 177943968
132558976 177946400
132557408 177944704
132559296 177946560
132566688 177951872
132572320 177947936
132565504 177946176
132558880 177942080
132562336 177938400
132564320 177943904
132563488 177944704
132564000 177942784
132557280 177944512
132556416 177941120
132556640 177939104
132557600 177936736
132560544 177942240
132562720 177944640
132568224 177947872
132573472 177947008
132571616 177949408
132562208 177946560
132560384 177947648
132570464 177955488
132574208 177960960
132569728 177953728
132569824 177949280
132565152 177947744
132559456 177937440
132553472 177937696
132557216 177937280
132562112 177935808
132565824 177941408
132567168 177948256
132563488 177953344
132564096 177954720
132566400 177952640
132566400 177948512
132558720 177948352
132559648 177945152
132559776 177942784
132556704 177942112
132560288 177944480
132565984 177946080
132561952 177950912
132559584 177947200
132561696 177941824
132560640 177944832
132555616 177946752
132556224 177949024
132555040 177944832
132553760 177948512
132555328 177951296
132555328 177948288
132557536 177944864
132556768 177941184
132555200 177939744
132555296 177943680
132565216 177942432
132566912 177943840
132567264 177948576
132566176 177950400
132559936 177942432
132556128 177940096
132557696 177940000
132559200 177939744
132566336 177948576
132567360 177947392
132562688 177944992
132563136 177943840
132563360 177944000
132568160 177945632
132568608 177936544
132568000 177933344
132562144 177932800
132563680 177936416
132564960 177939296
132561856 177936096
132567232 177939424
132574560 177943616
132566688 177946240
132563968 177946336
132568992 177941760
132571008 177942112
132568384 177953472
132572928 177959296
132577760 177958656
132578144 177952704
132576896 177952928
132575360 177953856
132569056 177948128
132568800 177944096
132567488 177939616
132561984 177939008
132563488 177936640
132566560 177937408
132569280 177943232
132571968 177948096
132566272 177938848
132564576 177937568
132562816 177936064
132561792 177940512
132561760 177943808
132560544 177945248
132557408 177948480
132556960 177952416
132560960 177949120
132561888 177944384
132562624 177937824
132563456 177941568
132564320 177944000
132572192 177945728
132574176 177951552
132578784 177954400
132582048 177955104
132579584 177952704
132580512 177949440
132582336 177947136
132581056 177946432
132579808 177943392
132581984 177943680
132576608 177936320
132578976 177932320
132576800 177936480
132579104 177941728
132584160 177948192
132583680 177948576
132584640 177940736
132589088 177944000
132584672 177945664
132582016 177940736
132585504 177940960
132581600 177944736
132587456 177942368
132586208 177938016
132582176 177938976
132580096 177937824
132578848 177946304
132580352 177945344
132582848 177942848
132581024 177937408
132580992 177939296
132584736 177942272
132588832 177941344
132587584 177944704
132588416 177945984
132584544 177946112
132578496 177945312
132577888 177941216
132584192 177934624
132586112 177939456
132592128 177942400
132585056 177942240
132578688 177939616
132581120 177938560
132579296 177941888
132573312 177942016
132572256 177941312
132573632 177942080
132576288 177940032
132574944 177938496
132571232 177941792
132574336 177944000
132576704 177941184
132577152 177941568
132579616 177940928
132573952 177936096
132572512 177937056
132578624 177939776
132577632 177942560
132574720 177941184
132583264 177942176
132591200 177944992
132592800 177943296
132589504 177939328
132592480 177945472
132593664 177948544
132587776 177943936
132591936 177944928
132594912 177950688
132595488 177948768
132590624 177945024
132594080 177949856
132594848 177952160
132595296 177956032
132594304 177962560
132593312 177961952
132597536 177967168
132597344 177970048
132596224 177969760
132599776 177971328
132597216 177967808
132592928 177970144
132588960 177971968
132582880 177973344
132582016 177969984
132590208 177974144
132589088 177980384
132584352 177978016
132585216 177974528
132587776 177979872
132582720 177980160
132589184 177983904
132585728 177985984
132581440 177983808
132586560 177985440
132589472 177989568
132588960 177987392
132583072 177984672
132586336 177983552
132591488 177989376
132591520 177995040
132591936 177993184
132595520 177996992
132597728 178002496
132593984 177998656
132591776 177995872
132591712 177998144
132590016 177996768
132582208 177995008
132584832 177997280
132589824 178003520
132585920 178000000
132574240 177997280
132568896 177987072
132569056 177981696
132567744 177989440
132561760 177989920
132565568 177988640
132571232 177991168
132567040 177994496
132564800 177992096
132562560 177990496
132563712 177988384
132560512 177984320
132564480 177978720
132562400 177976160
132564576 177979648
132573248 177990144
132574720 177991072
132568512 177988352
132565280 177983040
132567104 177982528
132569664 177985120
132573440 177984256
132568800 177982720
132569696 177988864
132575008 177991008
132574080 177987968
132569824 177984832
132567232 177981280
132565824 177980864
132571776 177986112
132575456 177987520
132570688 177982496
132570240 177982688
132573920 177988352
132575040 177990080
132568800 177989728
132567520 177982464
132565024 177980224
132566208 177977888
132566688 177976416
132559488 177972544
132560864 177977632
132563936 177978592
132560480 177979744
132557280 177976448
132558208 177968896
132557600 177969888
132558240 177972320
132562336 177976032
132564192 177983744
132563136 177983968
132564000 177982144
132562880 177986048
132558304 177984640
132557312 177984896
132560032 177983264
132563872 177985664
132566432 177985408
132562656 177982400
132559680 177978240
132558016 177979392
132564096 177976352
132560032 177975488
132560640 177979936
132563936 177976448
132566816 177973344
132563264 177967680
132560480 177967776
132562528 177972768
132562816 177979904
132558496 177974976
132558816 177976992
132569536 177980800
132570592 177985472
132573216 177981664
132568768 177974304
132568224 177975072
132569920 177975392
132568544 177973600
132566368 177976000
132568896 177982496
132571008 177981696
132564672 177975200
132565280 177976576
132574560 177978208
132577728 177980704
132576256 177977792
132576608 177976960
132578688 177972384
132579360 177975072
132571680 177974368
132569632 177970976
132571008 177969888
132568800 177964448
132570816 177968064
132578880 177976640
132577344 177978720
132575424 177977472
132571328 177976448
132567968 177972192
132566624 177972832
132569216 177976736
132576448 177981408
132582816 177982656
132577248 177978656
132574720 177982016
132578784 177979712
132570720 177980608
132568064 177980736
132568544 177974592
132570912 177978144
132572192 177979200
132569248 177976736
132562560 177978592
132566016 177983968
132563328 177986048
132562496 177986304
132564928 177985184
132569728 177985504
132572704 177987040
132575136 177985920
132573856 177984096
132572064 177978560
132567456 177976704
132567264 177979232
132564992 177982944
132560096 177984160
132559136 177981856
132567936 177979808
132570176 177987136
132570848 177991616
132569248 177992896
132565184 177982752
132564096 177987968
132565632 177987104
132560256 177981760
132563136 177986464
132569600 177985280
132566752 177985760
132562400 177980800
132565120 177984128
132566464 177991360
132560736 177986976
132567552 177988320
132569280 177987808
132574496 177990912
132576416 177989088
132578016 177988352
132578560 177988832
132576224 177983456
132568736 177977216
132569344 177981760
132577952 177992192
132580192 177992608
132578368 177983424
132574944 177979520
132568032 177980800
132572992 177984160
132578752 177984160
132577632 177980288
132576800 177984064
132578976 177981824
132580800 177986496
132582912 177985984
132585760 177976064
132579904 177967680
132580096 177977472
132579328 177981792
132575296 177981312
132572160 177981824
132573632 177982752
132577536 177984864
132573408 177978336
132572640 177974272
132574784 177974400
132576096 177975168
132575424 177977088
132570432 177973344
132569152 177969440
132569664 177968064
132566688 177971744
132565280 177971840
132561504 177966688
132556032 177964544
132559360 177963296
132562656 177969984
132560992 177971904
132561632 177970112
132556928 177971648
132547392 177972224
132543584 177970656
132546336 177970624
132552480 177970080
132549632 177968832
132549920 177968224
132549312 177968832
132548640 177964128
132547360 177968896
132549760 177974624
132549856 177969632
132548064 177965504
132550976 177966976
132552192 177968672
132551104 177972864
132557568 177973824
132553920 177968032
132552064 177972320
132554912 177974464
132550496 177964288
132550368 177966176
132546592 177966592
132547936 177961792
132555904 177962656
132555552 177966272
132560608 177974336
132561952 177973696
132557760 177963104
132543456 177958176
132539008 177953792
132538848 177956960
132541440 177961344
132542368 177968640
132544224 177967488
132548704 177967136
132544192 177967776
132540736 177966816
132540352 177963712
132535456 177969184
132532992 177962336
132533408 177957952
132534848 177960832
132540640 177962880
132551488 177960704
132550400 177958944
132540416 177956672
132539104 177957120
132548352 177958368
132549984 177956832
132549504 177962848
132551136 177962976
132557536 177971232
132559776 177972064
132547776 177967520
132544992 177968640
132542528 177970784
132532416 177966592
132547008 177968704
132550240 177966848
132540192 177958368
132541600 177959424
132544864 177959904
132546240 177960640
132536672 177965312
132536160 177961728
132539552 177954944
132537056 177950784
132533824 177955040
132539552 177959232
132539584 177964224
132536992 177958336
132530176 177955616
132527008 177954368
132531616 177954464
132535808 177955808
132534624 177957056
132530688 177951680
132532800 177944864
132528512 177941728
132530688 177943296
132528480 177949408
132531296 177949152
132531392 177942368
132526912 177945760
132527680 177941440
132534656 177940992
132538720 177945248
132536800 177944512
132537632 177942688
132534592 177938816
132535072 177938784
132541408 177946560
132541408 177952672
132537664 177948256
132533760 177943008
132532000 177941952
132531200 177938720
132527200 177930752
132527776 177928800
132529536 177932448
132530080 177932288
132529056 177931008
132531040 177932448
132533696 177934976
132535744 177932192
132535712 177936544
132539712 177936416
132543648 177936704
132542048 177933408
132541504 177936288
132543616 177935072
132542240 177932576
132542112 177934304
132543360 177934560
132540224 177928832
132539360 177926368
132532928 177926048
132534816 177929856
132535648 177928960
132539904 177931552
132538464 177934176
132532288 177932288
132533408 177936288
132532320 177938048
132526368 177934688
132524736 177935456
132526560 177939232
132529792 177936896
132529088 177938240
132525472 177940736
132530560 177939936
132536576 177938784
132534528 177933920
132534400 177938656
132530592 177940736
132532864 177935456
132537376 177935936
132542016 177943840
132549024 177938880
132549216 177938624
132541280 177936640
132536864 177935712
132536928 177935520
132538912 177937536
132538240 177932960
132541216 177929248
132543232 177932800
132542080 177933824
132536768 177929088
132529248 177923968
132528192 177918784
132528352 177915392
132530048 177926464
132532992 177930688
132534880 177930976
132530304 177926976
132531584 177930848
132538400 177940352
132547328 177942848
132545472 177939296
132540544 177942880
132540576 177944384
132538176 177941792
132537152 177937856
132539808 177934752
132548128 177934592
132551968 177937152
132549440 177940992
132551040 177943360
132551968 177947136
132546720 177940736
132544672 177934816
132543392 177932896
132537216 177927584
132531456 177925504
132525728 177926944
132526624 177925728
132525312 177926688
132532480 177929056
132531200 177930336
132525312 177930752
132527584 177931808
132529984 177932096
132527776 177926656
132525920 177922272
132522944 177916096
132522688 177917760
132522112 177919488
132523968 177915712
132529760 177914144
132532832 177918112
132534176 177928864
132534368 177925376
132525472 177916320
132523904 177916608
132532480 177919072
132535072 177923232
132532416 177915296
132534240 177915584
132530944 177918976
132530016 177916672
132531968 177917824
132540832 177920192
132540032 177916864
132534336 177917120
132539520 177916288
132539232 177919392
132534624 177919456
132535264 177917792
132538752 177916064
132537696 177914432
132534112 177916704
132536064 177915904
132530880 177914944
132528960 177920416
132531552 177927328
132531264 177922400
132528256 177918752
132524672 177918208
132528544 177919744
132533312 177920480
132533568 177927744
132534528 177928448
132533248 177929088
132540608 177929184
132539776 177923392
132536960 177916704
132540800 177917568
132543552 177918816
132542528 177923488
132544384 177923488
132546848 177932032
132542400 177933408
132540768 177931072
132541696 177936000
132543360 177936160
132536736 177932832
132533024 177932000
132533216 177929792
132529888 177926080
132521888 177928160
132519872 177934656
132528000 177936224
132524672 177936768
132520608 177937600
132522560 177938304
132519488 177941888
132514496 177943328
132520832 177953184
132529568 177955296
132520672 177953600
132519232 177958720
132527200 177962688
132526272 177960160
132529024 177956704
132530144 177957024
132529984 177953312
132531904 177957856
132536672 177958496
132532192 177956640
132532608 177957216
132535296 177958048
132535552 177958240
132530048 177961344
132526976 177960768
132521440 177952992
132516032 177957216
132515040 177957408
132521088 177954976
132524032 177955616
132521344 177953568
132520000 177955552
132520288 177962912
132512096 177963872
132503360 177959360
132504960 177956736
132511648 177956000
132514560 177958080
132515200 177960576
132515904 177960896
132514240 177960704
132512320 177952832
132513088 177956736
132515136 177958016
132515936 177952544
132517760 177954368
132515392 177951456
132522176 177949728
132518688 177954688
132521248 177953184
132527232 177948448
132524032 177952032
132518112 177949888
132516320 177949696
132518688 177952544
132520736 177951744
132513760 177951200
132516224 177951552
132520352 177959488
132521216 177962336
132516864 177952896
132508352 177950208
132502464 177951392
132496608 177947744
132500096 177949312
132507008 177949536
132508032 177944480
132508992 177946752
132506720 177945536
132512032 177941600
132517472 177944256
132518560 177945792
132518944 177944480
132510528 177946592
132502016 177939904
132500864 177936512
132505568 177938112
132511552 177938624
132515424 177936992
132516256 177941888
132521600 177947008
132521536 177946880
132518336 177945472
132522080 177940128
132528288 177943808
132526336 177946176
132515520 177943008
132509376 177942528
132508672 177938400
132508256 177937952
132508864 177937472
132504928 177934656
132500288 177934816
132498400 177938080
132495968 177937632
132495552 177934656
132492480 177931072
132492032 177929760
132496640 177932224
132500960 177933568
132502720 177932800
132501472 177932416
132502208 177932416
132501152 177938208
132500672 177933792
132504224 177934272
132509888 177935648
132509120 177934176
132509760 177931296
132510912 177927360
132515104 177928192
132514880 177928064
132508128 177925728
132512224 177927936
132515136 177932320
132509760 177925344
132509440 177926560
132509216 177923520
132506560 177919968
132504448 177924768
132502784 177930016
132496288 177926720
132494272 177917216
132490176 177917376
132486016 177924960
132490208 177926368
132492480 177925344
132491552 177925312
132494624 177926624
132487008 177920864
132483616 177918400
132491200 177919136
132492704 177918784
132491328 177921984
132489792 177918272
132495392 177916832
132501408 177916704
132502048 177922592
132496000 177922944
132497664 177923680
132496608 177922528
132501536 177921632
132503104 177915456
132509088 177925408
132512864 177930624
132509824 177928512
132506176 177929664
132506016 177930976
132502560 177926240
132503136 177920800
132498016 177926688
132492896 177925504
132491808 177926048
132485248 177921792
132482976 177920000
132491776 177920320
132493376 177919776
132492448 177918528
132491808 177923808
132497600 177932672
132500512 177936576
132500096 177933920
132500800 177927296
132499776 177927264
132502048 177928416
132503904 177930688
132508128 177940672
132514048 177943488
132516736 177938496
132516384 177939936
132512448 177938464
132513312 177935712
132515808 177929504
132515744 177933120
132514848 177937888
132518656 177939360
132517088 177938752
132514848 177935872
132511136 177934336
132508032 177935168
132506304 177933376
132503296 177933024
132499200 177929216
132499424 177933920
132503808 177937568
132508000 177941280
132510496 177937824
132509728 177932992
132509408 177935776
132512864 177938688
132510240 177938432
132510144 177939392
132512032 177933280
132512160 177930272
132513376 177931264
132511968 177928160
132511616 177925600
132514784 177926304
132522048 177926784
132523936 177933344
132523744 177938688
132520928 177935232
132515904 177929376
132514304 177929280
132518976 177928352
132518016 177924224
132518432 177923296
132515840 177923584
132515232 177927456
132514784 177933344
132510688 177925440
132508992 177920032
132508960 177921312
132502432 177921824
132499488 177917056
132503072 177916832
132505120 177922720
132500128 177922752
132501728 177923968
132508960 177923840
132509824 177924608
132515552 177925760
132515744 177921440
132511584 177915040
132513216 177914944
132515264 177919808
132512416 177917184
132511552 177914432
132514400 177915968
132516000 177922944
132515648 177925952
132523552 177922112
132524384 177921120
132524000 177917184
132526304 177919712
132520352 177918752
132513120 177917088
132512864 177911552
132514208 177916640
132510528 177919936
132515040 177920864
132515136 177925792
132511936 177929600
132502272 177923968
132500640 177915648
132500160 177918848
132498368 177917760
132492704 177911904
132490496 177910304
132499136 177916800
132499488 177919776
132494080 177915200
132497120 177913952
132507392 177922848
132511168 177921568
132510816 177916256
132507136 177910080
132510112 177916352
132511968 177916832
132517856 177917408
132520160 177915072
132518560 177914816
132521440 177913216
132519552 177913216
132510880 177913344
132511040 177915712
132506464 177912480
132505856 177913920
132508128 177918048
132507392 177919744
132510336 177917600
132503488 177911360
132500992 177907712
132501120 177911392
132506432 177916448
132507712 177915584
132495904 177917472
132497600 177922656
132500896 177924864
132503680 177921792
132507520 177917888
132506880 177919968
132507360 177922432
132507488 177918880
132508960 177912000
132514368 177906784
132508832 177907104
132509824 177912832
132513504 177915776
132515360 177915840
132518048 177911264
132516480 177909440
132514368 177914144
132519776 177916000
132520960 177919424
132516704 177920864
132517952 177912544
132509664 177909696
132498080 177907136
132498240 177908640
132499584 177911488
132495648 177904224
132492256 177904064
132497888 177913184
132499552 177912512
132497696 177902976
132497824 177908128
132495232 177911712
132498848 177909984
132499136 177908032
132496896 177911744
132501760 177914720
132504704 177917984
132512640 177913728
132507872 177908224
132504960 177906208
132503424 177911104
132509600 177913248
132508416 177912768
132505056 177908832
132506176 177907328
132509920 177905088
132511488 177902368
132508448 177902464
132510144 177911360
132515552 177912992
132514144 177904512
132507072 177901280
132506624 177898880
132500640 177901088
132498272 177907744
132496096 177909184
132491744 177906560
132486496 177903104
132484544 177899776
132489568 177902880
132489760 177910624
132493792 177913696
132495200 177905120
132493184 177901344
132491872 177906784
132499904 177912512
132505472 177920512
132501824 177917856
132503968 177907136
132503840 177911264
132499136 177910784
132500832 177909952
132500032 177904640
132496832 177902080
132497568 177900864
132495872 177897792
132498912 177899744
132503840 177908128
132500992 177908224
132503104 177895712
132498688 177894592
132496864 177898976
132492832 177897120
132494656 177889536
132494752 177890688
132487264 177889984
132481760 177884736
132482816 177882560
132481088 177886176
132478688 177889568
132477120 177884832
132472768 177878496
132469824 177876768
132469248 177877632
132473824 177884992
132477056 177888416
132478400 177888128
132475872 177884192
132473824 177885504
132475136 177884960
132473728 177884288
132475264 177880032
132479840 177876928
132478784 177881984
132477472 177885888
132477056 177886048
132482112 177884224
132484960 177884288
132485440 177885888
132480704 177882304
132472160 177881344
132473600 177886304
132476160 177889696
132474976 177887008
132474784 177877536
132469696 177881248
132471552 177883936
132469984 177880640
132461152 177884864
132464544 177888256
132464480 177881696
132461728 177877600
132457216 177875968
132460608 177880288
132461472 177880992
132468928 177877472
132472256 177877312
132472224 177879776
132474592 177880192
132474848 177876960
132470048 177874944
132472544 177874752
132469056 177877408
132466624 177873056
132478752 177873760
132479712 177875264
132481152 177876128
132482080 177878144
132480256 177877504
132479488 177876960
132476224 177879808
132475776 177880800
132476480 177881888
132473024 177885376
132471904 177882496
132471744 177876992
132468736 177874144
132467584 177879328
132462464 177879392
132461952 177878368
132468352 177879776
132470784 177887104
132475680 177886176
132479104 177881184
132476992 177876352
132477216 177882048
132470112 177880608
132474368 177880064
132474880 177879200
132476448 177878688
132480448 177880768
132479488 177880864
132481408 177880192
132479648 177877856
132484160 177879936
132482784 177866848
132482208 177865152
132479840 177872608
132478656 177872160
132478272 177874240
132478848 177882880
132485632 177887520
132484512 177887648
132477600 177880320
132479104 177879648
132479712 177878304
132478272 177882400
132473600 177876000
132468160 177868448
132464448 177875808
132466592 177875232
132469568 177871808
132471744 177871744
132470912 177873888
132466048 177877536
132468256 177874720
132465952 177868960
132468832 177870112
132476128 177874560
132487296 177884064
132491584 177883264
132489536 177877952
132485312 177875776
132491072 177880416
132493920 177886176
132494944 177884576
132492864 177875648
132483296 177869088
132480128 177864416
132477984 177860256
132478464 177863264
132479328 177866464
132476416 177865440
132475552 177870816
132476352 177877056
132476672 177878208
132477248 177874912
132480480 177875808
132480672 177876608
132480448 177886048
132482496 177888128
132478240 177884864
132477696 177883392
132478304 177888192
132482016 177889824
132483072 177891552
132477920 177889568
132480896 177893760
132484480 177899392
132486848 177903008
132493952 177903648
132494112 177907168
132495360 177903264
132492832 177903520
132490592 177900384
132492704 177898688
132487072 177898656
132483232 177896128
132478304 177897760
132477088 177901408
132479200 177901248
132478016 177897216
132478976 177904032
132485344 177911328
132486080 177917312
132490400 177919296
132493184 177919520
132492576 177925664
132493984 177936288
132492736 177935296
132491712 177930368
132491616 177931072
132485760 177930720
132485376 177932160
132487872 177935072
132488992 177937920
132490400 177937408
132487360 177933696
132486464 177931008
132483296 177931424
132484928 177933568
132489088 177935680
132489440 177936736
132482176 177936608
132488192 177934368
132489920 177927872
132490272 177929632
132493664 177931744
132490208 177926528
132484864 177926560
132487296 177927648
132491776 177924992
132491296 177924768
132493504 177925184
132493056 177925696
132494240 177922848
132490176 177918112
132490304 177919456
132490752 177920352
132493344 177925216
132488960 177921056
132493792 177916576
132490112 177920544
132490880 177930784
132490592 177921344
132487616 177920800
132491520 177925504
132497632 177924096
132495040 177924320
132497216 177921568
132496256 177921248
132493440 177924544
132491040 177922848
132493920 177923200
132495456 177922592
132492992 177923424
132490720 177921184
132492736 177922880
132497920 177927040
132498176 177926912
132487712 177921152
132489600 177916768
132493024 177918464
132494144 177922208
132492992 177919360
132488800 177923488
132489248 177922816
132491104 177925248
132493024 177933024
132497888 177928224
132498784 177921440
132492416 177915584
132484864 177919040
132485088 177923392
132486688 177921568
132486176 177918048
132488480 177918976
132497504 177919264
132499552 177915328
132494464 177917216
132488544 177918656
132481280 177915648
132487168 177921120
132490848 177927104
132490208 177924096
132490560 177918208
132485312 177910976
132484064 177910080
132487232 177909952
132483744 177909184
132485728 177910400
132486688 177914752
132486592 177914752
132480832 177911328
132483424 177912064
132488640 177909408
132488000 177910944
132485824 177914880
132492320 177914336
132499680 177914848
132497472 177915520
132492576 177913984
132497216 177913760
132505504 177921440
132505664 177921120
132502528 177912000
132498592 177909088
132494624 177908672
132497792 177911904
132501056 177915584
132501664 177913248
132506784 177918016
132504832 177921312
132492416 177916608
132490016 177906752
132496096 177906048
132500640 177916224
132497440 177929184
132498752 177933024
132497184 177924032
132491616 177918208
132498816 177919104
132494592 177918080
132487808 177920032
132488192 177912608
132488960 177910560
132487360 177915776
132493184 177918400
132503744 177917152
132498336 177911264
132493664 177908608
132496128 177914240
132497728 177919296
132498176 177918784
132496416 177915808
132500352 177915584
132502304 177919424
132498240 177909760
132494848 177905376
132492928 177909312
132483648 177907104
132482688 177908064
132494528 177907808
132493504 177905760
132491680 177907744
132486496 177907616
132488864 177915872
132496608 177918464
132500288 177923392
132499104 177920800
132493344 177913312
132490016 177916768
132494016 177920576
132495520 177920800
132493856 177918400
132496896 177917984
132498592 177919840
132502944 177929792
132499872 177927200
132503552 177919616
132504928 177918368
132496512 177916288
132491776 177914496
132498336 177916064
132502528 177914880
132500704 177920800
132497920 177922176
132500320 177916864
132495712 177910528
132490208 177912352
132493216 177915680
132497280 177918144
132495392 177914848
132500960 177912128
132501376 177918784
132498432 177920896
132496928 177922176
132495136 177919296
132495488 177916672
132494560 177911456
132493024 177912256
132491104 177915104
132497632 177914880
132498592 177918944
132499552 177924960
132502272 177925408
132509376 177924832
132509600 177923584
132507776 177922432
132507584 177918816
132504352 177915392
132505376 177916576
132508544 177914272
132506848 177914112
132502784 177916512
132501856 177913376
132507616 177918688
132507808 177924160
132502848 177922432
132498592 177917120
132505536 177914624
132510144 177915200
132508960 177917568
132505664 177917344
132506912 177920032
132503392 177922336
132501280 177922048
132500672 177915456
132496576 177914560
132494912 177908800
132503968 177908128
132505824 177915296
132505440 177920576
132505312 177918848
132509568 177923360
132511232 177921856
132510592 177917088
132514432 177915840
132508000 177915232
132509600 177912832
132517600 177914176
132518144 177916672
132516064 177918080
132515968 177916480
132516544 177912672
132519744 177914912
132517504 177914048
132518752 177916480
132518848 177918272
132526432 177917376
132523968 177918432
132522272 177923520
132525888 177921152
132521600 177923296
132519872 177918048
132518816 177916160
132510496 177910368
132501984 177908608
132504864 177906784
132511008 177912384
132514784 177918272
132509824 177911968
132508416 177906528
132509088 177911392
132513888 177918592
132517792 177919040
132514912 177920416
132515136 177915328
132519648 177918944
132521440 177917568
132521312 177912832
132521504 177914496
132524448 177913568
132524480 177912768
132520192 177913632
132520608 177911040
132530880 177908224
132526432 177904640
132522976 177908736
132519968 177908992
132515008 177906336
132510816 177907200
132515488 177905088
132523680 177908032
132525728 177915648
132522624 177907296
132520352 177901536
132516704 177904896
132519808 177909728
132523072 177902976
132521536 177903872
132520448 177901632
132516768 177901184
132519616 177903552
132518016 177904608
132510144 177901760
132513536 177897312
132513632 177898976
132510816 177898208
132514816 177897536
132521376 177910272
132522976 177908096
132523712 177902080
132525120 177903712
132521856 177905568
132521152 177904512
132524416 177908704
132525280 177908384
132520416 177903904
132521280 177910880
132520928 177912704
132519968 177910624
132520160 177912320
132522144 177913760
132523264 177910848
132522528 177911744
132514080 177909824
132511808 177907168
132517536 177911264
132518752 177908896
132520032 177905472
132518688 177902400
132526816 177902496
132529664 177903232
132524544 177905536
132524416 177906048
132529376 177900896
132527072 177903200
132525248 177902144
132518528 177902080
132520928 177904576
132526688 177910464
132529824 177915680
132532864 177913856
132535680 177913504
132531488 177912032
132531840 177913824
132526112 177903072
132525952 177899584
132530624 177903456
132534784 177906112
132532608 177910784
132529888 177908320
132531264 177911968
132532288 177914752
132525696 177913440
132522752 177907744
132521856 177904096
132517856 177902880
132519968 177903456
132521152 177901088
132520832 177897792
132522112 177901696
132528928 177907136
132536000 177905888
132534848 177905664
132527072 177902080
132527872 177899232
132526208 177899584
132526848 177901312
132527200 177906688
132531072 177909344
132534144 177907776
132535648 177910176
132532768 177910048
132533344 177907584
132536736 177900608
132537344 177902208
132531424 177902848
132531552 177907904
132531776 177911840
132533152 177911936
132534784 177906496
132534304 177903808
132530496 177905344
132530464 177912000
132530560 177909600
132532928 177905760
132527584 177908352
132528128 177915296
132530944 177912544
132533120 177906720
132529696 177906752
132529696 177907648
132531904 177905120
132527168 177910944
132528800 177908288
132529632 177903360
132532416 177902720
132530144 177908064
132526208 177910208
132532256 177907872
132529152 177905984
132528224 177909440
132536224 177912480
132537760 177910592
132534336 177912576
132535232 177915008
132538400 177915648
132535872 177914912
132531616 177907040
132527200 177906624
132521760 177903136
132521760 177900000
132519040 177906592
132522016 177905536
132530048 177905312
132534336 177905664
132529504 177909568
132528800 177904992
132530976 177905632
132529504 177902720
132532608 177905632
132532640 177905888
132527968 177897504
132523456 177894784
132523296 177896768
132528512 177904000
132530720 177902976
132532256 177899872
132528960 177899136
132532768 177900352
132530624 177900992
132526880 177897280
132525152 177897024
132523392 177898272
132523744 177895232
132523552 177893088
132521536 177894912
132520640 177895232
132517312 177890592
132515712 177889856
132512320 177892448
132511520 177897728
132511680 177897024
132510720 177893984
132512096 177896512
132512544 177898752
132515776 177903488
132522752 177901440
132519616 177895456
132517792 177889664
132523808 177895520
132523168 177904128
132521312 177898048
132521536 177895712
132520416 177888416
132520416 177883072
132517984 177886624
132518816 177891040
132524288 177895136
132526848 177899296
132528448 177899520
132529760 177891200
132525888 177892160
132515648 177898912
132517120 177896576
132520960 177893024
132521280 177891296
132521408 177895584
132519328 177893984
132515008 177894176
132515872 177894624
132520672 177894016
132515840 177889152
132511968 177888992
132514304 177892544
132514560 177893760
132516480 177891808
132520608 177895648
132526400 177896448
132534464 177900480
132530464 177897728
132526016 177889888
132520576 177888064
132516288 177882752
132518080 177882816
132522144 177888448
132528096 177888448
132531328 177886944
132533728 177888704
132531488 177883040
132523552 177882048
132530560 177885152
132524384 177888640
132516512 177892224
132514880 177889664
132514400 177882560
132515936 177890336
132518976 177896608
132514368 177889088
132517600 177885248
132518912 177886688
132520448 177886976
132523392 177888416
132520832 177887680
132516832 177882784
132522240 177886432
132522912 177885984
132518848 177882016
132525696 177888320
132524224 177893792
132518464 177893568
132525920 177892192
132530848 177894848
132526176 177898144
132528384 177898752
132524256 177905920
132521152 177916672
132520864 177914496
132521216 177911264
132525248 177911680
132524288 177914688
132520672 177912896
132519456 177914784
132519168 177917696
132519648 177921120
132523392 177924576
132523200 177926496
132522752 177922240
132519072 177916224
132518816 177925536
132519168 177927936
132515872 177923072
132521280 177919904
132525824 177923808
132524960 177933024
132527328 177937376
132534368 177936928
132536320 177938944
132537536 177947584
132540448 177949952
132543936 177945376
132539744 177942112
132538208 177945344
132535520 177944288
132532128 177939136
132530016 177941696
132527296 177943648
132525504 177941184
132526848 177944384
132526944 177945856
132523872 177942080
132521856 177942336
132518624 177941856
132509408 177937728
132503360 177931584
132514464 177936864
132524160 177948128
132522496 177947584
132518336 177934720
132518592 177935808
132516320 177935488
132520640 177933184
132518208 177930304
132516448 177928160
132521760 177933184
132529376 177940160
132534208 177940032
132541504 177936352
132543520 177935264
132543328 177935904
132545536 177937728
132548000 177930400
132547328 177932384
132543488 177938912
132536736 177936992
132537696 177939424
132543072 177940736
132540448 177932096
132533056 177932224
132529920 177931232
132525600 177933856
132525440 177933056
132527520 177928704
132524608 177927296
132518048 177928096
132518752 177937760
132526976 177939360
132532224 177943104
132531840 177942304
132531488 177931616
132528736 177925696
132529280 177928416
132538816 177930432
132544896 177933184
132545792 177934368
132541856 177936192
132540672 177927872
132536128 177924096
132536704 177924576
132536992 177924032
132537536 177927680
132545088 177926976
132543552 177925920
132536448 177933376
132532448 177934752
132537216 177934048
132535904 177938080
132538176 177942752
132533824 177937632
132526432 177927712
132529696 177927840
132526848 177932192
132524384 177937824
132520576 177930272
132519456 177925088
132521280 177927104
132523744 177924000
132525568 177923040
132527392 177928064
132533824 177932000
132540992 177932672
132538496 177929920
132533280 177927328
132535936 177929280
132539872 177932288
132544864 177934944
132548128 177933536
132551200 177929184
132552544 177929184
132543104 177925472
132542624 177930304
132542432 177930912
132534848 177923744
132540480 177923872
132538720 177926208
132537888 177928448
132529088 177931776
132530432 177929856
132532960 177926784
132529216 177928608
132528064 177924224
132522784 177917600
132519904 177914016
132522272 177919584
132530304 177924928
132529920 177927968
132529664 177928800
132529600 177925408
132531936 177924320
132532224 177924256
132529152 177926624
132530592 177924256
132536288 177927488
132536480 177934912
132540800 177924736
132543680 177927936
132541184 177928512
132542528 177924320
132542528 177920736
132537216 177920480
132540224 177920960
132538528 177925696
132535744 177923680
132527392 177917088
132524960 177915744
132529184 177917440
132534464 177925408
132530400 177922720
132529696 177918400
132527168 177921792
132526560 177928544
132524800 177925792
132518816 177925248
132514560 177926272
132514176 177917184
132507296 177909184
132503008 177909472
132512352 177919936
132527232 177930080
132525472 177929312
132524640 177925056
132523584 177925184
132522752 177922496
132522592 177918208
132525664 177914336
132528832 177919232
132520640 177917472
132521920 177920192
132524864 177926432
132526624 177920960
132526048 177917984
132525824 177921600
132530528 177918336
132522816 177920960
132518368 177928000
132520576 177929632
132516544 177925728
132516224 177918432
132523584 177921216
132529632 177928672
132526752 177927360
132524864 177927808
132521824 177932000
132524672 177929152
132518592 177927232
132510400 177923904
132511008 177918176
132514560 177915744
132517312 177916448
132513120 177919680
132512320 177917792
132520288 177916864
132529152 177924960
132528352 177919296
132524512 177916416
132518528 177918688
132518496 177918720
132519776 177919520
132524192 177919904
132522912 177923072
132523680 177927616
132523776 177924928
132521984 177920000
132521472 177916256
132518656 177915456
132519424 177917920
132522368 177921216
132518880 177919040
132517056 177917504
132509216 177914592
132509184 177914016
132514240 177920096
132511680 177921728
132515456 177923680
132515104 177922080
132515808 177913216
132516544 177910912
132521152 177915200
132517920 177913888
132517856 177913216
132526240 177918624
132529952 177918176
132531008 177909856
132530176 177911712
132527840 177919168
132527968 177916032
132531904 177918336
132529248 177920736
132528128 177923616
132529728 177931232
132523872 177927584
132521984 177923808
132514880 177919136
132516000 177917824
132517024 177915840
132514976 177915936
132520928 177920640
132523968 177925344
132520224 177925536
132517920 177916096
132512704 177917472
132516000 177915456
132518496 177917216
132522240 177924000
132518656 177924896
132511680 177919296
132514592 177914112
132517344 177916608
132514592 177914464
132518816 177919360
132518752 177918752
132520352 177915712
132523360 177919424
132526304 177920960
132533632 177915232
132532448 177913088
132529408 177912672
132527296 177913760
132533088 177919840
132533440 177921696
132529152 177921120
132524672 177921024
132520544 177918528
132518624 177909888
132522304 177904032
132524128 177910400
132520640 177914560
132521408 177909888
132521216 177916384
132519392 177919744
132518400 177916064
132517312 177913792
132515968 177911040
132523232 177908160
132525824 177911872
132524192 177909664
132529472 177905216
132526464 177907744
132521248 177907104
132518336 177906496
132527552 177912032
132531936 177911424
132527776 177904672
132527776 177905504
132533344 177912544
132538560 177916512
132532224 177915584
132525088 177911136
132519072 177910656
132512992 177906592
132515008 177907360
132520480 177912192
132523392 177914208
132525056 177918688
132528320 177921728
132525568 177911936
132513056 177902560
132508032 177898528
132503232 177899488
132506816 177900736
132511904 177904992
132512800 177905920
132509312 177905216
132515360 177906688
132523104 177907392
132523200 177913600
132522880 177913920
132521024 177909408
132520288 177910624
132524576 177907328
132524832 177901472
132524512 177904544
132522784 177909728
132525600 177909280
132531744 177903712
132528064 177904096
132520448 177907872
132526464 177904128
132530560 177902880
132529312 177907168
132523328 177901152
132518432 177895936
132517312 177897344
132520256 177905280
132519040 177906080
132519136 177903744
132519904 177904864
132511872 177905760
132512736 177907200
132517856 177905760
132510496 177906848
132508960 177907936
132508384 177905632
132508224 177903360
132510720 177907680
132511584 177909504
132514816 177910816
132512544 177909152
132512608 177905536
132521696 177909056
132524896 177909472
132523424 177910112
132520352 177906368
132524736 177910528
132522688 177918432
132516544 177910688
132515104 177908512
132512992 177904320
132515776 177903456
132520448 177900960
132525408 177898368
132524544 177904800
132522240 177906944
132527232 177910528
132527424 177914144
132523776 177912768
132525888 177913184
132526144 177914208
132523680 177912832
132519392 177907808
132516480 177906368
132517312 177913184
132516320 177911456
132516448 177908224
132517088 177907392
132519040 177909824
132521216 177913248
132520096 177912224
132520256 177912160
132522464 177909280
132522752 177908160
132524288 177911200
132531968 177909344
132530560 177905696
132519072 177900608
132516384 177896032
132515904 177897088
132515488 177905024
132518464 177909664
132515328 177911360
132517152 177912128
132514016 177901792
132510784 177898752
132515168 177905696
132516352 177905952
132514336 177907872
132513536 177908192
132517472 177899488
132517024 177898304
132507744 177896128
132506496 177895104
132512640 177900576
132515392 177904416
132515200 177903616
132518880 177902400
132521280 177898048
132520576 177894144
132517312 177893920
132516192 177899136
132519360 177899168
132518944 177902464
132515648 177906080
132514208 177901184
132516672 177898624
132521568 177901280
132521984 177895744
132520320 177899808
132515808 177902592
132520064 177903936
132519808 177907008
132517952 177908320
132527008 177905312
132530464 177905472
132525536 177908448
132519584 177905632
132524800 177902272
132522816 177903904
132516672 177901760
132518624 177900032
132521056 177898528
132522272 177897632
132523040 177900768
132518368 177905120
132520416 177902720
132523168 177900544
132525408 177899232
132526400 177905472
132528032 177906496
132532320 177910912
132532576 177916000
132530400 177907872
132530784 177903008
132527296 177903680
132521632 177903392
132522240 177902432
132525728 177901760
132523840 177902208
132523904 177901760
132526880 177900832
132523488 177901760
132520608 177900064
132521504 177897856
132521856 177900320
132525184 177902848
132525600 177904608
132519904 177902752
132519040 177901792
132520896 177895328
132523008 177893344
132522912 177896352
132524352 177898272
132523136 177896896
132523680 177897152
132518592 177899744
132510368 177900704
132510240 177900416
132519360 177901184
132521696 177900640
132517024 177896544
132511616 177892480
132514304 177893120
132521312 177897152
132526144 177897792
132522592 177899904
132518048 177903584
132517856 177899872
132516960 177900064
132511648 177902976
132509760 177907104
132510016 177903072
132506912 177901504
132506432 177902592
132509472 177910976
132511392 177912352
132504672 177908832
132504352 177907328
132508736 177910944
132512736 177910688
132515744 177913952
132512000 177915200
132513408 177917664
132515936 177919840
132515392 177922336
132517440 177925408
132523904 177932256
132523840 177936576
132521824 177939200
132522368 177931072
132510880 177927744
132506784 177931552
132514080 177934688
132518784 177939136
132520832 177941696
132519744 177937600
132520480 177939456
132521600 177947584
132517792 177948576
132511328 177944128
132507584 177940352
132507232 177943168
132513728 177947392
132516640 177948096
132516000 177947264
132516128 177948896
132518240 177950176
132512544 177954272
132512448 177953664
132510752 177949024
132511008 177948096
132507872 177947584
132509856 177950048
132507200 177956992
132506496 177955776
132514048 177949568
132512480 177947840
132515808 177950240
132520864 177954240
132521152 177953600
132525824 177955296
132522048 177957408
132520928 177952448
132518944 177943968
132520480 177950016
132522048 177959744
132526528 177958144
132529600 177954016
132527680 177954688
132523008 177949472
132524000 177947744
132520736 177947424
132518112 177949984
132519680 177950400
132517888 177949760
132515456 177945888
132515392 177942368
132518336 177943488
132516512 177946272
132512608 177943904
132511392 177938528
132511968 177936096
132508864 177937888
132507040 177943360
132507328 177948192
132512640 177948480
132514560 177946144
132509120 177939520
132507520 177941952
132508928 177943488
132512576 177936736
132511392 177937024
132510720 177936864
132508672 177932032
132512672 177933184
132516288 177938656
132513344 177935936
132510976 177935104
132509120 177934752
132509056 177936576
132511648 177940000
132515040 177940800
132513472 177938304
132511552 177932416
132508032 177934496
132510208 177940448
132512192 177945280
132513344 177936480
132514720 177936800
132513248 177937856
132510784 177937088
132509408 177936512
132502976 177936288
132503200 177930432
132503488 177925184
132503456 177929792
132507232 177936096
132503040 177938784
132504000 177937440
132507136 177937056
132512000 177935968
132513344 177940384
132511712 177944640
132505792 177939008
132503104 177930624
132509312 177930656
132508192 177934848
132507424 177936352
132512448 177931808
132507584 177927904
132509632 177925344
132510752 177929504
132507968 177932160
132506560 177928160
132507104 177929440
132505376 177933792
132507552 177931520
132508832 177935200
132509408 177928640
132505152 177927520
132499840 177930272
132496960 177927072
132497888 177926080
132500256 177928128
132504960 177933824
132507392 177936832
132509120 177932448
132508160 177924640
132506112 177925024
132502144 177927328
132498496 177920736
132493216 177919648
132494944 177924064
132500256 177923616
132508800 177928128
132508384 177932288
132501024 177928960
132497152 177927456
132498464 177927520
132499904 177928832
132495968 177923136
132498336 177922048
132496896 177929504
132505408 177929952
132501408 177927264
132496320 177927360
132491296 177923360
132496160 177926368
132497760 177927968
132494880 177924384
132490624 177926304
132494592 177928288
132497600 177925888
132495200 177927232
132497920 177927904
132493984 177931296
132495520 177931680
132498176 177928192
132496736 177929824
132498496 177933888
132503168 177935776
132505920 177936320
132500416 177934464
132502240 177931360
132506272 177933056
132503776 177933984
132504064 177932160
132504704 177935488
132502656 177939872
132503104 177938752
132502144 177940384
132506272 177941696
132507968 177942048
132504224 177946528
132508000 177939072
132507872 177930432
132507680 177932448
132514304 177935840
132503616 177935776
132504864 177934592
132510944 177939168
132510496 177942784
132514208 177940608
132520320 177942592
132523552 177943200
132518496 177944224
132522912 177948320
132531040 177951136
132536224 177949856
132536320 177951808
132532320 177950240
132529312 177946400
132528800 177944800
132526976 177942912
132524512 177947296
132526720 177950624
132527872 177949248
132529792 177949216
132523616 177951136
132520384 177949088
132518816 177941760
132518368 177942912
132518368 177948992
132520224 177947648
132518016 177942464
132520288 177942848
132520576 177945792
132524736 177952992
132524032 177945920
132517152 177938880
132512544 177940352
132518176 177942048
132528128 177940576
132523488 177937120
132515616 177932544
132523584 177933184
132524928 177936064
132526080 177936928
132528064 177937344
132522016 177934272
132519040 177934816
132519200 177934848
132514560 177936032
132509312 177936960
132512128 177940384
132514912 177945152
132515072 177940736
132511168 177934592
132513536 177931936
132513536 177928160
132512672 177926336
132513440 177928448
132516096 177927552
132513440 177934944
132512960 177930976
132506752 177926976
132501984 177930240
132499072 177926464
132503968 177923136
132504736 177921888
132501504 177918624
132506496 177920640
132507232 177922400
132507200 177923392
132505088 177918976
132509792 177923584
132513152 177921856
132515808 177925184
132516608 177931328
132519296 177936544
132520128 177939136
132519232 177930464
132513632 177928640
132515008 177926560
132511936 177922944
132510304 177924096
132514144 177933504
132515904 177931104
132512960 177931808
132513696 177935456
132514976 177929536
132511040 177926080
132503104 177922112
132504448 177920864
132511200 177924768
132507424 177928480
132506656 177926112
132506656 177923744
132506144 177923744
132511008 177921152
132514976 177926144
132518080 177927584
132519136 177930560
132511744 177928448
132514080 177928064
132512832 177924672
132510880 177924608
132517920 177930144
132522688 177928544
132525632 177929824
132521024 177929216
132518656 177928992
132517216 177928032
132516960 177928000
132519808 177924096
132516384 177919136
132514912 177915488
132516000 177915776
132517920 177921152
132519872 177922304
132522240 177926560
132523296 177925664
132520384 177926048
132516960 177928192
132514784 177927296
132517440 177923136
132518208 177919808
132520160 177919328
132517248 177924800
132520448 177926368
132521280 177925856
132519488 177929344
132524256 177926848
132528032 177923840
132526368 177924576
132522688 177927936
132523424 177921888
132527840 177923456
132525440 177925632
132519296 177923488
132519360 177921664
132521152 177923712
132527904 177922624
132530528 177923392
132525312 177924672
132525376 177924992
132520576 177924064
132516800 177920768
132517024 177925056
132525824 177927456
132524832 177928736
132517824 177934624
132525536 177931904
132527328 177931808
132524640 177932896
132526752 177930720
132517472 177928992
132511232 177925344
132508448 177921536
132511008 177920064
132516576 177929440
132519776 177927456
132519232 177919520
132514368 177920960
132520928 177924096
132524000 177928160
132524192 177929024
132519744 177924928
132520704 177923872
132529184 177923136
132531904 177926816
132529504 177924640
132527328 177925088
132529472 177919200
132527744 177913216
132526112 177916032
132526016 177919648
132529408 177921600
132529568 177917728
132527520 177915488
132524544 177920800
132522464 177921728
132520416 177919072
132520096 177920096
132518048 177920320
132518624 177918848
132520832 177917952
132517248 177919968
132506176 177921568
132506400 177916640
132509600 177910624
132512512 177909376
132507200 177910272
132510272 177913728
132520864 177918336
132522624 177918464
132523808 177917184
132524704 177923520
132525056 177926144
132527648 177919680
132531936 177919040
132527136 177920288
132523648 177925184
132526912 177925792
132531424 177917760
132527360 177914592
132518688 177912768
132517472 177918464
132526368 177919168
132525024 177916576
132517792 177908128
132518592 177908928
132517760 177915360
132520320 177919328
132519136 177914528
132519776 177921984
132519264 177926528
132514208 177923680
132511968 177917824
132509760 177909088
132510176 177911552
132512192 177910272
132514976 177913696
132512608 177923968
132510976 177921312
132518784 177914464
132524672 177913792
132522752 177913504
132518208 177913472
132517632 177915648
132516256 177913920
132518880 177914272
132524832 177909344
132529280 177906464
132530464 177913280
132527520 177910944
132518720 177918464
132516032 177918752
132518624 177918048
132521920 177917728
132520256 177918432
132521152 177919040
132524032 177918432
132522368 177920384
132520992 177920320
132522304 177923680
132522848 177922048
132523424 177922656
132524928 177919424
132523488 177917408
132523424 177914720
132526080 177915360
132521728 177917856
132520672 177915104
132523328 177915200
132527488 177911072
132529888 177914496
132520960 177913600
132514208 177909664
132521312 177916256
132528288 177918464
132523584 177915936
132525760 177918240
132532832 177920416
132533088 177919328
132528384 177920032
132527872 177914624
132523872 177910144
132513280 177905504
132512256 177905280
132517824 177908576
132526080 177918336
132530208 177919424
132529920 177913824
132526816 177915264
132524672 177919520
132523520 177918336
132529472 177914944
132528672 177912736
132525024 177912736
132521760 177911840
132523520 177909696
132520512 177910432
132519104 177911744
132519872 177906208
132518176 177910176
132522016 177912128
132526592 177913472
132522848 177911456
132525248 177913792
132529504 177913792
132532160 177906752
132528960 177909792
132531104 177907840
132534400 177903264
132530016 177902656
132530368 177901056
132532992 177901184
132532320 177899744
132529344 177906560
132525856 177910784
132520992 177906656
132522400 177904288
132519104 177910048
132524352 177908672
132526752 177906048
132524192 177901376
132520032 177902528
132514272 177900000
132518016 177904768
132526272 177906848
132520864 177900192
132512800 177897280
132518240 177895872
132517440 177894272
132519744 177894080
132527040 177895264
132526144 177897088
132523136 177900832
132521056 177900096
132528736 177901760
132535648 177903360
132537344 177911360
132536256 177908544
132537344 177903552
132532544 177906848
132537984 177908160
132535872 177914272
132535488 177919680
132538528 177916896
132533440 177915296
132533248 177916448
132529312 177916896
132525888 177923200
132524096 177929568
132522208 177927968
132523424 177918784
132525088 177923328
132525472 177929792
132522944 177926784
132523744 177931296
132522240 177933120
132520768 177933216
132522208 177930368
132524000 177933280
132526144 177937248
132528352 177937760
132531040 177941024
132524576 177944224
132524352 177948224
132526752 177949280
132529504 177946208
132524928 177944832
132529216 177944704
132536768 177944608
132532736 177950112
132529536 177950112
132531520 177954528
132531264 177959456
132533344 177957088
132533792 177956288
132529216 177958848
132526016 177963488
132525440 177956928
132527680 177951264
132527424 177950528
132526432 177957344
132525472 177962464
132525856 177961248
132522528 177958592
132524960 177962432
132523168 177961248
132520480 177965760
132519872 177963616
132523680 177964896
132527968 177959904
132527552 177951232
132526752 177953568
132529952 177960800
132526784 177960736
132531552 177961952
132541184 177962208
132546176 177960736
132544032 177966144
132539904 177967648
132539424 177963648
132542784 177966496
132543424 177966784
132542016 177965920
132541856 177955968
132537408 177947328
132531648 177949504
132528576 177956448
132530080 177956224
132529568 177951552
132526048 177951456
132533120 177948640
132534624 177954272
132526496 177955264
132526912 177955008
132529632 177953312
132527360 177951744
132530048 177948992
132536640 177950272
132532192 177951328
132526432 177950016
132527520 177947552
132531648 177949728
132531104 177954240
132531712 177952992
132530592 177949696
132533728 177950912
132537600 177959296
132540320 177961568
132546144 177962592
132552128 177959968
132547616 177952768
132538976 177952160
132534752 177947296
132527776 177948384
132527584 177946816
132526112 177948608
132527520 177945056
132528800 177945760
132528320 177945472
132521408 177942752
132521088 177943424
132523168 177944128
132527200 177944864
132527328 177950944
132527680 177950784
132528544 177948576
132531168 177947264
132534112 177943232
132531840 177941472
132533440 177946784
132539136 177950560
132538368 177954016
132539072 177953984
132538688 177957120
132538400 177956064
132536160 177953504
132542592 177956480
132540992 177954432
132542464 177949856
132544640 177951968
132540800 177954400
132543776 177955072
132546144 177951744
132543744 177958048
132544896 177951840
132546720 177952128
132543872 177953632
132540224 177954112
132540096 177957376
132540832 177956128
132546784 177954976
132540448 177958176
132534880 177957568
132532608 177952800
132532192 177950560
132529248 177947776
132538016 177949920
132545664 177953056
132543008 177952896
132536992 177954784
132540832 177950336
132537120 177949376
132534656 177951360
132535488 177945472
132538816 177949216
132548256 177957824
132545312 177952832
132539168 177951360
132539392 177950400
132542048 177945216
132537856 177944544
132541696 177947040
132546816 177948640
132544832 177955136
132544064 177955712
132546144 177952384
132548128 177952032
132544768 177951200
132540480 177946432
132539008 177951200
132541632 177949312
132542656 177943168
132544384 177949408
132541824 177951072
132541376 177946560
132540192 177948416
132535360 177947008
132541184 177944064
132540512 177948608
132544000 177954304
132546624 177957600
132548960 177960256
132543936 177960416
132544352 177958560
132543520 177957984
132540768 177955200
132540320 177958400
132535712 177951808
132530688 177943392
132529664 177937536
132533344 177945024
