10
141962688 189267776
141961632 189265056
141958496 189263104
141953600 189257664
141951008 189254240
141951520 189246944
141952320 189248992
141959488 189243360
141957824 189235360
141952096 189232320
141958400 189231808
141960896 189238240
141959424 189235520
141965920 189229888
141967104 189227424
141966560 189223712
141959584 189217408
141959456 189215296
141961920 189214048
141964544 189219200
141964448 189220448
141965728 189218464
141962560 189210240
141960832 189208608
141961472 189209920
141963232 189212288
141966240 189207520
141956864 189204256
141952960 189204352
141959200 189211328
141964576 189215968
141964544 189216000
141954144 189214368
141953216 189216416
141955616 189222688
141953408 189224864
141960224 189232096
141965312 189238496
141961760 189242080
141960480 189242240
141960576 189245472
141956512 189247520
141964256 189254592
141964736 189262528
141959776 189268352
141960608 189276096
141963904 189277248
141958880 189279232
141956480 189281824
141963168 189289312
141965856 189289408
141961792 189284128
141960800 189286560
141962016 189296384
141965280 189306528
141968960 189314880
141965984 189321280
141962720 189322880
141963360 189321408
141967232 189323840
141968960 189336224
141965760 189344448
141959072 189346016
141960800 189345888
141960480 189353088
141957248 189360576
141961888 189374528
141961568 189379680
141964448 189385472
141968928 189395168
141969664 189397120
141963552 189400832
141965792 189410976
141967296 189413344
141964032 189417536
141965888 189421760
141971776 189422560
141967808 189435744
141960288 189442400
141960416 189450464
141962688 189454688
141967456 189459136
141965696 189466560
141968864 189478144
141969440 189484608
141961888 189482048
141956736 189487200
141961760 189500192
141967360 189511296
141967936 189519392
141966624 189522976
141962176 189528128
141965280 189531968
141968864 189532960
141962336 189536064
141959936 189542656
141958720 189551168
141958688 189558272
141956160 189559808
141960000 189564320
141961088 189571968
141957760 189573376
141958272 189576608
141964864 189588064
141966944 189594816
141968256 189600256
141967776 189603808
141964992 189600192
141967360 189607392
141971072 189615360
141973952 189618752
141965600 189623968
141967424 189629984
141968000 189636640
141961344 189635136
141958624 189631264
141958208 189637376
141960000 189647008
141963552 189649504
141958752 189658848
141955616 189661312
141962208 189664864
141962624 189675008
141962272 189682304
141968768 189691264
141969536 189700288
141969376 189703872
141971328 189714496
141974560 189724096
141968352 189726816
141966656 189738816
141973024 189751424
141965728 189760128
141963680 189769728
141969760 189785696
141970400 189803968
141967904 189811296
141965632 189817760
141963200 189826208
141963744 189833024
141964768 189842368
141966720 189855264
141971680 189860352
141972448 189863488
141961376 189867392
141954560 189869408
141959520 189879936
141972064 189897024
141979488 189908640
141978560 189913184
141970624 189913984
141969792 189918176
141965280 189921696
141963040 189928096
141960704 189926688
141960000 189935360
141959040 189942688
141960800 189942560
141963456 189942464
141960000 189944128
141962592 189950368
141967584 189958752
141965280 189957664
141964032 189954880
141965888 189956672
141968064 189962368
141966336 189967584
141960512 189959488
141958368 189958624
141958048 189955904
141963008 189950400
141963104 189956288
141961952 189959200
141968544 189950464
141969888 189950976
141967488 189951872
141973184 189953600
141968800 189947936
141968480 189942176
141961856 189937440
141957280 189930880
141959168 189926240
141957280 189921120
141961984 189912480
141964416 189904192
141966592 189898688
141963872 189884736
141958112 189878816
141956512 189877984
141960928 189877088
141959296 189863360
141960000 189852352
141955744 189846176
141959072 189842560
141965440 189841920
141968224 189846976
141968672 189844416
141967648 189831712
141961056 189822496
141961568 189814912
141958976 189801248
141959168 189794784
141958304 189787392
141961216 189780544
141961248 189777312
141959296 189772544
141957728 189767360
141954176 189768544
141952384 189757024
141953888 189745344
141961632 189747680
141962912 189744704
141959648 189732192
141960800 189727744
141966144 189725984
141967552 189727360
141963296 189725152
141964832 189724896
141962720 189717056
141956160 189713440
141964480 189716384
141962304 189707488
141959808 189695584
141960768 189695456
141961312 189696128
141957408 189686656
141956736 189686976
141959360 189687872
141963296 189685920
141966688 189687680
141962880 189685632
141958016 189676896
141955104 189673152
141956480 189668704
141958976 189665760
141962976 189667168
141962496 189663968
141956192 189659296
141954816 189653088
141958592 189647072
141965152 189642720
141962944 189642112
141960704 189639424
141960512 189635584
141964416 189633664
141966240 189635104
141961728 189635456
141960096 189629600
141954432 189618464
141953376 189613888
141952352 189610080
141947456 189609792
141949536 189609056
141955808 189605792
141953568 189604576
141953856 189612288
141956608 189610912
141957088 189608704
141952064 189604960
141946560 189603968
141949152 189605760
141956224 189608768
141959840 189608672
141955904 189602592
141948064 189597568
141949280 189596256
141949472 189600320
141954880 189607264
141951232 189603584
141949440 189600544
141953184 189604576
141954848 189608576
141953504 189603296
141959584 189604000
141960448 189613344
141961184 189614784
141962240 189617344
141954624 189618656
141946656 189614080
141949472 189613664
141955936 189615360
141955552 189615264
141952608 189615712
141953248 189625728
141957536 189637472
141958496 189637248
141958272 189635424
141956800 189634272
141953024 189634432
141951296 189636384
141951104 189641472
141958016 189645664
141957120 189642848
141952832 189645472
141949056 189650496
141948672 189657792
141958880 189667968
141963552 189666848
141958304 189659712
141955392 189654752
141951680 189659808
141954112 189653728
141960480 189655744
141960640 189662752
141957472 189663872
141954912 189666912
141957952 189669344
141956192 189665408
141954880 189661984
141952288 189661984
141948640 189657728
141960352 189658528
141962784 189662304
141957120 189659360
141955296 189657216
141957792 189657440
141959456 189661472
141957568 189659616
141954976 189655968
141953856 189651104
141952576 189648256
141946592 189646464
141944128 189644672
141947456 189645728
141947968 189646016
141951616 189644576
141958112 189644704
141955776 189650080
141952544 189643520
141955936 189637632
141954720 189637152
141960032 189646080
141962912 189646176
141967552 189644128
141968960 189647232
141964768 189645632
141960768 189641312
141956960 189641568
141954240 189643136
141954112 189639296
141954656 189637248
141957184 189643008
141959136 189639872
141953152 189629376
141949856 189627520
141952544 189630688
141955392 189637088
141951008 189639328
141957120 189639232
141955520 189636512
141952320 189630592
141955392 189626816
141950976 189621568
141952480 189628896
141958080 189634272
141957152 189630336
141958304 189633568
141959744 189640416
141960448 189643136
141953344 189639904
141950560 189634112
141954528 189631616
141956768 189632064
141953088 189638080
141951264 189634688
141955296 189630944
141956192 189630720
141957600 189630560
141959872 189632192
141956224 189633152
141952256 189630560
141952576 189635808
141952544 189638912
141957920 189647520
141958720 189649568
141957632 189645344
141960480 189646080
141956736 189641696
141952608 189640128
141949376 189639616
141944960 189637184
141941504 189632960
141950112 189639168
141954336 189651520
141958336 189652640
141957920 189644960
141953056 189640768
141950112 189635680
141950560 189636512
141951424 189637952
141951232 189641600
141954880 189642752
141951392 189637216
141951488 189637280
141951328 189637152
141948992 189641344
141953472 189642144
141951808 189639424
141951008 189637408
141959072 189640192
141960864 189643808
141961376 189647360
141953920 189642016
141951424 189633632
141953088 189636736
141952960 189642432
141953984 189646752
141949696 189637408
141954368 189637952
141960576 189642464
141955584 189640384
141950912 189638912
141952192 189635104
141954976 189634336
141963872 189640736
141962400 189643616
141956480 189642368
141955264 189640192
141953888 189640704
141958752 189637280
141964224 189641216
141961984 189641728
141956160 189638816
141955424 189640128
141958080 189641312
141964160 189641344
141961984 189634496
141956256 189631200
141951584 189632992
141951040 189629920
141950016 189628736
141953600 189625280
141958656 189625952
141960896 189634176
141960256 189628960
141962400 189629952
141968416 189631680
141967840 189632224
141967648 189632864
141961216 189625344
141957568 189620544
141954560 189620480
141956000 189625920
141954080 189625248
141954336 189628288
141955648 189629120
141955136 189625024
141954240 189624896
141955584 189629120
141960608 189627136
141964928 189628032
141961248 189623776
141955552 189618912
141957952 189624416
141958176 189624416
141958560 189620448
141959648 189623936
141958496 189628672
141957760 189633696
141960480 189630432
141954720 189627648
141954560 189626976
141957408 189628896
141959616 189630208
141962112 189631232
141959744 189633312
141957504 189630080
141958496 189632352
141960992 189635552
141960576 189632576
141953952 189626496
141945824 189622400
141949024 189620928
141950208 189620768
141949952 189622976
141950368 189626208
141951168 189626752
141957664 189632320
141963392 189639936
141964032 189634496
141957888 189625248
141952448 189624832
141953088 189623616
141946560 189619456
141948992 189621312
141954944 189619424
141952864 189617664
141957152 189620736
141963008 189624896
141966528 189630144
141965504 189630144
141960512 189628640
141952864 189627456
141950816 189625312
141952768 189623904
141954272 189630368
141959296 189627072
141956608 189619744
141955904 189614816
141949920 189617536
141947200 189615808
141951104 189612864
141955072 189613952
141950336 189613856
141949632 189617920
141950848 189615904
141948928 189615904
141946304 189615264
141941024 189616192
141942912 189614272
141945376 189619392
141953344 189624832
141957664 189629248
141952576 189630368
141950464 189628608
141947264 189618272
141952032 189616608
141948128 189616128
141951616 189623584
141955168 189625632
141951808 189619456
141949408 189620256
141951360 189620992
141952416 189626304
141947776 189626784
141950880 189625824
141952256 189623712
141954336 189623552
141955968 189623648
141956224 189623616
141955392 189626240
141952192 189618144
141949216 189619904
141952832 189623296
141949984 189621632
141948160 189618848
141951392 189619360
141949600 189622240
141949632 189622240
141950560 189616352
141952320 189619104
141957760 189619712
141954816 189620704
141956544 189622080
141953440 189622080
141947456 189623072
141942912 189621536
141945120 189623616
141951744 189625696
141950944 189623072
141950624 189631808
141952000 189636512
141953536 189635360
141952704 189627456
141951104 189623616
141946560 189621504
141946400 189626592
141948512 189627584
141950880 189629888
141950912 189630784
141953248 189627616
141952096 189623168
141951776 189620448
141956224 189623360
141965280 189631968
141963040 189631584
141960608 189629760
141958400 189625920
141956768 189618176
141955584 189617440
141947136 189616768
141945824 189620000
141954144 189625408
141952384 189626784
141953056 189628672
141947936 189630720
141953504 189623232
141949664 189623776
141949920 189628928
141952288 189627008
141949088 189627840
141946784 189630624
141945312 189625248
141945088 189620416
141947776 189622432
141953184 189623872
141957824 189626784
141957312 189626592
141952832 189628512
141946816 189630432
141945856 189625888
141944960 189624640
141946016 189623424
141949632 189625504
141955776 189625312
141957120 189628352
141960608 189630624
141956256 189632192
141951136 189632960
141951552 189629184
141951456 189626816
141953280 189632832
141957664 189631520
141956576 189625216
141956896 189626240
141955648 189625632
141953024 189622560
141956640 189624384
141962528 189631072
141959904 189631712
141957088 189633920
141955360 189633824
141958688 189630912
141953696 189629696
141957280 189638656
141951936 189636480
141948832 189628256
141949152 189628480
141953024 189630976
141958560 189630336
141958784 189627968
141956448 189625664
141953792 189626048
141949760 189624448
141950016 189624960
141949120 189622720
141952256 189620928
141950944 189620320
141952032 189627264
141957632 189629952
141954976 189628448
141954304 189626912
141953280 189626304
141947424 189628224
141948544 189625792
141946560 189619328
141943968 189617600
141946240 189627072
141950432 189631520
141954208 189627584
141957184 189620192
141961312 189620480
141964032 189620640
141958496 189622944
141954272 189626112
141953056 189620064
141952128 189618304
141954016 189622560
141967392 189631808
141970976 189631776
141965568 189629824
141960416 189629152
141958688 189626944
141961824 189630080
141964832 189628800
141966752 189629248
141962944 189628896
141968448 189631552
141968000 189629152
141963008 189629920
141960416 189627712
141959680 189623712
141960000 189623328
141958400 189622208
141962496 189622048
141965568 189623680
141965920 189626880
141966976 189623744
141965408 189626240
141972128 189630464
141976128 189631616
141970016 189633728
141966944 189628160
141967104 189628640
141966400 189626240
141956288 189624480
141954944 189623104
141958176 189622240
141962592 189623904
141957376 189622656
141956512 189620512
141957376 189619936
141955232 189625472
141954368 189626944
141956896 189625984
141955520 189624800
141953920 189630528
141954112 189622880
141950368 189620768
141960160 189628896
141965760 189630496
141964448 189631936
141960160 189626400
141955040 189619712
141953952 189625024
141953024 189626976
141956032 189630592
141955072 189626496
141954464 189620288
141955616 189619392
141965408 189627904
141970176 189629696
141964160 189624768
141957632 189620000
141960256 189625184
141958496 189626496
141955424 189618464
141953600 189614592
141955648 189619776
141951296 189621728
141950144 189619488
141957216 189624704
141958912 189625824
141955008 189628640
141954240 189625632
141954816 189618304
141952928 189616448
141952256 189623328
141949824 189626176
141950752 189628288
141948064 189628000
141948768 189619488
141951712 189623552
141950912 189627456
141942656 189627680
141947424 189631648
141946464 189628896
141945216 189627584
141949472 189624960
141950656 189624224
141949728 189630688
141945440 189630080
141945888 189622720
141952992 189631168
141958336 189637344
141956672 189635232
141952864 189634656
141953184 189635072
141955136 189631264
141949696 189625792
141953216 189624512
141952320 189629088
141951232 189628064
141951296 189625472
141953728 189623136
141954240 189626368
141955616 189629280
141958784 189631584
141959168 189630144
141957024 189627104
141958368 189631072
141959104 189631872
141955776 189623680
141954368 189620608
141960736 189622944
141963648 189627392
141958496 189629952
141954240 189623680
141954496 189622848
141960640 189626848
141959744 189626816
141962944 189624448
141964608 189624160
141964320 189627040
141966464 189627104
141962368 189624352
141956512 189621408
141956448 189615840
141959936 189613408
141953984 189614560
141953920 189619136
141952032 189621600
141946848 189614592
141951136 189609152
141952768 189618080
141953600 189625440
141959136 189625184
141960480 189624992
141961120 189625984
141964256 189624128
141955392 189616192
141948160 189609568
141949856 189613664
141953632 189614176
141948320 189617728
141953184 189624288
141959488 189621504
141953888 189622304
141954272 189621216
141960288 189615520
141959648 189622944
141961056 189625760
141961152 189620576
141960480 189621408
141959104 189622400
141960288 189619360
141956992 189615648
141956704 189614304
141959296 189618144
141955456 189618336
141957216 189617504
141956512 189622624
141955072 189621216
141963104 189626848
141965344 189628992
141960544 189624128
141957248 189622368
141958112 189621952
141957504 189619136
141954528 189618592
141952384 189619232
141952224 189617824
141955392 189625024
141959648 189625696
141960416 189616192
141953472 189616608
141953920 189620736
141954528 189616192
141955616 189620896
141959456 189627584
141960448 189630432
141961152 189630432
141964672 189633568
141964384 189630784
141959392 189626208
141957056 189622176
141953408 189613632
141954720 189614304
141953440 189621312
141956832 189621312
141961184 189624256
141957248 189628224
141954592 189625280
141954656 189623904
141953056 189625632
141957504 189630112
141953088 189629664
141951968 189617248
141952736 189610656
141951904 189612000
141951616 189615008
141951936 189615616
141953152 189621888
141956544 189623392
141959776 189625184
141953696 189624096
141949152 189621408
141948704 189617824
141953280 189618304
141949472 189621152
141947584 189619552
141953056 189616320
141956000 189617056
141954944 189616352
141947840 189615872
141948448 189621856
141947712 189622752
141947680 189618688
141953824 189616160
141952128 189617568
141949120 189613952
141945888 189614720
141944192 189620704
141948896 189622400
141949472 189619488
141952224 189617216
141950016 189620128
141955456 189624288
141953760 189625984
141953952 189629216
141954496 189626880
141952416 189620800
141949376 189619360
141947712 189621920
141948000 189621408
141947872 189620128
141952576 189621728
141954656 189619808
141950560 189619680
141945344 189622144
141944832 189620032
141949824 189620320
141947488 189618848
141947424 189621088
141956800 189623616
141955744 189623200
141951776 189624768
141952896 189620384
141953920 189623744
141957760 189626624
141956512 189627456
141952832 189628192
141950688 189623040
141944896 189618336
141943104 189616096
141949056 189620768
141954720 189620928
141949728 189617632
141947680 189618816
141945952 189622112
141944992 189620896
141946784 189612864
141950080 189620000
141947040 189619744
141943968 189614784
141944768 189610560
141947808 189613696
141947968 189619424
141949024 189621280
141950752 189622112
141950944 189620288
141948384 189620576
141950976 189623872
141949920 189624192
141950400 189623200
141950688 189625088
141946592 189630336
141950976 189631264
141952480 189622016
141950176 189622848
141957248 189628608
141962656 189628064
141964448 189627392
141961920 189629088
141960192 189631936
141957152 189631840
141951968 189624640
141949312 189625440
141953856 189626784
141957888 189629312
141954720 189630688
141950368 189629088
141951552 189628064
141954336 189624992
141956128 189627936
141958592 189628608
141958464 189628672
141956832 189629024
141957184 189628384
141959488 189625280
141960928 189628704
141962368 189629216
141954240 189625184
141952704 189622944
141952256 189624832
141955808 189627904
141954336 189630944
141953664 189625888
141951776 189621056
141948352 189620736
141946336 189620800
141949792 189618144
141952192 189622176
141952352 189623680
141950240 189624192
141949440 189625440
141947968 189623008
141942080 189615520
141942752 189615456
141945280 189615584
141945472 189619008
141951168 189621440
141954848 189619136
141950688 189623104
141949216 189625440
141951712 189620448
141951968 189616448
141955456 189616640
141962880 189617536
141963616 189620928
141964768 189628832
141962592 189631968
141960128 189627648
141961536 189624576
141956864 189620384
141949888 189615552
141950784 189615424
141950368 189616992
141954944 189617472
141955968 189617632
141950016 189611168
141948576 189611072
141949472 189620064
141946880 189618176
141951872 189617024
141955488 189620928
141951936 189625952
141946880 189622240
141947648 189624320
141946752 189628160
141950144 189625664
141954432 189619008
141959456 189625504
141957696 189630720
141955936 189629280
141958304 189627520
141955360 189623360
141954464 189622336
141957632 189624480
141958048 189626016
141958016 189626304
141961120 189629088
141964672 189630720
141961152 189626272
141957760 189630336
141957120 189630016
141953632 189622848
141956448 189621856
141956896 189626848
141958496 189624960
141960160 189624544
141956512 189623200
141954656 189621248
141954464 189622400
141952512 189620128
141950752 189616928
141950112 189617600
141950592 189623776
141953728 189628032
141951744 189630336
141951552 189636128
141955168 189636736
141957504 189632960
141957024 189628672
141951584 189624480
141956000 189627808
141957536 189629408
141956384 189629312
141953696 189629088
141949568 189625792
141944416 189616000
141946624 189613792
141952320 189620448
141952800 189621792
141956160 189614720
141951264 189618336
141946752 189621024
141949600 189623104
141955456 189624896
141952800 189625632
141949856 189618112
141948320 189622656
141955680 189629344
141958432 189628832
141957024 189628000
141956032 189621728
141952288 189621760
141960000 189625440
141959296 189622080
141956576 189621536
141956832 189622688
141962496 189629632
141964480 189626784
141959680 189623872
141955264 189624032
141958624 189620512
141960192 189625472
141965504 189636320
141967616 189635904
141961824 189620768
141955168 189616704
141953184 189619104
141952832 189620448
141949152 189617216
141950368 189615072
141951264 189616352
141953312 189620288
141958528 189624576
141960160 189622624
141954752 189622368
141953824 189623072
141950688 189620256
141948928 189614784
141958624 189620608
141961088 189624640
141961632 189621248
141960864 189621344
141953920 189621408
141956384 189618336
141957760 189625504
141959776 189627136
141961184 189628640
141965312 189629504
141966880 189633024
141968896 189632000
141966176 189628928
141965536 189627936
141963328 189628960
141960128 189626976
141953248 189626016
141953600 189626848
141953696 189626240
141947744 189627776
141953856 189624704
141957184 189627040
141957984 189628000
141958304 189631232
141956192 189633216
141955712 189629184
141955232 189619616
141951648 189616352
141952320 189617856
141951360 189620704
141951552 189628800
141956704 189631808
141954656 189629376
141954720 189624704
141953184 189630656
141950848 189632608
141953376 189631040
141954816 189622816
141956832 189629984
141956768 189629536
141957696 189624736
141956384 189624032
141956928 189622560
141956704 189628320
141958592 189627808
141960832 189627296
141967008 189626656
141963424 189631552
141957760 189630752
141955744 189628192
141954496 189620000
141954528 189621024
141955040 189622048
141956352 189627968
141955872 189632608
141956768 189627104
141960704 189625088
141958144 189629984
141947424 189627008
141943328 189622656
141948352 189623840
141950496 189626048
141952512 189626848
141951136 189627296
141948480 189627360
141950368 189626848
141952992 189634272
141953024 189630464
141956384 189620544
141955808 189622016
141955232 189628352
141949536 189627808
141952544 189625280
141960224 189624384
141960672 189634272
141954560 189642368
141951168 189636288
141952704 189631424
141950336 189624160
141954368 189623936
141952288 189626656
141947904 189624352
141946464 189621824
141954048 189627648
141957216 189636960
141952128 189631776
141954624 189626752
141959552 189617952
141957856 189616608
141959456 189627776
141957088 189638048
141958112 189638464
141960480 189627200
141954240 189621184
141957056 189620000
141954304 189622016
141949664 189621312
141954688 189620928
141957120 189620288
141953760 189623200
141951072 189627136
141951680 189623136
141953056 189623328
141954688 189628608
141959392 189636896
141961600 189639424
141960352 189633344
141959424 189631712
141957280 189629824
141956032 189628160
141962560 189633696
141969120 189636992
141965408 189630560
141963360 189625824
141954944 189621952
141952672 189619136
141959008 189620512
141959776 189624992
141962752 189624928
141959424 189623488
141953792 189622592
141948928 189618080
141953760 189616992
141960096 189627168
141958880 189623552
141960000 189619360
141964544 189621600
141959968 189622944
141964608 189624896
141965536 189619520
141965568 189617376
141966880 189621088
141965152 189618304
141956704 189615488
141959936 189615424
141961728 189620384
141959648 189619424
141961536 189620576
141962080 189626592
141958784 189621632
141954720 189612064
141952352 189611264
141954336 189611200
141959712 189617312
141959424 189616128
141958496 189614496
141954944 189612832
141954656 189612128
141956512 189614368
141956384 189611136
141953824 189607488
141948576 189608928
141950912 189610848
141954560 189617760
141959360 189619296
141960512 189614560
141964064 189617216
141966080 189623936
141967232 189622400
141968448 189623616
141964256 189621920
141957792 189616576
141960256 189614560
141964576 189618784
141966272 189625664
141959200 189624352
141962144 189619808
141962656 189620640
141962272 189622336
141964096 189617344
141965696 189617536
141967424 189625888
141967872 189624288
141967360 189624032
141964512 189618848
141958720 189613728
141952928 189614048
141953216 189607872
141955712 189602848
141956736 189617952
141956128 189623744
141958432 189618944
141953664 189620128
141954752 189614624
141958016 189617216
141963488 189625344
141956864 189623456
141955168 189621312
141957920 189616064
141954400 189613600
141955040 189616320
141963776 189618560
141967712 189623392
141960512 189622112
141958368 189617312
141961728 189621184
141965312 189622720
141972992 189623680
141970176 189615712
141962080 189611200
141956608 189611360
141957920 189616448
141958176 189620320
141963616 189617536
141960160 189613728
141958464 189610816
141951744 189609856
141952000 189610720
141956480 189610016
141957024 189610816
141955648 189609632
141954528 189612384
141959072 189618112
141957024 189620608
141959680 189620256
141965856 189615552
141968416 189611744
141958784 189612576
141958624 189610432
141964064 189605536
141958400 189604480
141964576 189612224
141971968 189617536
141971616 189623040
141968000 189623584
141966528 189621600
141965600 189615392
141960192 189612896
141959872 189613504
141957536 189609888
141953216 189608768
141952192 189606336
141948384 189605152
141951872 189602048
141961024 189604672
141961728 189606240
141958560 189604608
141959072 189611040
141958464 189611296
141959424 189610944
141960736 189612960
141963584 189615008
141962848 189618336
141961760 189625312
141963360 189622912
141963072 189617056
141956064 189615872
141957184 189615328
141959456 189617728
141957440 189620608
141958112 189622784
141962208 189622976
141959808 189622656
141953664 189614400
141955808 189613696
141963232 189617984
141956480 189620096
141950432 189618912
141951008 189619456
141958560 189622816
141963328 189627200
141964800 189625056
141960320 189622848
141958688 189620000
141957856 189615104
141956224 189618656
141960384 189617056
141960704 189613888
141963360 189623072
141963072 189630240
141962944 189623808
141964992 189617440
141964544 189616800
141963968 189624192
141964192 189623776
141967968 189625408
141965152 189620864
141968608 189615712
141964832 189617856
141959520 189618848
141955008 189619104
141957312 189619904
141955776 189617536
141956640 189618304
141959104 189618848
141963264 189618624
141963584 189621472
141966368 189625984
141965888 189625824
141966176 189620736
141964544 189625536
141958048 189623872
141956640 189619264
141954432 189616608
141957184 189616704
141961344 189618944
141959232 189616224
141955520 189611872
141957408 189613696
141958304 189621440
141952800 189617952
141949440 189616064
141951488 189615424
141953472 189610240
141951104 189607968
141947712 189608000
141954496 189612064
141963072 189611584
141961824 189618176
141961728 189616928
141967744 189616032
141968160 189616320
141961696 189618592
141966880 189622784
141964480 189622400
141958976 189620832
141958176 189617056
141962016 189617280
141966784 189622784
141968608 189626784
141965184 189624544
141965760 189625664
141965664 189625408
141965184 189626624
141962560 189621088
141964832 189620544
141966048 189620256
141969024 189620416
141969632 189626752
141964608 189629248
141961696 189624960
141966976 189627040
141967072 189629632
141969280 189625088
141975616 189628768
141979200 189637472
141976864 189632256
141969632 189627456
141965664 189622272
141966240 189619840
141964160 189624640
141963200 189627744
141963328 189626496
141963520 189631136
141968608 189632800
141972256 189628064
141973120 189626944
141964960 189621952
141962656 189617184
141969920 189612256
141970240 189613280
141970976 189615136
141965568 189621536
141961056 189623872
141963328 189621568
141957792 189619936
141957568 189617184
141964448 189615264
141965824 189618560
141962656 189618304
141956192 189617312
141955296 189616128
141956032 189613280
141959520 189612704
141962144 189616032
141964576 189616224
141960192 189616576
141961376 189622336
141960384 189616928
141963968 189620000
141965056 189627040
141964512 189627424
141960800 189622208
141960832 189620256
141969760 189618976
141965888 189620288
141961760 189618496
141959264 189615168
141958720 189613088
141959872 189610368
141961440 189611392
141967008 189622848
141967168 189631456
141970432 189630880
141971360 189627392
141964768 189624320
141957184 189620896
141963360 189622208
141965248 189626528
141959872 189623904
141963936 189623648
141960352 189619904
141956896 189615872
141952896 189611328
141954752 189613632
141962336 189614848
141965536 189618208
141967776 189617088
141968032 189620160
141963520 189622080
141961952 189617888
141963744 189616192
141966528 189619488
141967936 189613184
141966304 189610208
141960352 189607072
141956960 189613344
141965024 189616320
141960672 189617088
141959904 189623648
141958560 189622912
141962176 189621792
141964128 189620832
141956832 189624128
141958976 189623872
141964192 189628704
141967104 189629824
141966272 189626368
141965312 189627328
141965824 189625888
141970048 189622528
141966784 189618656
141959872 189620448
141961536 189626304
141961568 189630944
141958912 189632320
141962368 189630912
141956896 189629664
141958368 189622720
141963808 189628480
141962336 189635488
141961216 189629696
141961888 189623232
141959360 189622368
141956160 189622720
141955936 189622080
141954752 189620256
141952672 189618592
141951744 189619072
141953280 189623808
141956576 189623840
141957312 189616256
141958112 189613280
141957984 189616384
141953184 189619872
141955712 189626720
141961696 189625472
141963456 189623776
141963776 189631168
141961088 189637664
141962656 189644000
141964032 189644672
141964672 189645088
141962496 189643200
141959424 189637664
141956512 189635520
141954880 189636864
141956864 189639936
141957120 189641344
141959552 189642240
141959872 189646016
141960608 189643104
141959456 189642784
141958304 189640000
141958496 189634400
141955008 189630464
141954848 189636224
141960640 189646368
141964608 189641856
141964896 189641440
141957024 189639808
141960192 189640000
141962528 189637568
141966912 189641280
141961088 189641504
141962432 189642528
141964864 189644448
141960704 189639648
141957600 189634592
141951712 189633376
141949056 189637792
141954272 189630848
141959584 189632704
141958368 189638720
141960480 189642400
141957312 189644544
141954560 189640800
141956288 189632640
141958752 189632704
141961248 189634784
141962240 189633664
141962944 189639072
141960800 189642784
141959776 189641472
141960448 189644736
141961888 189640544
141961440 189633984
141959520 189635456
141961344 189639488
141956224 189637632
141955456 189629472
141961760 189629792
141963808 189642656
141966080 189646432
141968992 189646016
141965312 189648768
141962528 189650240
141957632 189651168
141961856 189649856
141964544 189649920
141962880 189647552
141958592 189646656
141959008 189646656
141962464 189651456
141959488 189646112
141956096 189642048
141955072 189642656
141958464 189650560
141959840 189648736
141957120 189644800
141957888 189644992
141966656 189651904
141973440 189659840
141973504 189664576
141968928 189662624
141967264 189656704
141968992 189651904
141963840 189651360
141965088 189648160
141963168 189643456
141960064 189641568
141961376 189643296
141958336 189647456
141962304 189651712
141967168 189656096
141967488 189654528
141962048 189653088
141962080 189660160
141964480 189658240
141962560 189654272
141961728 189649568
141959232 189648896
141959456 189649344
141956128 189648448
141957632 189647360
141958528 189649312
141959872 189649280
141960896 189648256
141958240 189649056
141952480 189651392
141955872 189656992
141957376 189653792
141962304 189645824
141961216 189646816
141961824 189646688
141965536 189652128
141965728 189657024
141955424 189655072
141953696 189650816
141960480 189654368
141959776 189658240
141958592 189657344
141955840 189646592
141955936 189648448
141961376 189658304
141960160 189659424
141953792 189649344
141952032 189648704
141952160 189646496
141953664 189643552
141959744 189650240
141957600 189653408
141955808 189654592
141958784 189650048
141962880 189645952
141956800 189650944
141951808 189650272
141946944 189649696
141945280 189649312
141953120 189646592
141952864 189644320
141952992 189645408
141952544 189648736
141956576 189649344
141959712 189649728
141954720 189651840
141950944 189651232
141950624 189652320
141950432 189649696
141951456 189650144
141957248 189655712
141959680 189657536
141957344 189656800
141954016 189655008
141955232 189652832
141955136 189653568
141955328 189657472
141957152 189665280
141953696 189662912
141954048 189657568
141956704 189659712
141953920 189653120
141947648 189653664
141947744 189659680
141950944 189660448
141961280 189660928
141961408 189666752
141960064 189666240
141958816 189662048
141956640 189655968
141955424 189659456
141955008 189659488
141954784 189661472
141957088 189661920
141958560 189656032
141961568 189657024
141958496 189658912
141958816 189661984
141966080 189669664
141964672 189672576
141957152 189670112
141955872 189667072
141955808 189666624
141954464 189665152
141954016 189664832
141955264 189665184
141959968 189664768
141958688 189659392
141955936 189662848
141955616 189663328
141960800 189665568
141955904 189661696
141954048 189655904
141955168 189656704
141952704 189651552
141950848 189654784
141954144 189659168
141950144 189657280
141952832 189658016
141950240 189651296
141952320 189656416
141955936 189662592
141956416 189665280
141953600 189661952
141960224 189669920
141963584 189670976
141957120 189663232
141951872 189658720
141951360 189656384
141951904 189653664
141956736 189656896
141949248 189656352
141952192 189653120
141955168 189655648
141952416 189653024
141950656 189650848
141943424 189648672
141942880 189645568
141944128 189650304
141950592 189649248
141951552 189646752
141953536 189650208
141953696 189651360
141952576 189651840
141953568 189650784
141958592 189656096
141960960 189663040
141962816 189663552
141966944 189661312
141957408 189656416
141955424 189649184
141950592 189645536
141951968 189647776
141955808 189647520
141955904 189645728
141956640 189648032
141956928 189654464
141960960 189656672
141963488 189657984
141959872 189653824
141961248 189654112
141965184 189660864
141960640 189659712
141959040 189655456
141958688 189656128
141959456 189653120
141957056 189648608
141955008 189648096
141958784 189648800
141959968 189647584
141955904 189652000
141957312 189657920
141959808 189655616
141963712 189652992
141970112 189661984
141971552 189666464
141965216 189664544
141959616 189657472
141959328 189654496
141958880 189659328
141958048 189661536
141957472 189657536
141956864 189658400
141958784 189661824
141959168 189660928
141961216 189654848
141956032 189653888
141959520 189654048
141966624 189660320
141966528 189662976
141960992 189662496
141966080 189660224
141963040 189665792
141962432 189663456
141966592 189657824
141960288 189653568
141958560 189648256
141962816 189645568
141960256 189648288
141962400 189653568
141959712 189647744
141961216 189646912
141964416 189650304
141961600 189647872
141958784 189647296
141955872 189644864
141950464 189643552
141952224 189645120
141959552 189649056
141957184 189648256
141962464 189659232
141967136 189664000
141961024 189659488
141956320 189655488
141955008 189656448
141956096 189658656
141951008 189652256
141946528 189647936
141952704 189642688
141955328 189647808
141958304 189654176
141963072 189658784
141958816 189659136
141953792 189650496
141953248 189647392
141950176 189647744
141947424 189651968
141953472 189657056
141957728 189660384
141954848 189657760
141955200 189652000
141956448 189649568
141956128 189651776
141955008 189653184
141951200 189655552
141952640 189654112
141954144 189652992
141952096 189648800
141951008 189641408
141949664 189643296
141946240 189644224
141948992 189647712
141951392 189647872
141954304 189648864
141959968 189649984
141956928 189650112
141952480 189648992
141955648 189652160
141959488 189656096
141957504 189650496
141952384 189644032
141951904 189644288
141950432 189644384
141952256 189639968
141948128 189636576
141946976 189640288
141951616 189646560
141961408 189649248
141964256 189654272
141959680 189653216
141961184 189651840
141956768 189644864
141954144 189639872
141952672 189641536
141951744 189643296
141956864 189648544
141958688 189648960
141957312 189648224
141956064 189647712
141955200 189644448
141954592 189645856
141953760 189650432
141950976 189647424
141947680 189644352
141943328 189638816
141939840 189636608
141946208 189634080
141942560 189641888
141937888 189633504
141942688 189632192
141945952 189635904
141944896 189630976
141948480 189634784
141948096 189637952
141950240 189641504
141952960 189650112
141954272 189657952
141951136 189658816
141956096 189651040
141956256 189642656
141949888 189639616
141950272 189645024
141955200 189649536
141965344 189654656
141964864 189659168
141955200 189658336
141951552 189650816
141945888 189647776
141944608 189645152
141953248 189646592
141954336 189645760
141955840 189646464
141961792 189651776
141962880 189657120
141964096 189661696
141965664 189658752
141960896 189651840
141955008 189650496
141951296 189651008
141949760 189652320
141948864 189651904
141951584 189655328
141953216 189653408
141955488 189648608
141957472 189650432
141963872 189660192
141965568 189661344
141967392 189662912
141966400 189661504
141969632 189657600
141965824 189658080
141957504 189651232
141957344 189649056
141960032 189650976
141962304 189646112
141960736 189645792
141961088 189647200
141954848 189651232
141953440 189650624
141961504 189649088
141965248 189649696
141959168 189650496
141959680 189654496
141963360 189654400
141962656 189647872
141956672 189644320
141954880 189644160
141962272 189647808
141964960 189654720
141963648 189656480
141964064 189654816
141966112 189655936
141959040 189651968
141954592 189648384
141956608 189650144
141959776 189645856
141959136 189641472
141956224 189645664
141956544 189650080
141964640 189656352
141961920 189654208
141956256 189652256
141953472 189651072
141955008 189647840
141955296 189641984
141957888 189645376
141961248 189649728
141958400 189646464
141958144 189644992
141958080 189646112
141956064 189646688
141955808 189650528
141962400 189655968
141966624 189660192
141964320 189661472
141957824 189658976
141956192 189653184
141955584 189650656
141955840 189647264
141957472 189650240
141962176 189651808
141962944 189654784
141958208 189652832
141954816 189650400
141965664 189662560
141966368 189667072
141962432 189659264
141965056 189658464
141965728 189659680
141960256 189654912
141960512 189658112
141960192 189657696
141957600 189653792
141962432 189650048
141964736 189653600
141960640 189656416
141956512 189657536
141956096 189651392
141952576 189652512
141952960 189650336
141951264 189647136
141954272 189654208
141962048 189654016
141961440 189653504
141961312 189653376
141958336 189654912
141961184 189655264
141959744 189656352
141961440 189654272
141961920 189656448
141958592 189657920
141959072 189654816
141958784 189648736
141953216 189650240
141957408 189656576
141963104 189657024
141959872 189657504
141958784 189658592
141962272 189660320
141958432 189667968
141950336 189663904
141950080 189653056
141954400 189651712
141955104 189657024
141954528 189659520
141956864 189661440
141958304 189661888
141961472 189662496
141963680 189660352
141960704 189655904
141957472 189654592
141954560 189656960
141947488 189654528
141954240 189647840
141952800 189645440
141952352 189650976
141956672 189656608
141962112 189661344
141965888 189662272
141959200 189655712
141952800 189656352
141952128 189654848
141950656 189649312
141955744 189647456
141956096 189652128
141958144 189659264
141956736 189657344
141954240 189656448
141950976 189650080
141948416 189645632
141955360 189655712
141967392 189663808
141968480 189663392
141966848 189656960
141962976 189655968
141963072 189660896
141967520 189668736
141970080 189667872
141968384 189665920
141962688 189664864
141964576 189664288
141966912 189668832
141966912 189670624
141965184 189663008
141961664 189661216
141961984 189663488
141961472 189660640
141963136 189663104
141965376 189660352
141963264 189657344
141961344 189659872
141964544 189665088
141959424 189666112
141957728 189663072
141964768 189666944
141964544 189668992
141963104 189664576
141961248 189664128
141956992 189663712
141958944 189656800
141964960 189656032
141959744 189656928
141956064 189653056
141959008 189662720
141960320 189664928
141962720 189662176
141964640 189659104
141960128 189659584
141956352 189660128
141960320 189664960
141964448 189668800
141960800 189666240
141955616 189659648
141958880 189660512
141959936 189655680
141960352 189653664
141956768 189648352
141959104 189650976
141963488 189653696
141962880 189651008
141960064 189649216
141960480 189652704
141965984 189660896
141970112 189665344
141959936 189662816
141959360 189666304
141959776 189666144
141966496 189662144
141966400 189664544
141968832 189672768
141968512 189673376
141969056 189673920
141968064 189676512
141960544 189669600
141960640 189659904
141958144 189657152
141952800 189658112
141957024 189657440
141963104 189656736
141959072 189660928
141954816 189659232
141958112 189659296
141960288 189662592
141963232 189658304
141963392 189658176
141960064 189657984
141958144 189659744
141952736 189663232
141955168 189660672
141958240 189663584
141962336 189667328
141956800 189668800
141954912 189664736
141958976 189659264
141958944 189656832
141962720 189660032
141960800 189661824
141959136 189659584
141963392 189661696
141964160 189662112
141957760 189657568
141954912 189656032
141956832 189657600
141956448 189659232
141956096 189656672
141956256 189658816
141953728 189656512
141959744 189656576
141961856 189661504
141957152 189659616
141950976 189657024
141950272 189656448
141952928 189657664
141958592 189659552
141964416 189661056
141965376 189660096
141960928 189657888
141959168 189663424
141961312 189663520
141963872 189661120
141960032 189661152
141958208 189660736
141962112 189658272
141960544 189657888
141956192 189663616
141960960 189668000
141960224 189662176
141958336 189659488
141958816 189667232
141961184 189663072
141958464 189662880
141958048 189665088
141959136 189664160
141961920 189663552
141959744 189661664
141964992 189665568
141963264 189670368
141958656 189671712
141964288 189675200
141962528 189672256
141957312 189672416
141958048 189677728
141953792 189670240
141953856 189662496
141952512 189663040
141951456 189661664
141955936 189657280
141952960 189654272
141950656 189653888
141949120 189660672
141950208 189659072
141947648 189661024
141951872 189662752
141954656 189661120
141952736 189660512
141957088 189662432
141959552 189668512
141964320 189666432
141963776 189671712
141966176 189674688
141961792 189667648
141958880 189662656
141959264 189661440
141958880 189660480
141956736 189663328
141953472 189666016
141955936 189670048
141962144 189666464
141965056 189661856
141956064 189652800
141949632 189654080
141951808 189657120
141957248 189657248
141958208 189661504
141959104 189656256
141955552 189647520
141956928 189645440
141959296 189652128
141958944 189656864
141962880 189656896
141958400 189657440
141957248 189656544
141959776 189654816
141952576 189646048
141951776 189645536
141958720 189651872
141958912 189649888
141958848 189649376
141961440 189657536
141957824 189657088
141954016 189660256
141951296 189658368
141952672 189651808
141961344 189654368
141964000 189655584
141960544 189650272
141958592 189651072
141966080 189654368
141967680 189652160
141963328 189647584
141957408 189648384
141956128 189648416
141958240 189652896
141951744 189651040
141952544 189648576
141959520 189653472
141955392 189648224
141948736 189643360
141955104 189649280
141965696 189654048
141966048 189661664
141961568 189664640
141961184 189660224
141962496 189655136
141956640 189654976
141961216 189654240
141961504 189659072
141962912 189661632
141963936 189658464
141963232 189660640
141959424 189664512
141965952 189663808
141960992 189654048
141957984 189643488
141960960 189640480
141955296 189639904
141954016 189647872
141959040 189652096
141960832 189654816
141962880 189656896
141961088 189656992
141962880 189660384
141961952 189657792
141955712 189651136
141949568 189649088
141956160 189651392
141959168 189650112
141959072 189650368
141958336 189651744
141959808 189654560
141965376 189657344
141962528 189655264
141958848 189652928
141959680 189652288
141961920 189659328
141959392 189658336
141961152 189655392
141960576 189654432
141958080 189650944
141960096 189653792
141963040 189661312
141962112 189658432
141964000 189655232
141965568 189654752
141967360 189654976
141964256 189652256
141964640 189659168
141964800 189662208
141961248 189651936
141960096 189657344
141959808 189659680
141956544 189658528
141949280 189651872
141942560 189647392
141945216 189651296
141959776 189654336
141967200 189655328
141961888 189652288
141957536 189656288
141958624 189659264
141960128 189655264
141956064 189650688
141951936 189658752
141958368 189657824
141961664 189652960
141960832 189654368
141956256 189657696
141962496 189658848
141963456 189658720
141962400 189660992
141967584 189660768
141964096 189660608
141963744 189656864
141960480 189652192
141961088 189660384
141965216 189665824
141965952 189665792
141964160 189663200
141968256 189666624
141969888 189670016
141960832 189665824
141960192 189665984
141962720 189660640
141962976 189653408
141960416 189657600
141957376 189659200
141959904 189664192
141963936 189666848
141961184 189662752
141957216 189659360
141958336 189657760
141959680 189659968
141960480 189660768
141953408 189659520
141954624 189657440
141957984 189658752
141959200 189658720
141956256 189659648
141951264 189660864
141948448 189659552
141949312 189658880
141953120 189663904
141955424 189661152
141957920 189659232
141951840 189651040
141955904 189655552
141954816 189659712
141951072 189660160
141951552 189661024
141957088 189662240
141960000 189655008
141951296 189654048
141951584 189656064
141959680 189659936
141961280 189665440
141964672 189670176
141963872 189669312
141964128 189666688
141961440 189663200
141959456 189662496
141957760 189659008
141957216 189660256
141963136 189661888
141959520 189661568
141957792 189663680
141954304 189663584
141951456 189662272
141949696 189664992
141955808 189667296
141959648 189664416
141957920 189661280
141964640 189658816
141961920 189666400
141961664 189666144
141958368 189661792
141956416 189658560
141957600 189658112
141959840 189663584
141962816 189662400
141964576 189662976
141962432 189663904
141966592 189668128
141971968 189667840
141967072 189663104
141960064 189657216
141956000 189657216
141951776 189656608
141954944 189647200
141957408 189654848
141962144 189661664
141959072 189659168
141960896 189659520
141960416 189656000
141954720 189655936
141957280 189657344
141958656 189656288
141961440 189661344
141962880 189665184
141961696 189662400
141958976 189667104
141958400 189664160
141950080 189653152
141944064 189644960
141947168 189644864
141953568 189641312
141953792 189645632
141959776 189651968
141956384 189648640
141953888 189650144
141957056 189656096
141952576 189650912
141955648 189648928
141960608 189648352
141960096 189656320
141959968 189657920
141960896 189659360
141966368 189654912
141966016 189653984
141963648 189660544
141961024 189654816
141962592 189654720
141963904 189657440
141963040 189655136
141962240 189655264
141956896 189651968
141954464 189648736
141951776 189643936
141949120 189645792
141949696 189652192
141948448 189649920
141950208 189645920
141951552 189642944
141952800 189649216
141952224 189652032
141955104 189652192
141953152 189657632
141953792 189652192
141958336 189648640
141958080 189656192
141956288 189656928
141956320 189659552
141963840 189661056
141965024 189660672
141958048 189658656
141958784 189658272
141961632 189659936
141969344 189662944
141966368 189656256
141959904 189650784
141953888 189647872
141954176 189646464
141955456 189643200
141958144 189643168
141959328 189648896
141959680 189655360
141964576 189651392
141964960 189651712
141961984 189649664
141956832 189642976
141951488 189644704
141954048 189650560
141961376 189652928
141965696 189655744
141967488 189651552
141957632 189650208
141957792 189653120
141957344 189650304
141955552 189645632
141960096 189649664
141961920 189651040
141960896 189650176
141963712 189651296
141966400 189655968
141965984 189656480
141966016 189655680
141962752 189650368
141961216 189646432
141957216 189646208
141954816 189647616
141958368 189647200
141963328 189651648
141956736 189652096
141956160 189644896
141959072 189644832
141954560 189644512
141953216 189639584
141955648 189644576
141959648 189656192
141967616 189660672
141966528 189652672
141959616 189650176
141959936 189655072
141963488 189659584
141960416 189656448
141958816 189654816
141958528 189655040
141957472 189654816
141962400 189657376
141968960 189663840
141967264 189664704
141973856 189663840
141972064 189660960
141960256 189654400
141956992 189653088
141961760 189649056
141958912 189655264
141955040 189653536
141953056 189647264
141953408 189649728
141950336 189647904
141950432 189648032
141950080 189649536
141956896 189651008
141952896 189657056
141949280 189655968
141949632 189653600
141952416 189655392
141952544 189661056
141956736 189658016
141960640 189658848
141955904 189662848
141950560 189665024
141955648 189664672
141962976 189661088
141961728 189663456
141958496 189665376
141961792 189663264
141959744 189662400
141955232 189664992
141954688 189665728
141959008 189662944
141960672 189663296
141956992 189664704
141961152 189661920
141966688 189660608
141965184 189654272
141961376 189651040
141959104 189653632
141953280 189655648
141953280 189658464
141957856 189657280
141960800 189658816
141962912 189656448
141957280 189653952
141958080 189652832
141961664 189656992
141958624 189654656
141955488 189655392
141959200 189658912
141960224 189659232
141958400 189657856
141950976 189655808
141950208 189651584
141953408 189652512
141954208 189655840
141955616 189657824
141962880 189655456
141959872 189657248
141953120 189656288
141950720 189661120
141951168 189658016
141956192 189654496
141954688 189653760
141955264 189653888
141955072 189659488
141951360 189661664
141953344 189656864
141954880 189653024
141955200 189654944
141951584 189659168
141953504 189659904
141952960 189660480
141953632 189657312
141956928 189661664
141953152 189660480
141952640 189655520
141948928 189652832
141945184 189655680
141951552 189659680
141953568 189662880
141955776 189661088
141953952 189658208
141951136 189656736
141956000 189657536
141956704 189658304
141954208 189658272
141956096 189653984
141959552 189654944
141958976 189663200
141957184 189657440
141952352 189650208
141953568 189655008
141954336 189655392
141952448 189658176
141952672 189657920
141960928 189660064
141963520 189662976
141962784 189662624
141959264 189663136
141956928 189663136
141953376 189654784
141950336 189658304
141950912 189660000
141949856 189659392
141955680 189657920
141956064 189657696
141957440 189653920
141957152 189653696
141962208 189662272
141963232 189661152
141964096 189663040
141964096 189663296
141961824 189661952
141955328 189659712
141959392 189656896
141955968 189651072
141953344 189652736
141956064 189663840
141958496 189664352
141952192 189665312
141950368 189661280
141945184 189653280
141943648 189653184
141948032 189658048
141948064 189655936
141948224 189654880
141951584 189656832
141953792 189655328
141956512 189648448
141952064 189651296
141950272 189655008
141949504 189645216
141950944 189644768
141949600 189649472
141947520 189646944
141951232 189643008
141953568 189646304
141953248 189650400
141955456 189659040
141957376 189660928
141958048 189659072
141961376 189656320
141957344 189656672
141951552 189657120
141949088 189655680
141951328 189650656
141955136 189654528
141956448 189658912
141950688 189654880
141951616 189650368
141954464 189650976
141954880 189651104
141948128 189649888
141947776 189649056
141950848 189649760
141951264 189647936
141946368 189644896
141945728 189643936
141945184 189645376
141943360 189646848
141944640 189650592
141950432 189650624
141950528 189650912
141949120 189649216
141951776 189647968
141957728 189654080
141961632 189652608
141958368 189647168
141956064 189651840
141958752 189658432
141956320 189656960
141958656 189651840
141958880 189648064
141957120 189645312
141961120 189650688
141963776 189650592
141960992 189650464
141961408 189647776
141964544 189648576
141957248 189650720
141960512 189653376
141965536 189653184
141964960 189656672
141960736 189656320
141957056 189650432
141957440 189653056
141963584 189657216
141968000 189656864
141965728 189656512
141962048 189652576
141961728 189652256
141958432 189657888
141953440 189658016
141952576 189652576
141957984 189645728
141954112 189645920
141952416 189653664
141958080 189659584
141960864 189658784
141959424 189655040
141956832 189654368
141962016 189651552
141960832 189647360
141957312 189645440
141958208 189647936
141963840 189654784
141966816 189654624
141970624 189650976
141963360 189651296
141956224 189648512
141960736 189648928
141961216 189644416
141957056 189639264
141955840 189639936
141958016 189650304
141956224 189648640
141958624 189639360
141964096 189642336
141961152 189646720
141959584 189652544
141964576 189659840
141971200 189663872
141966688 189661376
141965280 189660128
141964256 189654400
141969952 189649024
141972192 189652448
141971136 189650240
141972320 189655104
141975424 189657568
141972224 189659552
141961056 189654880
141954944 189647936
141960704 189649440
141962624 189648608
141965952 189649888
141967424 189649056
141965888 189647744
141962784 189648800
141968384 189649472
141961824 189645824
141962816 189649920
141965280 189653760
141963584 189655680
141966624 189658176
141967456 189656288
141969792 189658912
141969984 189663072
141966688 189660864
141965920 189654944
141969344 189653344
141971104 189659904
141969568 189661824
141964576 189655968
141961632 189656448
141959840 189656608
141967456 189656992
141968448 189658464
141965280 189657664
141964608 189653376
141962272 189650592
141961184 189655456
141965120 189662240
141966272 189662784
141963072 189666880
141964096 189665504
141961472 189660544
141964704 189654944
141963744 189656224
141960736 189659264
141964800 189659936
141961184 189656800
141957280 189657824
141963072 189658912
141958048 189656384
141959232 189657600
141963648 189659360
141962208 189652896
141959680 189648544
141955328 189645920
141954656 189643968
141955488 189644096
141951648 189641216
141958368 189649856
141964704 189650464
141963200 189649120
141965696 189654112
141962816 189649856
141958080 189653280
141959328 189655808
141958880 189651712
141960480 189654784
141957664 189654560
141954816 189651424
141952800 189648960
141953600 189652288
141959456 189651552
141962624 189652576
141961376 189656800
141961984 189661184
141965120 189664960
141965088 189663552
141964352 189664704
141965056 189664064
141968256 189660992
141973696 189667296
141974400 189667968
141971008 189666368
141967232 189665856
141965600 189665664
141964160 189665728
141963648 189660704
141965952 189658016
141965344 189658816
141962624 189657888
141964064 189655456
141968288 189657184
141967872 189655456
141966656 189662368
141976768 189666240
141975552 189662336
141968480 189661120
141963168 189654560
141961056 189656320
141967072 189660224
141972288 189652320
141973984 189651680
141972064 189660480
141970880 189661760
141965440 189659200
141966240 189657632
141970368 189657632
141968032 189655776
141957856 189650272
141956928 189649024
141960704 189654304
141957152 189648160
141955296 189647776
141959552 189651520
141960096 189652384
141963712 189658816
141966144 189663072
141962048 189665280
141956992 189661216
141960768 189660096
141967136 189661792
141972224 189659776
141967680 189664704
141965344 189664992
141962848 189655136
141959520 189653376
141957376 189653088
141958336 189649248
141958912 189647136
141956096 189651648
141957824 189651808
141956384 189648384
141953312 189651936
141945408 189650016
141948704 189650464
141954144 189656256
141955232 189651008
141954912 189645952
141952736 189647008
141950336 189650752
141959168 189657088
141964320 189662976
141961600 189663840
141963616 189661504
141963488 189657312
141958336 189662304
141963424 189667008
141971328 189666848
141968896 189663072
141958464 189659776
141956928 189657536
141963616 189656544
141961824 189655616
141957216 189660032
141956096 189660192
141951328 189657664
141953184 189654304
141958816 189652480
141956768 189653280
141957792 189655072
141960928 189654624
141957888 189656448
141951264 189649600
141950080 189648480
141955680 189649504
141958720 189648608
141962464 189650656
141959648 189650432
141962400 189659520
141962976 189660384
141961440 189654880
141959040 189660000
141960672 189651552
141961312 189643968
141956352 189648736
141956896 189648640
141957408 189648448
141962176 189651808
141962720 189654784
141960608 189655744
141966272 189662016
141967520 189659616
141962816 189657472
141963488 189659136
141959616 189660512
141957792 189662528
141959488 189657824
141957888 189656576
141957696 189652192
141957536 189651200
141958656 189650848
141952672 189644608
141948096 189641632
141956416 189648480
141960800 189648224
141963008 189647488
141970112 189647680
141969792 189643680
141966080 189641472
141962080 189640512
141961600 189640800
141964544 189640960
141970784 189645312
141966240 189643040
141964288 189644000
141966304 189645472
141963776 189641216
141964576 189640896
141964576 189641984
141960864 189640032
141962592 189644480
141965440 189638528
141966112 189635456
141963936 189639200
141967136 189638816
141970528 189638464
141961728 189641568
141961536 189636480
141961536 189632000
141961760 189637568
141966816 189642912
141964608 189638208
141963200 189637600
141959680 189637408
141963904 189633920
141965696 189636480
141966240 189640864
141966464 189642752
141968864 189636096
141967424 189639392
141970144 189645920
141974048 189647680
141973568 189653632
141969568 189654752
141966304 189649440
141967072 189644608
141963200 189640256
141954912 189635616
141951680 189632064
141956960 189641856
141966272 189653248
141965248 189650752
141958336 189649216
141963008 189651424
141966144 189652160
141964160 189652032
141958304 189653248
141958464 189654720
141962560 189656000
141965312 189661184
141963904 189662304
141963968 189657600
141963904 189656192
141961696 189653600
141960512 189652960
141961120 189648864
141966528 189651968
141965984 189651584
141967360 189650912
141967456 189652480
141970656 189645056
141970784 189641056
141966240 189647744
141960384 189646176
141959936 189647104
141962400 189644864
141965952 189642688
141966080 189640288
141964992 189640640
141963552 189646720
141967392 189651840
141966720 189649440
141957024 189645856
141952672 189641984
141959456 189641664
141965568 189644736
141968896 189651744
141969824 189652544
141965248 189654240
141969088 189654496
141967360 189653504
141965632 189652800
141964096 189647776
141962528 189648288
141966880 189649376
141968224 189647776
141966336 189652288
141963584 189650368
141966976 189650016
141970592 189653984
141965088 189653376
141964480 189653760
141966464 189649728
141965856 189645600
141961856 189643264
141953504 189642944
141950080 189643200
141951808 189642368
141961088 189655936
141962720 189653152
141960096 189645600
141962464 189642400
141961888 189646240
141962880 189650976
141964288 189658464
141967872 189657536
141969696 189652800
141963104 189650272
141961824 189651072
141964736 189653696
141963520 189648992
141962144 189649376
141967552 189649696
141967808 189653280
141963264 189652192
141961856 189651456
141958944 189655616
141955872 189657760
141959136 189661728
141964256 189664992
141971136 189670272
141973920 189665984
141970624 189665472
141968352 189656992
141971904 189665120
141966272 189666304
141966272 189663520
141970592 189662848
141968224 189663264
141964800 189663808
141965216 189664736
141960544 189661280
141958912 189657312
141960448 189652480
141961888 189656320
141963584 189653760
141959200 189653536
141954144 189649952
141946400 189644320
141944800 189644352
141957664 189651008
141962656 189653312
141958976 189654208
141955136 189654496
141962720 189659264
141967200 189661472
141962336 189659328
141958144 189654976
141955264 189655808
141957184 189655808
141963456 189656704
141962240 189661472
141963360 189662976
141967168 189668864
141963360 189672128
141958976 189668704
141959520 189669632
141953728 189671488
141958624 189671968
141967488 189671200
141969824 189669440
141968256 189670944
141966496 189671424
141963424 189670464
141963488 189665760
141962432 189665472
141959456 189660320
141957376 189662432
141952160 189667168
141951776 189664896
141956992 189669440
141960064 189666464
141959968 189662368
141958016 189669536
141956768 189676352
141962048 189678176
141962016 189675680
141952960 189668288
141946560 189667776
141949056 189669184
141950656 189671296
141952448 189670144
141951968 189667456
141950112 189665536
141956000 189666720
141950016 189668128
141947360 189669824
141947872 189668000
141952640 189665536
141954112 189670144
141953568 189676224
141962272 189679968
141966592 189682688
141962528 189677088
141957216 189665856
141956640 189662464
141954656 189668512
141957600 189675360
141962944 189678944
141969568 189676128
141964704 189672832
141955776 189670848
141963008 189676928
141967296 189683648
141958336 189686048
141953056 189680128
141959552 189678208
141961152 189678848
141966112 189674848
141965984 189679104
141969920 189686720
141970400 189685088
141972096 189684064
141969408 189690688
141964672 189687584
141960160 189684928
141961504 189683360
141966048 189683648
141963360 189683392
141957248 189685344
141956864 189684320
141963200 189688480
141968096 189697152
141968032 189699680
141965600 189694112
141961504 189689696
141957472 189687648
141961568 189691968
141963488 189696352
141965312 189694496
141963360 189692608
141958976 189690432
141960480 189686368
141956192 189679456
141962304 189679680
141960480 189680288
141956704 189680416
141954912 189681280
141956064 189684480
141953600 189684896
141955712 189677856
141962016 189679872
141962400 189685024
141965952 189687712
141965472 189688832
141963200 189688608
141964096 189685664
141973792 189686432
141975296 189688576
141970400 189690400
141970592 189691552
141968768 189692768
141971520 189693696
141966688 189689440
141962720 189687232
141964096 189683872
141967392 189683072
141963648 189682368
141957184 189685664
141962528 189692416
141966656 189690432
141957024 189684064
141952192 189681216
141961408 189680192
141963968 189681440
141960928 189678176
141957920 189678048
141961856 189682240
141962144 189684128
141957152 189679104
141952416 189673728
141960672 189675744
141956384 189672896
141956192 189674336
141964416 189675552
141966240 189675840
141969376 189684416
141969184 189686784
141968480 189681504
141968480 189677280
141961088 189677184
141963712 189682720
141964832 189683648
141960864 189681344
141957920 189682016
141959328 189682208
141959040 189681056
141965728 189679232
141968608 189680512
141965984 189677056
141965280 189679840
141965952 189679104
141970304 189683392
141973280 189683680
141968992 189678976
141968640 189678144
141967936 189680928
141964736 189679296
141968096 189680288
141971808 189684288
141977760 189683872
141972672 189679296
141971200 189678080
141971776 189683872
141970112 189685728
141969024 189678912
141963520 189673920
141960224 189677600
141961984 189673312
141961472 189672448
141958432 189677888
141959296 189674176
141958816 189669760
141958464 189672512
141959936 189679328
141964768 189686176
141968896 189689408
141973760 189696224
141973376 189693984
141973088 189692736
141968928 189688320
141964960 189685184
141968640 189690112
141971712 189688928
141967616 189684288
141961216 189685824
141962368 189688384
141963776 189686784
141962432 189688064
141965696 189684352
141970688 189679712
141970080 189677568
141967680 189679520
141963872 189676672
141967712 189675456
141973216 189680608
141965728 189679104
141966656 189679168
141973088 189683904
141968064 189684864
141964320 189684256
141966496 189684608
141972672 189685664
141971264 189690688
141968608 189690432
141970528 189694176
141970432 189695616
141965888 189686528
141963200 189678432
141967968 189682752
141969632 189686016
141970240 189685920
141962816 189684032
141953632 189683392
141956448 189684768
141959168 189683456
141960480 189685728
141956640 189688768
141959776 189690592
141967392 189694304
141966976 189696352
141964160 189691232
141958944 189689184
141956960 189691680
141963392 189695808
141969120 189693824
141968896 189690816
141959552 189688576
141961120 189689088
141961312 189690560
141964256 189691424
141968672 189690144
141969408 189690176
141970752 189688544
141963168 189689248
141962272 189693120
141964512 189697376
141968832 189696096
141963744 189690112
141961216 189688768
141966720 189685408
141965440 189687904
141961056 189690400
141961888 189689728
141957952 189691936
141957536 189693184
141961696 189698272
141964192 189696256
141963328 189695072
141960928 189696928
141958912 189696128
141964416 189690688
141974336 189692096
141980352 189700256
141977696 189703360
141970912 189697888
141963968 189690112
141964128 189688320
141960608 189687232
141957664 189690272
141958784 189692736
141962720 189696352
141967776 189694720
141963200 189685760
141959904 189678688
141963648 189685408
141964736 189689824
141960320 189689440
141964096 189692000
141963328 189693088
141968096 189688608
141971552 189689120
141970336 189685408
141967680 189689088
141964832 189690656
141963232 189681472
141962592 189683808
141955552 189683616
141955712 189680704
141963040 189680032
141966464 189682656
141967168 189684480
141970560 189686560
141971968 189684064
141964224 189680480
141961088 189685120
141963808 189685024
141963552 189678688
141958240 189679552
141957472 189681408
141958592 189674336
141963968 189674432
141965888 189689728
141970816 189688832
141969248 189682688
141962304 189680096
141966208 189679232
141962080 189679520
141960768 189679392
141962816 189682144
141965760 189682656
141961024 189677056
141957600 189682336
141959424 189686784
141962112 189686016
141965088 189687648
141968448 189688832
141969056 189688736
141969376 189689440
141967808 189690720
141963328 189686816
141961408 189692896
141965152 189693984
141967136 189690048
141969824 189684672
141969600 189684288
141964704 189691872
141964288 189696800
141964704 189692672
141964832 189684800
141969088 189684064
141969920 189687584
141968448 189687968
141970144 189686816
141969952 189687520
141971520 189686912
141964384 189685344
141963168 189684384
141961184 189680160
141956896 189680288
141959008 189680256
141958016 189683872
141962304 189686208
141960288 189683360
141960544 189683616
141962752 189685344
141959168 189685312
141958304 189684928
141962272 189684288
141962528 189682400
141965440 189684704
141962912 189686656
141962208 189684160
141960640 189684256
141959488 189685984
141963104 189686976
141963872 189688192
141959520 189683392
141955872 189677952
141958816 189674080
141959296 189672032
141962240 189681376
141969120 189687616
141966784 189691232
141966432 189691104
141963264 189681792
141962048 189678624
141963328 189678368
141955840 189672960
141954528 189675840
141954144 189676256
141958720 189679936
141962048 189681536
141960448 189683840
141955232 189684128
141958912 189682720
141962752 189676288
141960352 189673568
141954944 189675136
141961312 189677216
141965696 189679488
141958496 189680384
141957216 189678880
141963456 189676704
141966016 189677600
141966528 189681120
141967936 189683488
141967008 189682144
141965920 189677856
141962048 189685600
141963136 189680832
141958432 189676224
141955200 189673856
141956704 189670848
141954912 189678208
141960224 189682720
141962624 189681504
141967712 189690304
141973472 189691200
141969696 189686208
141958656 189688288
141962112 189689888
141967712 189689920
141965664 189688416
141960448 189689536
141957504 189686976
141954112 189685376
141955168 189688384
141961760 189694208
141962080 189694752
141956128 189689856
141953536 189691264
141957440 189685760
141958176 189688192
141956416 189685920
141954304 189678464
141959488 189677056
141961696 189682496
141961536 189691680
141960512 189693472
141963840 189689824
141968544 189687616
141969120 189688096
141963296 189690592
141957760 189688544
141954112 189686688
141952672 189677792
141957696 189677760
141959744 189683488
141961632 189689472
141964224 189684288
141961792 189686048
141962816 189687648
141965536 189682112
141961472 189676800
141958496 189673632
141956832 189674592
141958176 189682624
141961088 189685824
141954048 189680256
141950912 189672736
141953152 189677536
141953760 189682656
141957088 189683968
141958816 189686624
141952768 189682368
141954624 189678080
141964640 189688672
141963008 189692128
141960000 189687488
141962176 189686592
141959840 189685664
141963488 189690080
141965248 189687392
141957408 189680832
141954144 189680352
141956512 189681920
141957184 189677184
141958848 189678144
141959392 189686656
141958144 189685664
141957792 189684512
141958080 189682112
141958880 189677632
141956704 189675840
141955232 189675392
141956448 189677536
141951968 189681216
141952032 189679584
141955136 189680352
141957120 189679232
141956768 189678880
141957792 189683296
141954560 189676544
141953440 189673984
141951712 189677376
141953152 189673856
141952864 189672000
141953056 189676864
141955520 189681856
141959008 189682816
141957152 189682464
141957472 189685280
141958272 189687232
141957344 189684992
141957344 189685504
141955552 189681856
141956672 189680512
141960704 189682624
141960608 189685792
141956928 189687872
141955136 189681152
141955904 189681984
141953280 189684960
141954112 189681088
141960160 189686944
141960288 189691648
141956992 189682656
141950240 189683264
141949376 189689632
141952768 189696928
141957856 189688992
141960256 189682176
141960704 189681856
141955712 189686944
141948512 189690720
141949440 189685248
141947744 189675488
141950336 189675040
141956224 189681760
141953056 189680352
141951776 189684384
141954624 189679168
141955296 189678752
141958112 189678880
141961600 189681536
141966272 189686784
141970464 189686944
141966816 189691904
141960224 189691680
141956192 189687264
141955072 189686432
141954112 189685792
141952672 189679776
141953696 189683456
141958016 189692576
141966912 189696736
141968224 189697216
141965920 189698720
141961760 189697536
141955008 189688320
141944288 189680512
141946592 189681728
141950752 189687424
141953504 189693568
141952448 189691584
141950464 189692352
141953696 189693024
141957856 189690368
141951712 189686880
141952672 189689408
141955488 189694336
141959456 189698656
141962528 189693536
141961536 189695008
141967456 189694176
141967680 189688608
141962880 189687008
141959456 189684576
141954016 189685536
141955968 189690176
141960896 189688928
141966400 189688928
141963104 189691360
141958784 189689728
141956544 189690304
141959648 189688544
141960672 189691744
141959584 189690432
141962880 189689024
141958688 189692032
141952992 189695840
141952000 189688128
141954400 189685696
141959776 189687136
141961728 189685568
141962240 189686208
141959936 189686944
141959232 189683776
141955968 189682176
141954976 189679776
141949664 189674464
141953376 189675680
141960192 189678944
141959936 189687040
141959584 189692320
141954176 189688448
141955936 189685824
141954880 189685088
141952864 189685664
141956384 189682560
141954048 189680288
141954432 189678048
141958400 189676512
141964608 189678624
141960608 189678528
141962464 189680800
141961152 189685216
141956384 189682944
141956800 189678688
141961568 189683744
141964384 189685472
141964704 189677984
141965824 189683424
141964704 189686400
141962048 189679328
141960992 189678208
141963808 189682176
141962592 189688192
141970272 189688480
141964704 189685728
141961920 189682848
141960128 189681216
141953504 189681440
141956832 189685152
141964448 189682688
141963200 189682656
141960064 189683680
141963488 189687648
141965632 189690272
141969024 189691264
141967904 189691776
141968192 189691872
141969472 189691296
141969728 189689472
141967520 189684896
141957440 189685856
141960448 189684096
141967136 189682112
141968128 189683680
141970592 189685216
141970688 189692256
141966176 189690752
141959616 189685088
141960960 189683232
141963424 189683008
141964320 189686880
141965312 189694464
141963872 189691264
141959840 189682720
141957408 189684480
141957472 189680960
141958432 189678080
141960544 189681472
141963744 189683328
141961408 189683392
141961248 189684960
141959168 189682272
141954496 189680736
141956832 189679520
141959200 189680032
141963712 189680608
141963424 189679648
141961248 189685600
141964032 189687552
141960032 189681312
141961408 189677728
141965344 189679968
141965088 189677824
141963232 189679936
141966592 189681568
141968352 189680576
141962560 189681408
141958688 189686464
141963584 189681632
141962336 189685856
141960192 189682400
141960672 189681856
141963072 189683136
141960576 189683264
141958592 189685248
141956544 189683936
141957984 189684352
141952512 189686528
141951104 189686912
141952224 189686592
141953952 189677728
141953536 189673920
141959904 189677632
141963968 189680672
141960768 189679680
141963232 189672064
141962880 189674240
141958752 189682592
141955360 189682208
141953728 189674912
141951232 189678528
141955136 189692608
141957984 189694144
141956576 189684608
141960608 189686688
141960000 189685728
141956800 189680448
141958400 189677632
141956992 189681856
141955680 189682240
141961760 189682944
141961216 189682720
141962048 189683776
141961024 189684128
141960864 189679296
141960608 189680640
141958368 189676352
141953088 189675584
141949088 189676928
141950624 189673120
141950112 189680224
141953856 189681632
141958464 189679040
141962144 189683488
141967648 189691680
141964992 189695360
141965280 189692224
141966080 189685568
141960704 189690592
141959904 189690816
141960256 189690144
141962592 189696960
141969408 189696672
141968064 189697536
141959872 189690400
141962144 189686304
141965120 189687168
141965216 189693120
141967456 189694464
141966944 189688864
141965824 189689056
141962592 189686496
141958400 189682816
141951008 189677760
141956640 189678720
141963264 189689088
141964448 189691872
141960512 189686880
141957696 189681216
141960032 189683744
141963264 189689984
141961312 189686816
141965312 189683968
141965856 189686272
141959968 189689664
141957088 189688288
141953920 189689472
141952960 189686368
141960416 189686912
141961376 189683072
141958272 189683872
141953952 189678752
141952192 189668000
141953248 189672832
141954528 189681152
141956768 189683904
141959328 189687328
141964768 189690144
141964416 189693408
141963680 189686688
141961216 189680960
141954016 189680032
141950752 189678400
141953952 189680704
141960032 189683328
141961216 189683776
141967360 189684928
141964704 189685568
141957824 189689472
141961888 189687520
141963008 189693504
141964032 189696096
141964064 189698240
141962816 189695392
141963808 189696256
141967744 189698048
141966272 189699296
141960288 189697568
141957376 189695456
141958944 189686016
141958176 189686304
141955488 189682304
141955104 189684224
141955616 189692384
141959744 189691168
141961856 189693088
141960640 189695424
141955840 189691424
141953632 189691488
141959712 189692512
141962336 189688576
141961952 189685824
141958304 189687392
141956352 189688448
141959872 189688640
141959488 189687552
141961568 189691360
141955424 189687968
141951136 189687328
141955680 189685152
141957792 189683168
141953344 189679328
141956256 189682048
141965248 189688448
141965472 189687936
141959008 189685824
141957888 189690080
141963488 189692928
141966432 189694304
141968160 189691424
141964800 189684544
141960064 189680448
141956384 189681056
141961312 189680160
141962752 189679328
141962816 189682304
141961696 189685568
141956480 189680608
141959232 189676288
141963360 189679808
141961760 189682944
141963200 189684896
141967424 189689536
141965344 189690912
141962112 189689280
141964416 189694432
141963552 189697632
141963584 189693792
141962912 189692864
141959744 189688416
141956224 189683648
141959840 189686784
141957536 189685952
141953536 189685408
141954048 189682976
141953728 189680704
141948768 189677696
141954976 189674656
141959456 189671072
141960448 189677120
141965216 189683328
141962496 189681408
141956896 189680352
141957504 189680992
141956768 189681504
141962752 189679744
141963328 189680608
141959968 189677248
141959360 189680032
141957600 189675968
141955392 189675488
141959936 189678208
141963424 189677600
141956928 189670624
141949824 189662400
141948864 189658080
141949376 189664800
141954880 189673504
141956704 189673056
141959360 189669024
141960640 189675968
141962496 189675200
141959840 189670752
141957600 189670624
141955008 189671328
141957760 189671008
141964768 189670912
141968032 189673632
141966912 189672064
141958048 189674432
141956480 189672960
141957344 189674528
141956736 189673472
141953664 189667104
141953536 189665632
141958304 189670752
141956448 189672096
141956928 189669120
141955744 189668000
141958816 189674304
141959776 189677696
141954016 189675296
141950144 189675104
141952448 189674464
141959072 189672704
141962080 189667104
141951648 189664928
141952704 189664416
141958176 189671136
141955040 189678592
141959552 189676864
141960512 189677216
141960896 189678496
141956224 189680960
141956800 189671488
141956224 189676448
141954624 189672160
141955776 189666432
141957952 189669408
141953120 189676000
141955296 189676832
141956704 189676832
141957952 189670624
141960864 189672768
141961024 189677568
141965728 189685472
141964288 189684096
141961920 189675520
141965152 189679424
141964896 189677760
141964960 189675168
141968480 189673056
141964256 189673056
141960928 189677920
141965344 189682592
141961088 189681344
141957184 189675456
141956224 189678976
141963680 189678240
141959520 189673056
141954016 189668352
141953152 189665184
141956064 189672192
141959520 189677600
141967264 189677632
141966240 189674240
141964544 189672832
141959488 189670784
141961152 189668800
141964000 189671712
141963744 189671840
141969760 189677472
141969568 189683296
141967584 189684224
141966144 189677888
141957952 189671872
141951168 189666080
141952544 189663072
141948832 189665536
141952640 189667616
141955904 189676832
141961792 189680544
141958848 189676416
141951552 189674752
141953600 189680768
141963104 189687072
141967936 189689536
141966848 189687360
141961888 189687424
141961216 189686112
141957536 189683264
141956928 189682176
141956512 189685120
141957952 189682176
141958496 189676896
141960672 189679296
141963328 189681504
141963744 189684000
141958240 189687392
141956416 189687136
141961024 189677472
141961536 189676512
141960800 189682112
141959008 189687584
141956352 189690720
141953248 189683968
141950016 189680032
141956800 189683840
141960640 189684448
141957696 189695520
141958304 189700736
141963296 189697632
141967232 189695680
141956800 189692416
141955616 189695520
141964384 189703584
141967424 189707040
141962688 189701536
141959712 189695136
141961024 189692672
141958656 189692448
141957216 189691552
141957056 189692480
141955008 189692160
141957120 189697984
141956576 189698112
141955520 189698464
141957472 189698688
141958720 189692672
141957376 189693184
141956896 189696736
141959520 189699104
141962944 189699040
141960928 189698400
141962848 189690592
141958240 189687680
141952416 189692992
141953408 189691360
141957440 189692864
141954368 189695200
141953120 189691712
141953408 189693088
141960832 189690080
141957632 189687456
141953248 189692160
141951680 189692416
141951232 189690624
141953024 189690016
141956320 189691200
141957472 189692192
141959008 189693888
141957792 189692608
141960000 189695424
141961120 189699648
141961856 189704832
141961760 189699808
141960960 189692448
141959488 189694336
141959520 189704672
141961408 189698848
141962464 189693632
141956544 189695392
141955040 189702432
141957408 189704640
141959264 189702784
141956896 189700608
141954336 189704544
141951680 189702656
141953536 189704928
141961024 189705664
141965120 189706016
141962912 189704480
141961504 189710592
141959360 189710176
141958432 189708800
141959712 189709824
141966144 189710816
141969184 189713152
141969952 189711040
141966464 189712352
141959424 189709152
141962592 189712768
141971072 189715904
141968128 189715616
141963168 189721344
141961824 189719872
141957984 189713184
141959648 189713856
141959776 189713088
141956992 189709024
141958400 189715296
141954848 189720608
141955712 189720896
141962784 189721728
141962624 189718656
141960544 189720064
141960480 189717472
141964512 189715520
141967360 189720608
141964832 189723328
141961632 189721440
141964992 189722400
141968352 189722848
141964032 189725376
141960032 189719552
141960160 189720544
141963712 189726400
141966048 189728448
141962976 189718400
141960512 189714560
141961472 189713312
141961472 189719808
141959520 189720320
141960640 189718336
141961728 189723616
141959072 189719744
141961600 189715008
141965312 189712992
141963680 189715808
141961440 189723040
141961120 189719744
141964544 189717888
141969312 189723136
141969920 189725440
141960896 189724896
141956480 189721664
141959904 189721728
141970432 189731584
141971232 189727840
141962816 189718336
141959296 189717152
141959968 189721376
141958688 189723488
141958464 189725344
141956192 189726208
141960896 189724800
141957696 189723136
141952896 189722624
141950912 189718496
141954240 189717344
141958464 189719136
141958784 189721824
141959936 189719968
141959648 189717280
141959520 189717856
141957376 189718400
141954816 189718016
141951360 189716928
141946400 189719712
141948128 189721888
141959616 189719136
141958176 189717152
141960640 189720800
141960544 189722816
141960352 189724416
141968192 189722368
141966528 189720064
141960928 189717472
141953312 189710208
141956224 189706336
141958848 189715872
141959680 189719392
141957472 189721632
141953984 189720448
141955648 189715360
141958720 189712064
141961120 189716512
141964576 189716256
141961952 189717984
141958816 189720320
141957440 189724096
141957504 189723648
141958496 189721120
141962400 189718048
141965248 189713792
141965664 189708256
141962336 189705664
141958848 189701056
141960448 189704512
141966368 189707072
141961632 189705728
141954656 189703744
141956704 189707264
141959520 189706816
141956704 189702944
141957856 189711520
141956832 189716032
141958496 189712288
141960384 189704288
141958016 189709056
141953280 189712032
141948480 189712544
141955712 189709600
141961216 189712960
141962912 189714528
141959424 189713088
141955456 189714016
141959648 189714336
141966560 189715680
141960544 189715104
141957952 189718816
141964320 189724096
141961472 189728608
141963168 189728320
141971392 189725856
141976480 189722016
141972992 189719744
141963808 189720576
141963392 189721312
141967168 189719584
141964384 189714944
141958080 189714144
141953440 189709632
141952640 189708896
141952192 189707744
141952480 189707360
141959040 189711104
141965824 189708960
141968064 189710368
141970304 189713632
141967232 189717760
141964928 189718144
141962688 189714208
141960096 189712864
141953152 189713888
141954272 189708256
141960416 189708000
141957216 189704576
141953024 189707904
141952384 189708128
141954080 189703936
141952128 189706304
141954336 189703552
141958880 189705824
141958688 189712128
141965696 189712896
141960800 189708416
141954944 189705056
141955232 189699904
141956352 189701536
141959072 189709184
141958880 189707168
141960992 189707712
141963744 189707296
141962656 189705120
141964352 189710496
141965056 189707904
141959808 189702176
141956160 189703072
141956064 189702656
141958880 189702624
141961312 189702240
141960192 189702752
141958688 189702368
141960768 189705984
141961600 189706880
141960640 189705984
141963456 189707136
141965536 189706976
141963232 189708480
141962976 189715328
141968448 189713248
141972928 189707808
141967680 189705792
141961312 189711616
141958400 189709536
141961440 189708384
141959904 189708096
141954848 189702944
141952928 189705472
141955328 189704224
141959520 189707136
141961792 189708928
141964480 189703232
141967488 189709440
141974176 189715840
141975008 189715360
141970912 189709568
141966784 189714048
141966464 189713056
141968224 189710080
141960672 189706688
141955680 189703072
141950752 189701248
141948608 189700416
141956864 189702720
141960192 189707584
141960992 189705376
141957312 189703424
141954496 189708032
141959840 189709536
141967488 189712320
141966656 189710400
141961472 189712864
141956736 189709696
141959264 189701696
141959296 189702112
141961152 189704480
141957920 189709504
141952448 189710144
141953760 189704192
141953664 189702464
141954144 189708352
141958880 189716224
141957760 189714464
141957280 189709728
141960960 189703744
141965376 189709376
141964416 189710272
141962784 189704096
141962752 189704288
141964192 189709248
141965760 189706976
141960576 189709376
141958784 189708480
141961792 189713632
141957376 189713920
141955616 189707104
141957888 189707328
141962432 189715776
141961440 189715584
141961120 189710272
141958464 189710752
141957024 189712320
141958624 189708864
141958560 189707744
141950592 189703552
141950528 189704224
141955680 189703424
141959040 189705792
141956384 189707488
141956320 189712096
141962272 189717792
141966624 189719296
141960768 189718912
141958336 189717632
141960416 189716512
141970688 189718080
141967488 189713408
141961632 189710816
141956128 189709504
141956224 189712576
141960384 189716032
141961536 189714880
141958656 189711776
141961152 189716352
141968032 189717984
141964064 189715872
141961856 189714240
141960032 189711488
141965216 189717568
141966464 189722720
141963296 189719360
141958752 189713408
141954592 189719168
141961504 189717856
141965152 189710976
141968096 189712640
141968416 189711040
141967776 189712128
141968704 189715904
141964064 189715584
141961248 189713856
141962400 189714592
141965984 189712128
141966016 189716704
141960224 189720704
141962240 189722976
141963200 189725888
141964640 189723776
141964992 189719808
141959648 189720096
141959136 189721984
141959872 189713888
141960096 189714688
141958528 189719296
141959680 189721152
141961600 189715712
141958400 189712672
141961280 189720224
141963104 189722144
141963264 189724160
141961728 189724768
141959616 189721248
141962112 189721056
141963168 189721376
141960896 189721856
141965056 189721888
141960224 189721856
141951776 189724032
141952416 189723872
141957760 189729568
141968672 189728448
141964512 189724928
141964032 189723808
141964896 189719712
141962944 189721312
141957344 189721312
141950624 189712672
141950496 189709344
141952032 189711456
141954912 189710656
141956288 189712768
141955968 189709856
141955264 189707136
141953472 189708160
141951072 189712736
141948064 189718656
141948256 189718080
141947552 189708288
141944736 189709216
141952032 189709120
141953504 189712064
141955200 189713280
141958400 189717120
141960960 189715168
141960896 189716288
141955776 189717312
141953536 189716640
141949760 189714240
141950528 189711904
141955200 189714048
141954272 189713152
141956224 189716512
141962080 189717408
141964672 189714720
141962912 189718400
141960064 189713376
141954432 189709536
141956512 189712576
141961152 189717216
141961088 189714016
141960352 189716000
141960032 189720256
141964448 189722080
141964544 189722720
141964704 189726464
141963264 189726208
141960512 189722048
141958784 189716896
141955680 189714560
141956128 189715136
141956736 189711520
141957568 189709376
141962304 189711200
141961696 189709824
141961728 189709760
141960224 189714176
141956480 189710304
141962016 189711904
141965568 189718304
141963488 189717504
141962944 189708448
141960672 189711936
141958912 189707712
141954656 189704864
141955840 189706592
141954976 189710048
141964768 189711040
141974816 189716128
141971712 189718272
141965248 189719904
141964384 189717184
141965536 189715136
141965760 189717440
141963424 189719648
141962336 189721184
141960192 189719936
141958720 189713984
141963328 189709216
141958208 189708384
141950112 189705152
141950688 189703744
141955488 189706304
141955744 189707808
141958464 189711744
141955616 189712576
141957952 189710432
141957632 189704672
141960672 189708320
141958080 189711520
141955840 189714400
141954976 189709376
141964320 189707200
141969824 189708736
141965792 189713120
141966272 189712736
141962784 189713856
141958496 189711968
141959584 189708416
141957408 189707872
141955872 189701984
141960480 189702080
141961408 189701568
141959936 189700800
141957760 189710336
141960064 189716320
141962624 189715712
141962144 189713664
141962624 189716896
141959872 189717824
141959008 189712704
141962112 189711200
141961952 189706944
141962048 189710400
141958016 189712768
141957088 189711296
141955840 189712288
141956032 189711232
141951008 189714432
141953984 189725856
141959488 189725120
141962144 189718624
141957376 189706528
141954464 189703392
141956736 189711488
141956768 189715680
141950656 189713920
141952288 189712160
141951136 189703232
141952416 189702400
141958144 189708448
141961920 189718176
141956384 189716352
141951136 189709312
141958048 189715648
141961888 189714112
141962976 189714880
141964480 189717600
141964480 189712704
141963328 189713408
141967104 189716128
141971232 189718624
141965824 189723424
141963392 189722656
141963584 189715424
141961696 189711808
141960736 189714688
141963488 189710624
141966016 189713184
141957024 189714528
141954784 189717632
141957312 189720512
141959072 189719744
141960256 189721088
141958528 189721280
141961312 189724000
141958624 189722016
141959968 189727904
141959328 189724000
141952480 189715168
141951904 189710240
141956896 189712224
141964128 189716864
141965024 189719200
141965952 189720736
141963840 189719040
141960512 189719168
141954464 189718080
141957312 189718816
141960416 189719104
141966688 189717056
141967328 189718144
141962784 189717760
141959424 189720288
141953184 189722016
141950304 189715904
141949856 189714432
141949568 189714976
141956608 189714656
141966400 189715680
141963840 189722848
141961984 189720256
141963296 189712064
141966816 189716000
141964832 189719680
141952960 189713728
141948768 189714496
141950656 189717120
141948320 189715776
141950016 189716256
141956448 189722144
141959264 189727136
141955296 189728256
141956480 189724800
141953600 189722432
141951936 189720160
141950624 189713792
141954080 189713024
141961280 189720096
141960448 189719968
141952864 189719360
141955616 189719936
141956384 189718368
141961920 189722656
141963520 189722240
141965856 189720544
141968704 189724128
141967744 189726432
141959648 189719872
141960480 189721504
141960864 189725184
141963040 189719744
141958976 189717984
141957408 189716096
141962048 189713056
141958080 189714656
141954688 189719008
141957856 189721888
141968096 189718752
141961760 189718016
141954304 189712864
141958112 189716128
141958176 189724288
141955072 189725376
141954336 189722656
141952640 189725088
141954144 189724672
141958752 189725248
141962720 189722016
141960832 189716864
141958304 189717920
141957792 189713920
141955392 189716192
141957728 189720320
141958880 189721504
141958528 189718464
141960896 189720256
141961600 189725952
141965184 189726624
141965920 189719136
141966208 189716800
141961728 189716704
141952640 189716640
141958208 189721408
141963008 189715744
141956864 189717792
141948000 189712608
141947104 189710752
141951648 189713952
141955616 189720704
141955008 189725440
141952480 189731872
141953568 189726720
141955552 189721568
141954208 189722176
141949440 189723264
141948000 189724992
141955520 189727392
141956768 189724928
141952576 189714080
141956864 189714080
141963584 189723200
141965056 189725696
141965088 189726976
141968480 189726592
141964736 189723776
141959008 189728000
141963136 189725856
141965536 189721824
141961760 189716928
141961184 189718592
141963456 189718144
141962784 189718496
141959648 189716576
141953344 189712704
141955872 189710080
141959168 189712096
141959808 189710880
141958016 189714080
141961760 189715296
141964256 189713344
141961408 189712096
141952704 189711296
141953664 189708032
141956288 189707008
141963936 189706784
141962688 189710592
141955872 189714624
141956576 189714112
141958016 189710464
141958368 189708448
141960352 189710720
141959744 189711296
141964480 189709472
141960736 189708704
141957536 189705376
141956288 189704160
141952576 189703776
141948672 189696832
141949664 189696672
141949440 189691488
141956704 189694976
141962304 189707072
141959360 189711456
141957824 189710496
141957632 189710784
141964096 189711168
141960672 189709696
141960768 189706720
141963072 189711584
141963872 189711072
141960224 189712192
141956288 189712768
141953024 189707808
141951712 189704480
141951840 189701600
141954880 189704800
141946592 189700160
141944192 189701440
141945280 189707488
141943360 189708128
141948704 189708480
141950304 189708800
141953632 189707936
141954528 189706048
141957984 189710688
141953344 189713728
141952992 189712864
141951264 189711808
141944096 189710688
141948448 189709632
141949888 189699968
141951328 189698272
141954368 189699616
141957056 189704256
141958304 189703840
141956960 189699680
141953088 189702016
141950176 189700512
141949472 189704736
141953536 189712288
141955616 189706880
141960096 189708288
141960864 189710912
141965152 189713152
141963488 189705472
141958368 189707360
141957952 189706816
141949600 189701280
141947424 189701184
141954208 189705376
141958784 189708928
141962176 189711712
141959936 189711584
141953696 189706688
141952672 189705408
141948544 189700800
141947968 189693280
141949440 189699456
141955424 189704000
141960736 189708672
141960896 189706784
141956032 189700928
141957152 189704064
141962368 189708544
141965632 189717152
141960960 189712224
141961792 189708032
141963008 189707360
141965120 189707264
141962912 189707616
141960928 189706336
141962720 189701952
141961440 189703680
141965792 189704224
141963488 189702720
141957344 189704864
141956096 189699072
141956928 189697248
141955104 189699872
141956064 189697696
