175751488
175751040
175753408
175758848
175752320
175746336
175745760
175743616
175747840
175744864
175743552
175745728
175744704
175744896
175747648
175747520
175746784
175742688
175739424
175739648
175739552
175735520
175734592
175733536
175737344
175743136
175745280
175748800
175746976
175747872
175743328
175744640
175753344
175750336
175751296
175753024
175751232
175751776
175758176
175752192
175749824
175753344
175750336
175749312
175755360
175756448
175757504
175762912
175762144
175761664
175757696
175755072
175757728
175758368
175755520
175754432
175759104
175758624
175749472
175748512
175750368
175753536
175751200
175750368
175745600
175738080
175735648
175734656
175737376
175736768
175737952
175729952
175728544
175726976
175723104
175723840
175716608
175717312
175724960
175732608
175728512
175724288
175720896
175715808
175711904
175714592
175716000
175719808
175721568
175720576
175718080
175720352
175720992
175721760
175718496
175721088
175730080
175734688
175734304
175734688
175733568
175733568
175737888
175739904
175738496
175744224
175740704
175739904
175740480
175734336
175733984
175741216
175743648
175739712
175739136
175742688
175748864
175748288
175742816
175741120
175736160
175735776
175739040
175735168
175734400
175739840
175742784
175746656
175743584
175736800
175721984
175716352
175720416
175728608
175730208
175723808
175720832
175721408
175723264
175716832
175709888
175708224
175706496
175704544
175697568
175694272
175697920
175701024
175702304
175706016
175704608
175702304
175705888
175708000
175711104
175715040
175713120
175719424
175721856
175726400
175729536
175734048
175745376
175751744
175755040
175760736
175766080
175768352
175770624
175779488
175780096
175782272
175788768
175793056
175797440
175803168
175804224
175803392
175807520
175811840
175813984
175819168
175823968
175820768
175825248
175828512
175824608
175823552
175824448
175827424
175829888
175820832
175822880
175824832
175822432
175823904
175822880
175821472
175818272
175815296
175819648
175818080
175815136
175804384
175802496
175807200
175806016
175807968
175804000
175800896
175802144
175804896
175805824
175801856
175794656
175794208
175801696
175802016
175803936
175808224
175809888
175808064
175804256
175801056
175801408
175808352
175809088
175810176
175801440
175796480
175799712
175797984
175798496
175803872
175801632
175800992
175800768
175796352
175795392
175804032
175805952
175800448
175796032
175798112
175806080
175815328
175812256
175812256
175814368
175817984
175812960
175811360
175804352
175800480
175807648
175811840
175805696
175802432
175800416
175795456
175798624
175795264
175790496
175796480
175793856
175788224
175780928
175785440
175788096
175778784
175779904
175788032
175786112
175784320
175775776
175778336
175778688
175781056
175780192
175770080
175763552
175766592
175767776
175765568
175765216
175765408
175765984
175761728
175762784
175765568
175765888
175768320
175765024
175762144
175761152
175766272
175768000
175770624
175769408
175769632
175769728
175770880
175770048
175771488
175767040
175767200
175769856
175765024
175762400
175764832
175767456
175765120
175768064
175768768
175778400
175779488
175777056
175772320
175775520
175777792
175777920
175777952
175777600
175777312
175776480
175778944
175778656
175776640
175774688
175773472
175769024
175767296
175766816
175771136
175768096
175766816
175760256
175764288
175772032
175771744
175767328
175759840
175755936
175752864
175752032
175757536
175753888
175753408
175761728
175762240
175756672
175756800
175756704
175755776
175753536
175750016
175754112
175757984
175757792
175754528
175759264
175760288
175757408
175760608
175763072
175758368
175754624
175752544
175755488
175761984
175763232
175760832
175753696
175749984
175748544
175750912
175751712
175753088
175757408
175761344
175760768
175756128
175751040
175753312
175751360
175746496
175742688
175741696
175745856
175745600
175743360
175746752
175749536
175750560
175748800
175742944
175740896
175739584
175737664
175732960
175731424
175732192
175730560
175730080
175733216
175739264
175735264
175731712
175733824
175728064
175725984
175726112
175735904
175744736
175741504
175734496
175727392
175729600
175728160
175735712
175740896
175735296
175736384
175733536
175730784
175730848
175728704
175732288
175735328
175730112
175718848
175728480
175732448
175732928
175737888
175736320
175738912
175737952
175741472
175742080
175736448
175737280
175738464
175735584
175737472
175735680
175730944
175728736
175729376
175728960
175725600
175726912
175726624
175731008
175736704
175730848
175725632
175727200
175722048
175721472
175718944
175717952
175720576
175726752
175719520
175710912
175711872
175713696
175714144
175717408
175716960
175712832
175718496
175720480
175722592
175723296
175719232
175712448
175709184
175708256
175711552
175707840
175704544
175704288
175703584
175705920
175710560
175716384
175718592
175722816
175724224
175725344
175727328
175732608
175738816
175734304
175730336
175729504
175724480
175719872
175715936
175717824
175714848
175713024
175709376
175706208
175704064
175704704
175706144
175702144
175694880
175691040
175693472
175702752
175705536
175700992
175698368
175699552
175704128
175706368
175707168
175709536
175712096
175707776
175708288
175714272
175715168
175710112
175708192
175701664
175698304
175701472
175700960
175697792
175701216
175699744
175697600
175699040
175698272
175695936
175700320
175701312
175695808
175690016
175688064
175690336
175696160
175696480
175693888
175693312
175697248
175701440
175700000
175696864
175695072
175694592
175698304
175696768
175695936
175698208
175695968
175685664
175681600
175680800
175690528
175696224
175690848
175686240
175681312
175685600
175688512
175685824
175685504
175683968
175688736
175682176
175681952
175693984
175702048
175700160
175701760
175703616
175704224
175706880
175712608
175715168
175714400
175719616
175722528
175723584
175727584
175730336
175729184
175737504
175745184
175742528
175743616
175748864
175748928
175749504
175751680
175753600
175759264
175765696
175770688
175771936
175768640
175772896
175773664
175771584
175772064
175769472
175764576
175764160
175769664
175783520
175783840
175773344
175768768
175772608
175775776
175778208
175783616
175789504
175793088
175789536
175788512
175789248
175788192
175788640
175785504
175787360
175789792
175789536
175795744
175793312
175788800
175790272
175791136
175790016
175792832
175800128
175810112
175804128
175798976
175799392
175796608
175793728
175794976
175786528
175788096
175788960
175781056
175774816
175771360
175771744
175775104
175773920
175771584
175771712
175765376
175769152
175772288
175766496
175766592
175764576
175760640
175760032
175760768
175761184
175761344
175767712
175775904
175772960
175765952
175771360
175764288
175761312
175763904
175765376
175767936
175770752
175773024
175772608
175781952
175785056
175783616
175779104
175777408
175780288
175771968
175768736
175770912
175773568
175778912
175776128
175768416
175768416
175768000
175763360
175758560
175762016
175773632
175769888
175758304
175753760
175753760
175752096
175748320
175750016
175751296
175744608
175740640
175746912
175747680
175747616
175749088
175748800
175748448
175742976
175741312
175738560
175731008
175728128
175731744
175730816
175731936
175734368
175739488
175741536
175731168
175734080
175739008
175738848
175741536
175743008
175738880
175743040
175743072
175740352
175739712
175738720
175740576
175737088
175737792
175742240
175744896
175750176
175748576
175747488
175746144
175744672
175743392
175742208
175739328
175742624
175748672
175748352
175743488
175740832
175739520
175742528
175744448
175742880
175738112
175735008
175734048
175740192
175738752
175734560
175736192
175736256
175733888
175737600
175732992
175736480
175740768
175733568
175731552
175729376
175736000
175742752
175742208
175739008
175741856
175739072
175732032
175730208
175731008
175726944
175724384
175721536
175726400
175724256
175720224
175715904
175715040
175715616
175719104
175716864
175721312
175727712
175726240
175721632
175713568
175711584
175712352
175717760
175720800
175722560
175721056
175708160
175711488
175714368
175717536
175714944
175712960
175709408
175711808
175714720
175714752
175719200
175723680
175714048
175713536
175717312
175718432
175716928
175718400
175721440
175724640
175723744
175715840
175712384
175718144
175717824
175713312
175709344
175711776
175708544
175707936
175705440
175702720
175702464
175701184
175703936
175703808
175697376
175700064
175710208
175716832
175710816
175707072
175705056
175706112
175709280
175708928
175707456
175705952
175697344
175701376
175706592
175704160
175700192
175696224
175696032
175693824
175698016
175696672
175699200
175703904
175705184
175699968
175699904
175698912
175699360
175699424
175696768
175698848
175699392
175695808
175698976
175697536
175704192
175703168
175704704
175707648
175702464
175702016
175706912
175703008
175704000
175711392
175713888
175712832
175706720
175700384
175696384
175702688
175704128
175699008
175694720
175692448
175692224
175697440
175696576
175691616
175690880
175691392
175689600
175689024
175685504
175687520
175683328
175681632
175679200
175681120
175677376
175683520
175684128
175679520
175677344
175675584
175676832
175682272
175676064
175675488
175678528
175683872
175685504
175686336
175687392
175685024
175684704
175687552
175684672
175686144
175692672
175694400
175687424
175683872
175681536
175678848
175678048
175679264
175682656
175685344
175683872
175675488
175676448
175675808
175678080
175676192
175678144
175679360
175670432
175668128
175670496
175671456
175667648
175668512
175670016
175669664
175673920
175673728
175673888
175681696
175682080
175679840
175673984
175674848
175680128
175676608
175673568
175673344
175668096
175662880
175654400
175653152
175658464
175657920
175658432
175662624
175662880
175665280
175660032
175657632
175658240
175656128
175657888
175661344
175665248
175662944
175656256
175655296
175655072
175659680
175664384
175665280
175661216
175654208
175651552
175652800
175652704
175656032
175660576
175662624
175667456
175670240
175673312
175678848
175679808
175683776
175683104
175677952
175676640
175679200
175678848
175674240
175668992
175674240
175675552
175676480
175675008
175671296
175671392
175669184
175669248
175670592
175669152
175659296
175654144
175659744
175660480
175648768
175640416
175639968
175636352
175633152
175628928
175626592
175623552
175625632
175625568
175622528
175619104
175615200
175609728
175600320
175601760
175597856
175587680
175583104
175589632
175589248
175584448
175587648
175589216
175582432
175585280
175589472
175592384
175590272
175579136
175575712
175582656
175592448
175593120
175589472
175580224
175579520
175581536
175585440
175586912
175585504
175584288
175582240
175587424
175587872
175583968
175586912
175593760
175593056
175591616
175591360
175591488
175586080
175587520
175591936
175591520
175582528
175582816
175583744
175580928
175576032
175571680
175572320
175575168
175573184
175569888
175572064
175568960
175566304
175567840
175567840
175566720
175574240
175577920
175573184
175570912
175571008
175569952
175571744
175565792
175562880
175563840
175559264
175559872
175558304
175552992
175548800
175552032
175552128
175555392
175551584
175552288
175545632
175538944
175544992
175549120
175549920
175544384
175543136
175550656
175551680
175545280
175541856
175545344
175546400
175553248
175548928
175543680
175547360
175551168
175549792
175547712
175552192
175552096
175550208
175549120
175551616
175548224
175546560
175543968
175545632
175547488
175549664
175547424
175541280
175540896
175538400
175533856
175535936
175539488
175537600
175534976
175534400
175535808
175538048
175537280
175532160
175530272
175529248
175530560
175528992
175526816
175530976
175531328
175529088
175531520
175525760
175519104
175523200
175529344
175534336
175532000
175529312
175528032
175529696
175529856
175534944
175533472
175528736
175525952
175525824
175527392
175532064
175531744
175532192
175525824
175521568
175520352
175522912
175530912
175535168
175535232
175535648
175528480
175530848
175534016
175528288
175530720
175533536
175533920
175529600
175529472
175521472
175516192
175516736
175517504
175515936
175517856
175516512
175506720
175507168
175507136
175500032
175499200
175497536
175496992
175501344
175503040
175493792
175486464
175480864
175485792
175489568
175484544
175488352
175491840
175491552
175491968
175495456
175490976
175488992
175487808
175491136
175495456
175495456
175496256
175498784
175501472
175499936
175499488
175500224
175496416
175498272
175500992
175502912
175498560
175494560
175490496
175487232
175485312
175493472
175499648
175489216
175483808
175485632
175486432
175484992
175485024
175488928
175491200
175488352
175491584
175493856
175486560
175485248
175476256
175474112
175477792
175477120
175476512
175479424
175481728
175480352
175477408
175477536
175480928
175477088
175473952
175479456
175479296
175473632
175471200
175469344
175470080
175470496
175476608
175475520
175474240
175471168
175473696
175469920
175464192
175466368
175467904
175464288
175467392
175470208
175469568
175466880
175469056
175472192
175467840
175465088
175464160
175462720
175465344
175468000
175465632
175463904
175459648
175463232
175462368
175459232
175459136
175452704
175453696
175461376
175470304
175467072
175469792
175473856
175469504
175467968
175465184
175459776
175458272
175461952
175455392
175457568
175460256
175459360
175460000
175462272
175460640
175456064
175456608
175460480
175460672
175454944
175453952
175455200
175460000
175456640
175446816
175449376
175453536
175451520
175450368
175449856
175450240
175452864
175453408
175459968
175462304
175456000
175452544
175451936
175451104
175454848
175452064
175452256
175453600
175451488
175450848
175451904
175452448
175462336
175466752
175460480
175460640
175458560
175451456
175451008
175450240
175449760
175452256
175447104
175453792
175455776
175455136
175454944
175453952
175449632
175446912
175447136
175450272
175451936
175441856
175442304
175445408
175446688
175449728
175450144
175444192
175441760
175443488
175444000
175441120
175437984
175440000
175442592
175441120
175436672
175427360
175424864
175432448
175436224
175440000
175441696
175434400
175432544
175435264
175434080
175431584
175432256
175428928
175429408
175423648
175425632
175426400
175431968
175444096
175436256
175434560
175439072
175438848
175441376
175444128
175441120
175441888
175448192
175450464
175444096
175442944
175453568
175458880
175457472
175455968
175460768
175465024
175468096
175477408
175487840
175496416
175497600
175488864
175491808
175503936
175508000
175510816
175513344
175519872
175527424
175521088
175523552
175529088
175528480
175532224
175539296
175538816
175538240
175534464
175536224
175534752
175531488
175533440
175538208
175542848
175540320
175541504
175543104
175543712
175546656
175541632
175535968
175534784
175533344
175533280
175532224
175530176
175531808
175534624
175539360
175538272
175535776
175531872
175530528
175531584
175527328
175524992
175521280
175519616
175528320
175530656
175527584
175533248
175537216
175530816
175519584
175521568
175521504
175522496
175528256
175528384
175526624
175525632
175527392
175530144
175525728
175523552
175519616
175518912
175521280
175530688
175530048
175520064
175519008
175511776
175521600
175524160
175523520
175526080
175522048
175522816
175525120
175520672
175524736
175522752
175517088
175516032
175521152
175523168
175522304
175522304
175522208
175514560
175511328
175517920
175524416
175527136
175523040
175518112
175512992
175512448
175513984
175507680
175507648
175506336
175504480
175503488
175508128
175508704
175508736
175508000
175506528
175508928
175508704
175504224
175502880
175501984
175502656
175503200
175504192
175504448
175506240
175509536
175509056
175503648
175504320
175501568
175504608
175510240
175509408
175506912
175503616
175503072
175502592
175505856
175513984
175513088
175513152
175511424
175510208
175508064
175503744
175508128
175506272
175503456
175505088
175508128
175509312
175511776
175514624
175513472
175506688
175500448
175504928
175500416
175500224
175502272
175501056
175501504
175505888
175505408
175500896
175493440
175497408
175503552
175501280
175496992
175492032
175493024
175492096
175495904
175488064
175491104
175491328
175490368
175491040
175491904
175490048
175493824
175501824
175501664
175496096
175493664
175491104
175492064
175495520
175493440
175487712
175491008
175491264
175483680
175487328
175486912
175489024
175488352
175492128
175491264
175492288
175495808
175493952
175495296
175486496
175484256
175482464
175476544
175474496
175475168
175476896
175476576
175479808
175480192
175479616
175476736
175475424
175475840
175469344
175466240
175468416
175467584
175462368
175461888
175466976
175464192
175462368
175466464
175471264
175466784
175467104
175467648
175464000
175465760
175465888
175470176
175477088
175471584
175463872
175462912
175464096
175455680
175454592
175461952
175464928
175465216
175466944
175463136
175468576
175474688
175476576
175468384
175464576
175463712
175464224
175460352
175456256
175450848
175446080
175449120
175453792
175454848
175450560
175452512
175455488
175451328
175450080
175449728
175445312
175444448
175448320
175448320
175445952
175439168
175435264
175439744
175437536
175437312
175437888
175433664
175426688
175428928
175424480
175424320
175430400
175434784
175434912
175433760
175429760
175425536
175428800
175428960
175428992
175426496
175427648
175429728
175425216
175420448
175425184
175426208
175426112
175420896
175420000
175417088
175422016
175425504
175421952
175421824
175429728
175429728
175427584
175423648
175421920
175414400
175404096
175407104
175410720
175410848
175415392
175417248
175412928
175408096
175408800
175409056
175409952
175409312
175408672
175407968
175407360
175400800
175395200
175398944
175407680
175405472
175404128
175401184
175407552
175414848
175417056
175413888
175409728
175404256
175396288
175402144
175407520
175413696
175413824
175408096
175410880
175406528
175404384
175408928
175409632
175407104
175401728
175402272
175403232
175406016
175408992
175410144
175406240
175403552
175404576
175398048
175398592
175398624
175399488
175391520
175389728
175394560
175392864
175393376
175394464
175398144
175394176
175391360
175392384
175389280
175389952
175387328
175391328
175394144
175394080
175392864
175391552
175390368
175388480
175389792
175389824
175387296
175385088
175384032
175389376
175394816
175392352
175389280
175387648
175383840
175386208
175386112
175390240
175384192
175381056
175378816
175377600
175386688
175388736
175388320
175386496
175387552
175385216
175381536
175380896
175381568
175385696
175384256
175386144
175390016
175388672
175386112
175385792
175386112
175383360
175383424
175381536
175381728
175379808
175380832
175381248
175380032
175382432
175376256
175373696
175374720
175370592
175368864
175377408
175375904
175372032
175372096
175373600
175376096
175377664
175376352
175380096
175375456
175369248
175367840
175369664
175370368
175366784
175361472
175359104
175360608
175364192
175362688
175363680
175360576
175359904
175370208
175375456
175370400
175368928
175374688
175377536
175379264
175377952
175378048
175386592
175388800
175395584
175400256
175399456
175407744
175416736
175414624
175415680
175426880
175425888
175429216
175432608
175437728
175444224
175454240
175464064
175466976
175468576
175470784
175472800
175482560
175485952
175478592
175481824
175487328
175490400
175488992
175490368
175489504
175488608
175492000
175496992
175495520
175490080
175492928
175489184
175487680
175489536
175488128
175489056
175483648
175482272
175474784
175469696
175467360
175467136
175471552
175473408
175476480
175479392
175473216
175470976
175468992
175472192
175475712
175476512
175474080
175471872
175470720
175473056
175472000
175474208
175473376
175472224
175469664
175475040
175480512
175480768
175473376
175466784
175467264
175477568
175481536
175478272
175482272
175483296
175483168
175487360
175487520
175483552
175482592
175489792
175488576
175486368
175488032
175485216
175485696
175487328
175487584
175483584
175480800
175479616
175479552
175474880
175470400
175472128
175470368
175468512
175467200
175465024
175460896
175466080
175474016
175469600
175466528
175476224
175476416
175475968
175478720
175479136
175474720
175467360
175468416
175473248
175475840
175469664
175470944
175470816
175469600
175474944
175473952
175471904
175470144
175468864
175472576
175472608
175474336
175467136
175464672
175467200
175468704
175465568
175467296
175466784
175471008
175475584
175475680
175477504
175476832
175476480
175474624
175470656
175469952
175464768
175459936
175458656
175467840
175471072
175465504
175470272
175473728
175465664
175459392
175459616
175460224
175461760
175455872
175459616
175466496
175471104
175472384
175471104
175469920
175464928
175460672
175463648
175468800
175468896
175468928
175471200
175476928
175476544
175473664
175477568
175474048
175476992
175475712
175479904
175478304
175471712
175476320
175477216
175466944
175470432
175470400
175472960
175475424
175468416
175465664
175466784
175465312
175466880
175467552
175464096
175458400
175457248
175452000
175458816
175455648
175451680
175451584
175452192
175453600
175455968
175454176
175446816
175440320
175441728
175450560
175450752
175447136
175446560
175440000
175437920
175444064
175449248
175439744
175434592
175436064
175429728
175430400
175435552
175431360
175425824
175429248
175437024
175436768
175434048
175428512
175425216
175422432
175422336
175422272
175423264
175425952
175421088
175414720
175418944
175418784
175417280
175423008
175424608
175418592
175423136
175429696
175426144
175429088
175428576
175431904
175428224
175429376
175437024
175430112
175427968
175433376
175435296
175432256
175432096
175431712
175436544
175437344
175439488
175435744
175433184
175433984
175439392
175440320
175437536
175435040
175427392
175427648
175431424
175432032
175429152
175422720
175421088
175419712
175420960
175418784
175414624
175414432
175421824
175419904
175415040
175415456
175417152
175418400
175420768
175414816
175418464
175418560
175419936
175423936
175422240
175426368
175426304
175424864
175417024
175413664
175417376
175421248
175425024
175425120
175420512
175420864
175413504
175414048
175417184
175416896
175415520
175415712
175415488
175422656
175425696
175417152
175413568
175416576
175419968
175426368
175425376
175420544
175421280
175423168
175422080
175425824
175428256
175426400
175425600
175430688
175426816
175420000
175416672
175419200
175420576
175419360
175421184
175420576
175416832
175419520
175426432
175427552
175423840
175417504
175416000
175416384
175421184
175421120
175411904
175411200
175410336
175417344
175415776
175411168
175409056
175409248
175408064
175404544
175404128
175402144
175406848
175408256
175403360
175402176
175403872
175408128
175409216
175409408
175406880
175406752
175404384
175406368
175408640
175397856
175399520
175408000
175411584
175404960
175401376
175395776
175394528
175400224
175403680
175406432
175410592
175409280
175407168
175405632
175405600
175405344
175404416
175404928
175405184
175403872
175399168
175398144
175404000
175403296
175404000
175406208
175401312
175397440
175391360
175385952
175385216
175379168
175381536
175385216
175385184
175381984
175377056
175373984
175371744
175370016
175368448
175372096
175371968
175371616
175368224
175370816
175377888
175380448
175380064
175376448
175372032
175385536
175383808
175379648
175387392
175392768
175389248
175391264
175400032
175407488
175412608
175416160
175416736
175423904
175431232
175429984
175432128
175434080
175429344
175423904
175427616
175429056
175435776
175446432
175450208
175446528
175446528
175457728
175456864
175454112
175449376
175443712
175444096
175444000
175438912
175439936
175448384
175451712
175448992
175445440
175445792
175451488
175448544
175446688
175443904
175444352
175443616
175442176
175445344
175448800
175448000
175441792
175440672
175439328
175438656
175437408
175439200
175438624
175438048
175437216
175438528
175439488
175434144
175427616
175424896
175421824
175423488
175424096
175431552
175436416
175437824
175431392
175431104
175435264
175429216
175427392
175425152
175416288
175418592
175422368
175425344
175426080
175425056
175426112
175424320
175422048
175415680
175414176
175417440
175419072
175421312
175430432
175431136
175424128
175420544
175425152
175425696
175428160
175430112
175425568
175424096
175423936
175425792
175426080
175423168
175420576
175410656
175410304
175414080
175411296
175413408
175411904
175405920
175406144
175416352
175418016
175411072
175406880
175410816
175414464
175409984
175403552
175400512
175399808
175400960
175403072
175405568
175403200
175400800
175397088
175399648
175399392
175399456
175406112
175408320
175404000
175407488
175403520
175402048
175399488
175396032
175397248
175396576
175397952
175398912
175403424
175403328
175404000
175407904
175410080
175412096
175408320
175409152
175409312
175410720
175410272
175409600
175409728
175414144
175422528
175426080
175422624
175425472
175424384
175422816
175417888
175414848
175425600
175431040
175428896
175423584
175418368
175414432
175411712
175412800
175416160
175414336
175410880
175411200
175408608
175405728
175406560
175411264
175411136
175411392
175410624
175412192
175413984
175405056
175401472
175404096
175401568
175406016
175411808
175412352
175409472
175406208
175405888
175406592
175404064
175401440
175406240
175402464
175400928
175406304
175405792
175405184
175404704
175398560
175394464
175395136
175395968
175396800
175392576
175397632
175400256
175399424
175397792
175397888
175399936
175396416
175393696
175392608
175395264
175393376
175389312
175383584
175384608
175384320
175383616
175384896
175387232
175386112
175385312
175385472
175386336
175380320
175378432
175375328
175375488
175378560
175372224
175371072
175370528
175376160
175374816
175374592
175374112
175375424
175378976
175379936
175372224
175372928
175378144
175376672
175375456
175373344
175373216
175375232
175371680
175375008
175367776
175364000
175368480
175370720
175369280
175370240
175371616
175372384
175362816
175358912
175360512
175357024
175357824
175363264
175365088
175364096
175362144
175357920
175356416
175361824
175359008
175359648
175359520
175355168
175355072
175351456
175344352
175344128
175343232
175343104
175344896
175348096
175346720
175343552
175345184
175347136
175349440
175347712
175341280
175339808
175336864
175336352
175339232
175343040
175347008
175346976
175347840
175351744
175354304
175352864
175345472
175342240
175342656
175344864
175344480
175347968
175342592
175345344
175345408
175344576
175341440
175340448
175339520
175341536
175343904
175352704
175356032
175345888
175342720
175340800
175345696
175347712
175345984
175345408
175344128
175343808
175342592
175339264
175341312
175334400
175333312
175335776
175333440
175330304
175325632
175327424
175331040
175329408
175324640
175322048
175318272
175320384
175319360
175315712
175313216
175308128
175312928
175310976
175305216
175302528
175308128
175312896
175310176
175305696
175300160
175303616
175303904
175302176
175298048
175295968
175298336
175300384
175299296
175293664
175291936
175291200
175295008
175301504
175305184
175305504
175308480
175316640
175320128
175316512
175312384
175305568
175306048
175310752
175310720
175314208
175313888
175309088
175306272
175312864
175307040
175305984
175305216
175301824
175304384
175306976
175316352
175317632
175315488
175313920
175317056
175322688
175324480
175327168
175325920
175326528
175330528
175336064
175337248
175334912
175333472
175340256
175344896
175347328
175352416
175358112
175361280
175357664
175366848
175372288
175371104
175374208
175373824
175377184
175382720
175385728
175392192
175392864
175392416
175391520
175391424
175394592
175398560
175399968
175399744
175402368
175409792
175412480
175413440
175409792
175406144
175403936
175404512
175404672
175405568
175405856
175406336
175408192
175408768
175404544
175404736
175395968
175389760
175392448
175386368
175387072
175386752
175390432
175397760
175392320
175387328
175391264
175389472
175385696
175389632
175387200
175383424
175378016
175379232
175379712
175384704
175382656
175384352
175386016
175390048
175387968
175382784
175381184
175381920
175381760
175379008
175388128
175387136
175382560
175379584
175370176
175370272
175373952
175374816
175375552
175375008
175383296
175387520
175380896
175373504
175374560
175380384
175378400
175375040
175376160
175376640
175379008
175383680
175377824
175370304
175368832
175368160
175365664
175365504
175369312
175369024
175365760
175370720
175375104
175372544
175369056
175368576
175367008
175363904
175362688
175354592
175345312
175350048
175354496
175358656
175357632
175356864
175355808
175350720
175348320
175352128
175347712
175342080
175340256
175342656
175345024
175340768
175341984
175343648
175348512
175349728
175350752
175353248
175348960
175344704
175346400
175348064
175349888
175344576
175340832
175335808
175328192
175330912
175337760
175343392
175345056
175338048
175336992
175341568
175342176
175338336
175341504
175343808
175340224
175333568
175335072
175340256
175341088
175342304
175340448
175340288
175337536
175330592
175332032
175333024
175335776
175338144
175341440
175344928
175345216
175345792
175347232
175345888
175345024
175345472
175350368
175353280
175357984
175354176
175349120
175345120
175348480
175347264
175346112
175343744
175344480
175342144
175346336
175348672
175347488
175341952
175337216
175333696
175331200
175329696
175328032
175326496
175330048
175330464
175329536
175328224
175329792
175323776
175321376
175321920
175324704
175320448
175312768
175318976
175322112
175321856
175317120
175315808
175317184
175319776
175317504
175316800
175313664
175305472
175302656
175306304
175302592
175308736
175317152
175321856
175316896
175310464
175309696
175306368
175311232
175316736
175309856
175310656
175314144
175310656
175309056
175313344
175317792
175316832
175315008
175316640
175322240
175315840
175312384
175314144
175313440
175315040
175313824
175311360
175313824
175314464
175307680
175309888
175309824
175306176
175305248
175310720
175312448
175306336
175308480
175310336
175308704
175304576
175305152
175307392
175307744
175305024
175306112
175304000
175299488
175298816
175301024
175298976
175291296
175291040
175296128
175298784
175299712
175299648
175296704
175300032
175299552
175302528
175307488
175300256
175292864
175289472
175294816
175296864
175294816
175293216
175291360
175293408
175295104
175293056
175297216
175298272
175298016
175291456
175298752
175299968
175300480
175304896
175302880
175299680
175305728
175304704
175299488
175306176
175303520
175299424
175305696
175303904
175298976
175303072
175306176
175302656
175298208
175292512
175298880
175301120
175298848
175300064
175302592
175299968
175297856
175296512
175297344
175295072
175297696
175295168
175291104
175292224
175289792
175287200
175288288
175288416
175290112
175290944
175293696
175286048
175283328
175290528
175288000
175285312
175282496
175286176
175279904
175275360
175280384
175275136
175269600
175268640
175271904
175274560
175276000
175274944
175275744
175271744
175268576
175276640
175284896
175282912
175273728
175271040
175273344
175271744
175269920
175269792
175272416
175275840
175282208
175279776
175274752
175274048
175270368
175270624
175275456
175271008
175271808
175272352
175268832
175267712
175268384
175271488
175275680
175276704
175273312
175270400
175267872
175268128
175268736
175274400
175273696
175272736
175272640
175277632
175280896
175281600
175284384
175287008
175282336
175280672
175288608
175296448
175303776
175304384
175302048
175306528
175317088
175319392
175317536
175322912
175322112
175326432
175338976
175340064
175344896
175348608
175352512
175360000
175360320
175358016
175355552
175351648
175355072
175361600
175361856
175363264
175362560
175355488
175355200
175364064
175367712
175369344
175372032
175371264
175376736
175382016
175376032
175376096
175374816
175370592
175369696
175369248
175376224
175380320
175380000
175379520
175372384
175365888
175370688
175375104
175379008
175378176
175379648
175377088
175377088
175377024
175377824
175375520
175377056
175370336
175369568
175368608
175368320
175372512
175368832
175372832
175374176
175371648
175373824
175382688
175381376
175380352
175380608
175377920
175377760
175376576
175374080
175373216
175373440
175381376
175382976
175387168
175381856
175379008
175382304
175385408
175383968
175388864
175392288
175393664
175392384
175390560
175392032
175387904
175389856
175392928
175396416
175398560
175398976
175395520
175393856
175397216
175399520
175401184
175403296
175405792
175403264
175403008
175405760
175406784
175404352
175407104
175409408
175408704
175400640
175394720
175396288
175404864
175406432
175403488
175390144
175388192
175387296
175384032
175390208
175389824
175386656
175380576
175379136
175383904
175383168
175383776
175383808
175382592
175381856
175377920
175375520
175374848
175377152
175377536
175379424
175382880
175377248
175372704
175371584
175372832
175376672
175377344
175382816
175383584
175384800
175385984
175389056
175395776
175400384
175401824
175398816
175397312
175395840
175403968
175401024
175400832
175405344
175404160
175400288
175390208
175391072
175399040
175391616
175387232
175391744
175390368
175383584
175384832
175384672
175380992
175379168
175377184
175378848
175382176
175384960
175380704
175377664
175373920
175374016
175380352
175381312
175378720
175376800
175375584
175375104
175374464
175373696
175376288
175380768
175380352
175379232
175370176
175369696
175370976
175373472
175371776
175377728
175376288
175373952
175377856
175375968
175373888
175377024
175378432
175375904
175375776
175378048
175376000
175370336
175370784
175375488
175375008
175372960
175375552
175372736
175374432
175377056
175370528
175372640
175372032
175370112
175366112
175367008
175369824
175365152
175356896
175355104
175362432
175366944
175359648
175352832
175355488
175355840
175354784
175358624
175364256
175361952
175357280
175362528
175361440
175359072
175362176
175361216
175354944
175353536
175362080
175370720
175358304
175349280
175354048
175348768
175353312
175357472
175358368
175353952
175352640
175355008
175354528
175353600
175348832
175348448
175344480
175342496
175341120
175346048
175350848
175350336
175355904
175358624
175356768
175353504
175349152
175345664
175344992
175343936
175352352
175349120
175341024
175340160
175347488
175351712
175345536
175344832
175342400
175340704
175341632
175347648
175349024
175349344
175350144
175349280
175345344
175346144
175349472
175350368
175349376
175346144
175344224
175341984
175344768
175347264
175347808
175344352
175340992
175340800
175343712
175342784
175352480
175356192
175351776
175344640
175342400
175346496
175349120
175346592
175342496
175337120
175334720
175337280
175341760
175345920
175340416
175335232
175327680
175324512
175331392
175329984
175325632
175328864
175333120
175334464
175329408
175329408
175325856
175321568
175319296
175324736
175329184
175331584
175327520
175326304
175321344
175322272
175326848
175328256
175328992
175325536
175325472
175324288
175318304
175319968
175326080
175323936
175320864
175315584
175318656
175318816
175312512
175312992
175321568
175326656
175325760
175324192
175323456
175319328
175322912
175328032
175326304
175320480
175319936
175320768
175318464
175321440
175323648
175323360
175324096
175324480
175318944
175316832
175322528
175317600
175319840
175319008
175315200
175315936
175318656
175321024
175319136
175315840
175315968
175318368
175321120
175321888
175321728
175319776
175320192
175320224
175321728
175324160
175324640
175325920
175325600
175329280
175333856
175339456
175345088
175348192
175346240
175337472
175342368
175352832
175354304
175356960
175364896
175366688
175371488
175375552
175374272
175380864
175381920
175380448
175382976
175386816
175388320
175388992
175393792
175395936
175393856
175390848
175397696
175402560
175402592
175406624
175411264
175406816
175404160
175405216
175404512
175401536
175408480
175414816
175416192
175416736
175417760
175413184
175412096
175414528
175415808
175408384
175402080
175404768
175405440
175406816
175404960
175408096
175411072
175414560
175418048
175414560
175413152
175411936
175412896
175409248
175405344
175400672
175390656
175391904
175396224
175397248
175396928
175394208
175390880
175388672
175384608
175380640
175387072
175388928
175391904
175391456
175388672
175389888
175386752
175383136
175385152
175388704
175385056
175383040
175382912
175381344
175378880
175378400
175378272
175381280
175382592
175380480
175382144
175388032
175387392
175384384
175381952
175380192
175377120
175385952
175387680
175387776
175388064
175383648
175382016
175380160
175377792
175374656
175376000
175380736
175381600
175375648
175374176
175372576
175373568
175370592
175366560
175367776
175371520
175368384
175370176
175370240
175374944
175377792
175375648
175369600
175370144
175372864
175372384
175366848
175365376
175366752
175362496
175356896
175354400
175356928
175363776
175366848
175365152
175361760
175361312
175362944
175358848
175360096
175364608
175371008
175367232
175366400
175367040
175367584
175369824
175375520
175373056
175370112
175364096
175359232
175358496
175361440
175367072
175364992
175362784
175362560
175366304
175372896
175373024
175380800
175378080
175372832
175369024
175365088
175361952
175370112
175375424
175371424
175370144
175364512
175358144
175362176
175367168
175362752
175362176
175368576
175371200
175364704
175363584
175364320
175358112
175356384
175353344
175352768
175358112
175357408
175357312
175355584
175359104
175356416
175355712
175354048
175353504
175356576
175355744
175357248
175357984
175363360
175364160
175357472
175352128
175356256
175361024
175361728
175360352
175355488
175359552
175365248
175365120
175361056
175352960
175347328
175347360
175350528
175354784
175351136
175350048
175345952
175337536
175337568
175337152
175339808
175336064
175334528
175333792
175332320
175335264
175332576
175328512
175331520
175334688
175329152
175325824
175329888
175333440
175331392
175330816
175337024
175337120
175335136
175331360
175327200
175324416
175328384
175333024
175329216
175327200
175326880
175327776
175332032
175330080
175327872
175325792
175327648
175330496
175329856
175329248
175328928
175330496
175326336
175324576
175322528
175324352
175323552
175324480
175322176
175320032
175317344
175318240
175320640
175316224
175317728
175323360
175319008
175317856
175316608
175316032
175315008
175313056
175314976
175316096
175312800
175310656
175308512
175302528
175304800
175307008
175309248
175315808
175316256
175311424
175309504
175309184
175315744
175308192
175308768
175313056
175304096
175301344
175306400
175312576
175311936
175305824
175306016
175309408
175307488
175303456
175301024
175302304
175306016
175307136
175311328
175313056
175305472
175305856
175312800
175313504
175313856
175318816
175315776
175314752
175314528
175309536
175309984
175313088
175315296
175312288
175313760
175310368
175312096
175316512
175310496
175302624
175298432
175299936
175301536
175300032
175302112
175301248
175293984
175289408
175290240
175289088
175288384
175282592
175281088
175285056
175287840
175288864
175288672
175285056
175281728
175277824
175283776
175289312
175285472
175287456
175287488
175283200
175282080
175283264
175285120
175288960
175292160
175294272
175298272
175294592
175290496
175287872
175285312
175287968
175288256
175285088
175288064
175290528
175293440
175295488
175296544
175294208
175301472
175302656
175302016
175306496
175314208
175323520
175324224
175321632
175324800
175325856
175321312
175325568
175332832
175330528
175337504
175335840
175343936
175346976
175346336
175349312
175350016
175353184
175364192
175377088
175379904
175377760
175379456
175379200
175376544
175380800
175387712
175389344
175393728
175396576
175395872
175399072
175397184
175394304
175392224
175393024
175390464
175385792
175383488
175382176
175377664
175378688
175381056
175376608
175376000
175383008
175385920
175377408
175372160
175372896
175374368
175368320
175372128
175373440
175371872
175369536
175367648
175367872
175363296
175360480
175361408
175360352
175363360
175365344
175366304
175365824
175361376
175361696
175361312
175365536
175367776
175366912
175369920
175365632
175362944
175364288
175364480
175360928
175361344
175360704
175364672
175363360
175362368
175362336
175365344
175361248
175360640
175360384
175363392
175364192
175360800
175365408
175364992
175363840
175358784
175349696
175349504
175350912
175347840
175346400
175339840
175337344
175341312
175343520
175337888
175341056
175346688
175345856
175347616
175340928
175347552
175347456
175341056
175334112
175331488
175335200
175337888
175329632
175328704
175323968
175332448
175340448
175343840
175338368
175327168
175325248
175326976
175332192
175327936
175329184
175328416
175332608
175330880
175330496
