10
141892896 162646560
141894976 162649632
141891584 162642656
141885056 162635168
141885440 162627456
141885376 162618464
141879584 162616288
141882624 162618880
141890592 162615616
141898880 162602912
141904768 162593376
141900096 162589440
141893152 162582144
141882048 162569216
141862176 162556832
141853216 162547200
141862176 162548736
141871872 162542432
141888512 162542240
141902912 162534720
141910240 162525792
141906208 162518784
141899776 162514688
141886880 162503936
141856736 162502432
141847616 162494976
141857312 162488544
141876320 162489248
141897504 162485728
141912384 162481216
141914144 162480960
141906016 162477728
141895872 162469344
141879520 162457376
141862560 162451840
141865056 162441088
141875616 162431136
141890752 162426336
141910336 162423840
141921056 162417632
141917856 162403904
141900224 162387168
141882048 162376576
141859488 162367232
141840288 162359424
141847648 162347648
141860160 162335744
141874720 162324416
141883680 162312480
141887744 162301984
141887552 162292704
141878368 162285440
141865696 162276928
141845472 162255264
141827296 162244768
141831904 162231392
141862144 162218784
141893664 162209312
141901824 162196992
141897376 162181184
141880768 162166688
141867296 162150432
141856864 162136160
141831328 162123552
141826208 162109472
141836448 162099360
141851264 162087520
141867008 162069952
141882432 162059936
141882688 162057120
141866848 162046048
141856448 162031968
141849248 162019520
141831488 162005152
141823424 161986944
141832768 161977056
141864192 161967264
141894336 161961888
141913792 161955392
141922912 161946496
141919808 161941472
141908544 161932416
141895232 161924480
141880416 161920576
141880256 161917152
141894464 161910304
141906304 161899488
141915584 161894304
141919392 161889568
141915648 161887552
141906144 161880736
141898528 161871968
141886144 161866112
141884512 161865312
141898560 161856384
141913344 161855872
141928256 161852384
141933728 161845280
141934944 161840032
141927648 161837952
141919136 161835200
141902144 161832672
141882048 161830176
141872672 161830048
141876128 161823840
141883904 161808800
141885568 161802752
141889824 161802432
141888736 161798016
141872960 161792960
141870208 161794848
141859808 161790880
141837408 161783456
141835808 161783328
141849408 161776096
141866976 161777376
141879040 161778208
141884640 161768672
141888448 161767008
141880960 161762848
141872320 161761728
141859360 161755680
141848960 161751104
141852864 161745024
141864224 161740896
141877184 161741472
141883072 161739456
141889376 161730656
141879360 161717696
141866432 161706432
141861792 161701184
141848384 161696672
141834592 161690752
141840192 161685248
141854432 161687488
141869728 161690624
141872192 161688928
141875456 161682336
141875808 161671584
141867072 161665024
141857280 161666752
141844032 161664928
141839840 161660640
141849216 161665056
141862016 161664160
141873696 161652416
141874656 161643968
141872416 161645856
141869920 161643328
141866528 161637312
141860992 161634400
141852704 161637376
141851616 161634976
141861152 161634176
141879168 161630432
141891200 161625248
141895072 161625888
141893632 161628736
141891040 161632736
141891808 161633152
141882304 161632832
141869696 161628480
141865376 161629056
141872704 161631712
141886976 161633760
141897856 161632480
141901120 161624224
141902848 161620160
141896928 161612320
141884192 161607744
141869440 161608928
141859808 161609760
141864480 161611264
141877376 161608800
141899968 161602272
141909536 161600128
141911040 161594496
141904736 161591744
141895776 161588448
141889088 161580960
141879136 161571520
141865856 161566944
141869824 161568736
141883744 161572864
141893632 161562752
141898304 161561440
141897600 161560640
141887904 161555328
141876864 161552928
141864096 161557312
141851040 161559808
141852352 161557120
141864448 161551520
141882912 161557344
141895328 161560192
141904864 161557984
141904512 161551456
141903680 161556320
141910912 161562176
141900096 161558368
141878848 161550528
141876544 161554304
141886816 161556416
141899008 161558464
141904480 161562464
141899936 161563008
141896704 161562208
141885472 161562944
141882432 161560512
141876032 161560544
141866816 161563680
141867424 161563488
141876416 161564032
141888032 161567680
141894688 161564224
141905536 161561408
141907776 161559264
141888064 161551136
141879904 161552928
141868256 161550816
141860128 161547872
141865888 161547360
141878080 161547936
141889216 161543264
141892288 161541312
141897056 161550368
141892224 161551904
141885184 161542720
141876384 161545216
141855072 161549888
141846176 161555904
141848992 161558720
141865696 161559232
141877312 161560928
141883712 161565920
141892832 161567776
141889056 161565024
141877216 161564928
141863328 161560128
141844160 161552960
141842784 161559104
141854080 161569344
141867680 161572448
141878912 161576928
141887488 161578240
141892192 161577536
141885568 161573984
141882560 161577312
141873184 161576640
141857728 161574112
141846432 161577536
141861728 161585248
141877792 161591264
141886240 161587808
141894368 161588128
141888896 161584512
141881920 161585056
141876768 161592896
141866816 161598176
141855168 161600064
141862624 161603680
141876800 161614592
141891776 161619744
141898592 161613312
141901376 161614240
141896992 161623840
141890688 161624032
141879488 161624704
141855808 161623456
141848576 161622976
141854240 161626848
141871456 161627968
141890944 161628608
141899072 161631328
141897408 161636096
141897888 161637440
141889792 161636320
141878656 161635104
141860224 161633088
141858496 161635168
141872224 161643808
141883520 161645856
141894240 161638528
141893472 161634176
141895680 161635904
141887040 161639072
141875328 161639808
141867904 161641280
141852928 161641728
141845792 161636224
141855072 161638112
141873472 161642432
141885504 161641888
141892128 161642272
141889504 161641344
141887584 161639744
141884672 161645952
141869632 161646048
141851296 161647136
141852544 161645120
141866272 161645088
141882720 161651712
141891264 161661376
141893728 161659424
141893184 161662976
141891872 161665696
141880288 161666336
141856512 161663136
141845088 161664448
141852768 161675456
141867776 161677248
141884640 161675232
141898720 161685920
141904864 161694816
141897088 161698272
141891136 161698464
141882976 161697728
141863200 161695072
141857600 161697792
141864608 161706720
141881472 161711776
141891328 161715008
141896768 161712832
141897312 161708288
141888896 161709696
141883360 161711520
141872448 161712320
141849760 161713792
141853568 161711520
141864576 161708832
141880704 161709760
141890912 161712448
141898944 161715424
141899744 161717056
141900864 161723232
141890656 161717344
141868160 161709856
141846528 161709344
141848256 161714816
141864864 161716576
141879904 161719136
141889376 161715968
141895232 161707872
141886976 161701664
141876192 161698688
141869440 161699008
141858624 161698496
141853120 161696768
141859584 161696224
141869568 161692192
141879168 161687296
141883488 161686656
141885600 161677152
141882912 161670848
141880256 161673696
141873024 161668736
141856544 161659200
141848448 161654208
141855040 161655296
141873344 161651072
141877888 161640448
141883168 161636160
141888160 161624896
141885984 161611840
141881696 161612256
141872224 161616896
141853824 161608960
141843360 161601216
141856256 161598720
141875904 161593728
141886688 161595616
141889824 161593472
141895040 161589088
141890176 161582272
141882176 161569792
141866592 161563584
141848352 161561312
141845952 161554272
141858240 161548256
141876064 161546144
141886080 161542784
141888672 161541216
141885888 161534592
141880384 161529504
141870880 161517088
141851136 161506688
141842912 161503488
141857408 161502144
141871744 161503552
141879808 161502624
141887424 161495712
141893088 161493728
141890496 161491072
141883200 161485216
141875232 161489760
141857120 161482272
141848352 161474112
141858400 161470976
141878752 161470112
141892576 161467008
141894848 161462784
141892576 161457024
141889440 161451168
141884896 161442464
141873376 161434560
141857376 161428128
141856320 161423712
141862912 161419296
141873664 161422432
141884672 161420096
141894144 161419552
141897632 161414912
141893664 161406560
141885728 161395392
141869792 161384320
141861088 161380064
141863776 161380320
141868416 161380864
141873024 161377504
141883488 161374848
141897728 161371200
141903136 161370368
141898880 161368352
141890496 161364640
141874912 161355968
141857312 161346240
141854048 161343616
141866560 161344224
141888032 161343360
141900672 161351136
141907008 161352224
141908288 161346336
141895648 161345472
141883680 161340448
141869856 161333664
141859936 161336704
141861696 161338176
141879072 161342304
141891552 161347616
141896992 161352608
141902944 161350720
141902208 161348640
141900704 161346880
141888384 161353024
141865568 161354688
141856640 161353952
141868064 161357312
141883808 161358432
141894272 161360768
141894752 161357888
141894432 161356288
141889120 161361920
141884064 161369024
141875712 161363808
141868224 161357920
141867712 161365792
141870272 161371872
141882368 161369728
141896800 161367680
141903488 161367584
141900768 161368896
141892384 161364704
141887712 161358592
141875040 161356896
141863104 161354400
141868832 161359360
141882176 161360160
141893568 161354944
141895136 161354400
141901504 161355680
141905824 161353280
141898592 161348800
141887072 161346368
141875904 161345344
141867488 161340096
141873408 161336608
141879520 161335008
141885920 161329600
141889024 161325664
141887520 161324896
141883456 161325120
141882144 161315008
141884064 161311424
141869632 161319808
141858720 161316896
141863296 161310880
141876000 161307776
141889376 161307968
141897088 161306432
141897792 161303808
141890528 161296544
141882176 161289184
141872480 161288416
141853120 161293536
141853216 161290656
141864256 161286144
141877280 161280416
141890848 161277408
141896832 161281536
141894944 161280256
141887776 161276864
141881504 161271584
141871008 161268096
141855104 161260448
141858208 161257440
141866112 161253184
141876960 161257536
141890432 161257920
141892256 161252672
141888064 161252928
141885472 161252832
141876128 161245760
141860960 161236800
141847488 161232224
141851936 161231680
141867296 161234368
141882944 161228736
141888960 161225024
141888352 161218336
141879488 161215552
141871584 161205440
141863808 161201664
141849152 161195072
141846848 161190304
141862880 161192640
141877280 161187904
141884224 161179520
141885664 161169088
141885440 161159968
141880320 161160352
141878528 161158048
141866112 161146272
141851584 161139456
141846080 161135552
141863584 161136032
141874144 161133408
141875296 161127936
141881728 161116960
141881504 161108704
141879360 161102272
141874496 161086176
141861952 161077632
141847968 161076544
141855328 161070496
141863552 161060736
141871680 161054112
141879872 161051328
141886464 161049984
141886048 161041888
141879520 161037696
141868928 161028832
141853024 161028128
141838720 161018784
141843712 161013504
141862016 161008832
141872640 161003872
141874624 161002688
141877984 160994112
141873120 160989984
141869696 160993408
141869440 160991744
141856576 160980416
141847744 160974784
141852416 160978624
141862592 160978720
141873248 160976672
141876160 160969664
141875776 160960480
141870976 160950880
141873408 160949344
141863360 160953280
141842720 160947392
141845408 160944928
141860672 160948320
141878304 160944416
141885472 160939904
141889504 160936320
141889728 160932512
141878176 160923680
141872864 160918944
141864608 160916160
141847296 160909760
141852416 160911904
141866144 160913856
141881472 160916288
141888192 160916448
141892064 160905152
141888640 160897760
141881408 160896768
141875840 160895264
141855072 160896224
141843360 160889216
141847936 160886304
141862752 160883424
141879776 160885184
141880992 160883424
141886144 160881376
141880768 160878336
141873280 160875808
141868320 160880800
141849728 160881472
141840736 160881728
141851936 160890080
141868448 160891584
141881920 160899168
141886848 160898816
141888800 160893440
141882784 160895936
141874016 160892416
141861632 160893984
141847904 160898560
141845888 160894208
141854144 160895040
141870080 160899872
141877344 160902560
141885600 160898560
141886080 160900576
141878848 160903552
141875232 160900640
141866752 160897984
141848160 160893760
141843584 160895040
141860128 160887712
141872096 160881472
141876608 160878368
141889856 160885504
141887168 160877824
141881600 160870752
141875456 160865376
141855744 160864832
141844864 160863712
141848832 160861024
141863296 160855936
141874016 160850080
141875392 160850496
141873376 160847392
141874272 160844320
141870240 160845056
141859008 160839072
141841952 160834592
141838080 160832000
141846720 160823616
141857504 160823040
141867488 160815840
141871328 160810784
141878016 160815392
141880320 160815264
141876800 160812608
141865152 160804576
141849632 160797024
141840672 160793696
141850336 160792992
141864832 160794400
141880800 160789824
141890496 160788608
141891872 160780800
141891968 160779168
141886368 160778496
141869920 160768928
141850368 160760128
141852224 160756032
141866464 160758656
141883808 160758080
141887808 160758720
141889952 160750176
141897632 160738368
141884672 160728960
141874624 160725824
141857856 160720736
141843136 160713920
141848672 160708608
141864992 160709536
141883744 160706080
141891488 160708448
141889760 160706528
141883360 160698368
141883680 160695744
141875776 160695776
141853952 160691648
141848128 160685632
141854656 160676768
141866112 160673920
141880896 160674528
141892896 160675072
141899584 160671936
141888160 160666624
141881568 160669568
141878464 160669664
141861280 160667840
141858944 160664576
141868224 160670400
141881248 160667904
141886336 160663008
141890848 160667840
141891360 160670528
141884832 160667616
141875904 160667424
141870368 160675392
141858976 160677440
141858048 160681472
141865312 160685280
141880704 160687360
141894784 160693888
141898624 160689024
141894624 160686016
141891488 160690496
141882656 160692064
141870528 160692448
141852992 160693664
141854496 160691264
141864864 160688992
141884032 160694144
141891328 160694080
141897568 160698464
141896864 160702240
141891584 160706208
141881856 160703488
141862752 160699488
141848800 160699776
141852800 160701088
141877216 160707200
141892928 160711712
141894944 160711392
141894208 160709952
141891104 160708672
141888960 160706592
141878560 160706944
141860192 160710336
141854336 160712672
141860864 160713504
141873312 160718752
141880896 160713408
141889024 160710848
141899680 160708800
141896256 160707776
141886336 160708800
141870912 160705056
141853376 160710752
141849440 160711424
141860896 160709568
141885632 160715488
141902752 160721472
141903968 160726944
141903872 160723296
141896512 160722528
141887072 160724640
141869760 160724064
141852640 160729120
141855712 160733312
141867136 160732864
141877344 160726016
141888896 160726688
141899104 160732960
141897696 160730208
141886560 160723232
141877920 160720992
141863232 160727104
141848384 160728320
141850496 160731168
141869952 160736640
141890080 160743392
141899040 160742784
141898848 160742784
141895168 160743232
141890496 160740576
141886688 160746912
141870208 160743488
141858720 160744096
141864640 160751648
141876096 160750976
141884032 160744736
141885280 160745792
141892704 160751200
141891776 160752864
141891040 160752832
141888128 160748128
141875584 160743968
141864512 160748480
141866016 160746048
141873056 160743936
141880672 160746336
141888384 160747552
141893728 160748256
141889344 160748640
141883616 160743264
141870656 160735008
141850272 160726752
141847104 160725664
141853056 160724160
141866496 160726944
141880288 160730816
141883360 160729120
141883232 160728128
141880096 160720864
141872480 160713024
141865664 160707296
141854304 160708736
141850400 160711712
141855168 160718336
141866080 160723712
141872800 160716768
141878048 160714112
141875040 160714080
141872352 160711168
141871744 160712032
141866400 160710208
141862080 160708224
141858368 160708896
141859680 160707264
141857792 160706304
141854368 160706432
141858688 160708864
141863936 160704576
141869440 160705536
141875360 160706912
141874144 160706720
141874624 160708672
141876960 160712448
141877600 160714912
141878816 160717760
141879072 160720512
141879200 160716128
141876288 160716000
141875200 160719840
141873920 160716480
141872384 160716160
141870208 160718624
141868960 160715744
141872288 160719776
141870848 160726144
141871456 160729408
141873536 160721472
141871840 160716768
141868928 160715680
141867136 160712000
141871488 160704544
141870592 160697312
141872576 160694784
141876192 160698432
141867744 160689504
141864800 160685536
141871072 160687264
141876704 160683456
141875040 160681632
141878560 160676000
141881280 160665120
141879168 160663744
141876800 160662464
141876544 160665824
141878464 160670880
141881376 160664096
141878944 160653408
141874432 160647008
141879552 160641824
141880768 160634784
141874048 160633696
141877056 160629888
141873952 160623904
141872032 160623456
141875616 160614560
141877504 160608000
141877056 160604576
141881472 160599168
141877024 160595072
141873984 160595264
141875776 160588480
141881536 160586848
141878720 160592096
141885056 160590112
141881280 160587200
141880000 160580448
141882208 160573376
141879648 160566176
141878048 160563680
141883648 160563200
141883520 160556064
141880832 160547840
141882208 160546272
141881760 160540864
141884736 160533024
141885024 160528448
141884736 160522656
141889728 160523584
141888128 160520288
141888832 160517920
141895264 160518368
141895488 160513248
141891296 160509120
141891424 160515488
141890624 160518784
141883264 160519264
141885408 160514080
141887680 160514944
141886720 160519872
141888704 160524448
141889344 160529664
141890432 160531392
141888000 160527200
141888448 160529696
141886720 160534336
141886496 160533888
141890048 160535520
141890400 160538656
141891488 160546528
141893856 160554144
141895360 160552544
141894784 160552288
141890880 160557024
141888128 160565376
141888288 160571232
141884320 160569024
141879968 160570752
141883872 160575264
141890400 160578592
141888896 160584288
141884960 160588704
141878304 160593120
141875040 160594176
141878720 160601728
141882720 160604672
141885344 160605184
141887168 160614368
141887008 160628096
141889184 160632448
141885184 160634880
141885792 160641792
141882240 160645408
141889056 160652800
141894208 160665888
141889984 160675648
141890528 160686624
141895488 160692800
141894752 160690496
141891040 160692448
141890368 160695648
141887168 160696352
141896544 160702848
141899552 160706080
141895136 160702720
141892736 160701280
141891808 160698496
141889696 160702304
141889152 160703872
141891168 160696576
141894176 160691040
141890944 160690592
141891904 160688896
141896704 160688512
141895904 160686464
141895776 160678976
141892480 160678912
141889536 160676896
141886880 160674208
141887296 160668576
141895008 160664896
141899168 160668800
141895936 160661920
141891840 160655840
141892064 160657760
141893824 160658976
141894240 160660960
141893568 160662304
141889760 160661920
141886752 160661536
141881408 160657376
141882304 160656768
141884032 160655200
141888224 160664320
141890400 160665280
141888768 160664960
141883616 160656704
141879072 160654752
141884352 160657664
141888768 160657216
141892896 160659840
141894016 160666656
141891168 160671168
141891168 160675712
141893152 160679104
141894816 160679488
141892576 160678176
141889120 160678656
141895712 160690144
141897600 160687392
141899552 160686496
141895488 160683392
141900576 160681408
141904160 160686144
141903264 160697536
141906176 160696448
141905440 160695456
141903712 160693920
141905728 160696416
141904512 160705280
141903552 160704512
141905312 160707264
141905216 160703008
141905344 160697568
141904544 160688192
141903328 160687040
141903488 160684768
141906720 160673632
141908384 160671968
141911488 160674848
141914432 160674176
141913728 160679968
141912896 160682624
141917760 160673024
141916384 160672064
141914336 160673280
141918752 160669952
141918784 160671040
141917984 160669088
141920896 160668384
141922208 160668992
141927680 160666400
141922208 160661600
141918144 160654464
141913632 160652992
141917024 160645664
141920672 160641472
141919520 160646560
141921344 160652448
141926208 160646912
141926944 160641536
141924832 160640192
141922048 160635520
141915872 160631008
141912832 160626976
141910304 160627392
141916832 160628960
141918368 160622848
141916416 160615136
141915616 160614400
141916736 160614720
141926144 160613280
141930240 160599168
141925152 160583360
141927360 160573504
141930880 160571840
141929600 160568704
141930688 160567584
141926592 160571200
141926016 160567968
141924640 160569248
141925408 160578496
141926112 160588032
141926496 160593088
141922688 160595808
141914848 160592384
141912288 160593920
141916096 160599424
141918912 160605248
141918240 160611008
141921184 160625888
141917600 160633056
141919200 160632512
141922688 160630784
141922016 160628256
141923904 160630976
141926144 160635296
141921376 160638848
141923840 160638176
141925344 160639584
141923424 160640352
141922496 160645888
141917600 160649568
141911776 160649440
141914400 160654336
141913376 160660384
141911328 160663520
141914336 160671360
141915648 160676352
141915872 160684608
141910368 160688864
141904896 160689280
141905600 160691264
141912288 160703168
141916768 160712096
141911712 160715488
141906112 160722592
141897664 160723552
141896128 160723712
141900416 160727360
141899264 160719136
141895968 160716288
141901856 160716128
141907552 160715456
141906240 160709344
141902976 160702848
141899744 160696416
141895808 160688256
141895424 160683552
141897888 160680608
141896480 160679136
141899904 160680320
141901216 160667776
141901600 160656256
141900896 160651872
141896928 160647488
141896128 160641536
141893024 160635968
141887584 160633376
141883552 160631232
141887136 160631360
141884736 160633312
141891776 160635680
141896288 160635296
141890944 160627296
141891744 160623776
141896576 160616448
141896736 160610592
141894304 160605952
141892640 160598272
141893760 160594944
141897344 160589504
141899232 160589312
141898624 160586016
141894240 160576288
141899616 160564768
141900064 160559936
141898208 160562112
141901792 160563488
141905952 160559040
141906432 160558304
141899872 160563552
141905408 160558816
141913056 160558816
141908032 160554752
141903424 160549536
141903552 160545952
141904224 160544192
141902144 160541632
141902560 160537056
141907360 160541632
141910016 160544320
141907520 160536000
141909472 160539040
141909600 160542944
141916192 160546176
141915680 160548320
141913600 160547648
141910976 160539712
141909856 160535616
141908192 160537696
141910208 160542624
141909920 160540032
141911744 160536768
141909632 160535360
141904608 160527744
141901056 160521984
141901056 160522816
141904064 160521600
141907968 160524384
141905344 160528320
141899840 160526656
141898496 160523808
141898336 160517408
141900448 160519616
141895680 160516864
141890720 160515392
141892064 160517632
141895968 160520320
141896736 160522560
141895584 160518528
141896608 160520000
141901216 160522880
141898272 160527712
141894400 160529088
141893760 160524320
141890528 160525056
141894464 160528480
141892000 160525760
141889792 160524736
141894784 160527168
141897088 160527008
141902688 160530464
141900160 160531200
141900992 160532064
141897728 160529472
141893952 160527712
141894368 160531296
141895200 160539424
141897920 160537216
141893664 160534112
141899392 160538272
141898400 160541248
141894496 160543520
141895968 160542592
141899616 160541280
141902304 160543040
141900992 160542976
141896288 160537312
141893600 160536448
141893888 160534976
141894560 160533024
141895776 160535712
141896480 160542656
141894784 160547104
141895296 160541632
141897824 160544224
141901024 160554240
141902528 160559296
141907168 160558656
141903136 160560960
141897696 160560064
141898240 160563232
141897344 160569984
141898688 160570304
141898656 160578240
141897728 160581600
141900608 160584544
141898336 160586336
141899776 160593184
141902880 160600736
141904768 160603264
141902272 160598400
141897760 160599424
141899872 160603008
141903456 160605312
141901280 160605120
141905376 160606656
141910144 160611104
141911296 160617120
141913792 160618976
141913504 160618592
141908704 160617888
141902464 160616896
141902368 160613184
141900320 160605888
141902464 160613376
141904224 160611968
141906048 160603296
141909024 160604736
141909536 160607040
141907968 160608288
141904128 160609664
141903936 160611904
141899776 160606656
141903104 160606976
141905344 160610304
141905088 160599296
141902592 160594400
141902368 160600192
141902752 160601056
141901984 160604928
141897632 160604544
141897472 160602336
141901600 160604480
141901888 160602912
141904544 160607360
141903872 160610816
141901984 160618848
141896160 160615360
141896640 160612896
141899456 160617888
141898208 160621984
141903360 160629952
141903328 160640224
141903392 160646976
141897728 160643584
141895264 160642848
141893472 160655616
141894496 160669280
141894912 160674624
141896800 160683296
141901952 160689824
141904480 160695136
141902912 160700608
141898816 160710176
141898880 160719552
141898144 160726240
141901920 160730432
141899072 160732128
141895136 160739488
141892864 160751200
141891392 160764768
141892096 160768384
141895968 160775584
141897696 160780288
141894944 160786656
141890304 160794208
141891904 160803328
141892800 160800416
141892928 160797632
141890496 160802720
141886912 160803840
141887680 160802400
141886176 160793440
141887104 160802080
141898688 160812640
141901888 160819296
141903424 160821664
141905600 160825920
141904000 160820672
141897664 160821280
141902560 160830144
141903040 160837792
141902080 160842080
141907392 160842464
141901664 160839872
141900800 160835136
141901408 160827520
141895968 160827296
141894816 160835264
141896608 160834208
141895424 160829472
141892928 160828160
141892832 160829184
141889760 160826688
141887968 160821568
141887808 160819936
141888256 160828640
141890720 160836544
141896128 160845728
141895648 160849024
141892192 160845216
141892672 160849664
141897536 160864512
141897696 160872768
141896448 160868768
141892000 160869376
141889984 160880960
141893152 160883904
141890144 160886560
141892576 160894272
141891392 160899200
141889504 160904928
141888256 160909216
141885696 160908608
141885824 160910336
141885024 160915424
141889632 160921952
141890304 160932192
141889984 160936224
141888544 160940480
141887904 160940672
141887776 160946752
141882976 160956032
141882912 160959008
141887808 160959520
141884640 160964192
141887200 160959296
141885664 160959808
141873696 160961056
141875520 160966208
141883936 160968064
141886688 160967040
141885408 160972640
141888288 160978016
141883072 160969120
141882688 160967872
141888384 160970720
141882592 160971776
141877568 160962080
141876256 160956736
141880992 160954464
141878560 160953216
141868640 160945920
141873696 160943520
141879296 160941088
141880160 160935680
141878624 160928992
141880896 160925024
141883808 160916736
141879104 160898688
141878688 160887232
141875264 160887968
141873088 160887360
141874048 160878624
141879296 160872096
141877504 160866208
141875392 160860256
141881088 160851872
141880224 160844128
141878880 160839808
141881184 160835040
141877248 160828832
141875904 160825568
141880928 160815872
141883904 160817440
141886208 160825760
141883712 160826176
141883360 160831168
141883744 160840960
141884576 160842880
141884704 160835616
141884704 160837856
141889664 160847968
141884928 160853152
141878592 160854816
141882784 160859872
141889024 160867456
141883680 160866144
141889696 160868256
141891488 160871488
141881312 160873120
141882560 160884672
141883520 160885632
141886528 160882688
141889568 160892064
141895104 160896832
141894080 160894624
141893856 160899456
141898752 160901728
141896224 160904320
141888672 160907520
141890496 160901632
141890848 160900192
141887360 160909760
141889376 160911552
141887616 160902688
141886240 160899072
141887776 160900000
141885120 160900864
141880672 160899840
141877568 160897376
141881344 160892000
141883872 160892224
141885952 160895808
141887936 160900736
141883488 160895232
141882016 160893504
141881504 160891616
141885344 160893984
141885248 160894656
141884096 160898592
141881952 160901888
141882752 160900416
141880768 160901824
141878656 160907008
141878880 160911552
141875392 160916608
141879264 160914432
141881120 160917856
141882400 160922816
141882176 160922816
141885888 160920000
141890112 160921856
141888256 160919936
141890112 160922592
141887520 160923168
141885760 160925568
141882176 160922304
141881856 160920384
141878944 160920320
141879200 160919840
141881472 160920448
141885312 160920736
141885600 160914368
141884960 160913504
141889664 160915072
141890400 160916576
141886560 160909568
141888896 160907328
141888768 160904960
141886720 160904800
141888160 160909376
141887520 160905600
141883680 160898656
141883552 160896960
141883904 160895456
141886208 160894176
141887168 160890880
141885792 160892544
141885664 160883776
141882880 160869984
141883136 160860320
141881472 160855968
141886464 160857728
141888448 160850400
141887200 160847264
141890176 160840320
141890880 160832960
141892320 160831936
141894496 160826624
141895872 160819904
141887360 160809120
141879552 160798624
141882112 160792000
141887328 160790816
141888352 160792384
141891328 160785024
141892576 160774464
141893600 160767616
141890368 160758368
141889696 160748960
141897536 160743392
141898144 160736512
141898656 160731168
141896992 160722912
141898944 160717376
141897504 160708992
141895008 160702208
141896192 160695424
141895552 160687584
141894688 160674272
141887968 160665824
141888320 160662336
141884256 160653344
141877984 160647200
141880192 160645536
141884544 160643872
141885760 160637952
141883936 160629760
141881728 160625376
141876736 160613088
141879424 160600128
141884288 160591872
141889536 160590720
141888256 160584640
141886496 160577664
141884256 160568192
141883808 160567360
141887552 160563040
141878688 160548096
141874880 160534816
141881632 160527104
141882112 160518912
141881184 160505728
141877472 160493440
141874816 160480608
141875008 160470528
141875424 160464256
141876192 160461792
141877632 160453888
141879968 160447072
141883904 160436448
141879552 160420384
141875616 160410656
141875776 160399424
141880128 160392128
141881824 160391040
141878208 160386496
141876512 160376704
141876608 160369664
141879840 160360480
141879136 160352128
141879712 160347584
141870912 160340224
141867232 160333216
141871552 160328480
141876160 160328192
141875008 160324224
141870240 160313984
141870048 160308352
141877248 160305216
141885600 160304768
141887232 160303584
141876928 160300800
141864704 160289344
141863008 160283872
141868896 160288064
141874336 160288992
141876000 160282432
141871712 160278272
141874656 160270624
141879968 160270016
141880992 160266368
141881152 160262848
141877888 160258560
141876800 160254592
141876096 160254368
141875616 160250208
141876352 160243360
141875744 160234368
141873088 160231328
141872608 160222144
141871936 160216480
141872736 160217376
141877856 160216896
141879648 160211008
141879424 160205792
141882304 160202272
141879488 160200128
141873376 160189216
141872928 160175552
141874208 160162368
141874944 160154784
141872640 160141568
141871488 160138368
141872128 160139872
141873728 160131616
141870080 160126272
141872704 160121376
141875904 160113664
141881184 160108992
141883264 160100352
141878144 160094144
141873728 160088064
141875424 160085568
141871680 160075296
141870912 160065152
141871936 160057728
141878880 160052896
141881536 160048704
141876416 160037088
141868000 160024768
141866848 160014496
141870880 160008192
141872288 160000896
141868192 159997728
141869280 160001312
141873280 159999264
141879584 160001600
141880384 160007296
141876000 160011328
141867136 160007488
141866016 159996608
141868608 160000672
141869792 160002816
141866464 160005280
141863008 160000480
141860832 159998752
141862176 159999008
141866240 160005504
141871456 160004672
141869632 159996384
141873888 159997088
141876672 159994912
141875904 159992544
141876608 159989312
141873056 159990528
141869952 159990336
141870400 159988992
141870784 159986432
141870976 159982720
141871808 159972704
141865952 159963296
141865376 159961216
141870752 159952512
141874784 159950944
141870784 159950016
141870112 159949152
141872448 159945728
141871072 159944832
141871776 159940448
141874016 159935712
141874240 159936512
141875488 159933856
141873344 159931136
141863264 159936640
141867488 159944448
141869344 159945664
141870304 159946112
141870976 159953472
141870784 159960352
141872448 159969024
141871616 159976032
141866432 159977984
141858080 159986400
141858272 160000160
141858528 160014368
141864064 160026208
141867264 160040448
141865312 160051680
141861568 160060992
141853120 160060736
141853056 160073440
141852000 160086560
141849984 160094144
141848864 160105984
141849376 160124416
141849632 160138304
141850944 160153440
141853024 160174112
141846656 160193824
141848704 160215808
141847168 160240640
141843680 160269792
141845984 160295776
141845632 160320864
141846848 160343520
141844480 160365504
141840384 160385696
141836128 160409344
141840384 160434336
141844736 160463648
141846368 160479296
141842304 160481632
141841536 160482880
141842624 160479072
141839264 160458752
141836896 160442816
141839520 160439424
141850944 160439136
141852960 160425344
141849536 160411264
141846624 160403712
141845856 160402944
141850176 160406208
141854112 160409024
141855744 160418048
141856416 160434080
141852064 160449408
141846464 160461280
141848576 160476928
141850464 160486496
141852960 160494400
141849696 160508512
141852608 160519264
141849664 160528832
141849216 160532256
141852544 160538880
141852768 160542176
141859680 160542592
141862464 160545696
141857344 160548960
141852608 160551392
141852864 160556928
141849216 160561376
141848736 160556096
141849504 160552352
141843200 160550816
141845280 160546816
141843584 160547264
141844416 160552352
141851456 160549120
141849152 160546784
141851680 160544192
141849088 160538976
141850112 160542400
141850112 160545696
141853952 160541632
141858464 160540544
141857088 160538560
141854176 160537216
141855296 160521920
141851392 160518464
141847456 160518016
141850784 160516352
141851168 160512000
141852800 160504032
141853920 160497568
141855872 160491584
141856000 160491104
141855232 160476768
141850208 160463808
141843936 160453728
141848608 160445408
141858080 160442944
141868416 160443296
141861536 160437696
141850176 160424384
141850720 160418336
141853888 160418432
141849472 160409184
141853664 160399776
141855008 160392128
141852416 160385760
141854176 160380000
141856448 160372576
141858528 160363904
141855904 160362880
141849216 160353568
141856096 160353056
141862432 160351616
141860352 160351328
141863264 160351200
141859648 160348480
141861216 160348544
141862368 160342080
141864224 160338432
141865184 160337888
141863104 160339904
141867488 160346528
141865344 160351616
141862208 160342752
141860928 160332544
141863712 160335904
141864480 160340864
141863168 160337824
141864416 160340416
141868800 160348992
141871200 160357792
141875072 160361472
141873760 160362336
141869920 160365472
141869568 160376000
141869504 160388544
141868064 160392928
141870080 160393856
141867040 160398304
141865760 160403360
141866944 160410240
141868896 160412000
141870016 160414848
141870656 160417760
141874848 160413472
141874720 160406784
141872512 160403392
141875584 160391776
141878560 160373536
141879488 160365760
141878624 160350336
141878048 160340640
141878720 160336352
141880704 160336096
141883008 160329504
141885408 160336320
141889664 160348864
141889856 160349376
141881952 160346368
141875808 160346080
141877696 160348064
141879584 160359808
141888800 160368128
141898688 160372128
141899904 160371680
141897120 160365312
141894944 160350848
141891232 160341280
141888192 160334272
141887456 160320896
141889792 160311456
141887296 160308640
141884832 160303040
141885920 160300640
141891168 160299360
141894720 160300672
141898464 160304032
141901344 160296928
141903360 160289408
141903328 160278272
141900576 160271776
141900320 160270816
141900064 160267840
141900800 160262784
141902272 160254880
141903264 160250656
141901440 160246048
141898464 160242592
141891424 160241344
141896576 160235968
141903072 160229184
141903904 160229856
141903520 160232352
141896096 160235136
141891328 160229888
141897184 160230944
141906432 160235168
141901536 160244288
141896800 160246560
141896256 160243840
141895520 160242304
141899200 160246848
141903552 160248384
141905312 160247936
141897280 160245440
141893152 160237728
141898400 160236224
141900032 160236608
141896608 160231104
141894688 160233408
141901760 160233344
141895904 160229600
141892096 160227264
141893248 160222016
141892704 160219072
141891296 160221728
141897760 160222560
141901344 160224448
141894624 160226848
141894336 160226016
141895744 160227808
141898784 160229856
141892896 160226816
141891072 160224928
141886880 160219904
141886304 160210976
141893344 160214560
141899360 160217152
141895680 160218592
141895744 160213632
141896448 160208768
141898560 160206592
141895552 160193088
141899584 160189792
141908224 160197888
141909888 160197120
141903296 160200224
141896736 160201056
141899072 160195072
141901216 160194688
141906112 160194752
141908352 160191328
141909184 160188608
141905280 160188864
141903648 160185440
141905056 160181120
141905056 160184064
141908544 160191200
141908128 160186816
141903424 160180448
141902016 160178368
141903040 160187136
141897856 160193856
141897280 160204576
141901088 160213952
141900512 160218016
141901312 160228192
141900992 160239424
141902080 160245376
141894432 160247808
141890656 160251872
141895136 160257888
141902048 160267808
141900704 160263392
141902304 160263904
141903456 160263424
141899488 160258880
141902784 160258368
141902400 160259520
141903200 160264160
141904128 160267872
141902464 160264000
141899424 160264544
141903872 160268160
141905088 160274688
141902432 160282720
141901216 160287232
141902976 160284896
141906560 160282048
141903104 160279872
141905856 160279232
141906688 160270912
141897440 160268256
141897152 160268864
141899168 160271584
141901184 160270912
141904672 160270976
141900320 160269920
141903008 160263520
141904256 160260320
141897344 160258464
141896096 160255872
141897760 160250752
141897056 160245024
141891104 160237536
141891808 160237152
141897600 160236736
141903456 160234208
141895904 160229664
141898912 160224064
141904544 160220416
141896096 160214240
141897760 160214400
141900224 160215968
141893312 160218624
141890880 160220832
141897824 160218272
141903712 160219168
141902720 160219872
141900384 160220864
141899616 160222944
141903072 160221056
141902016 160221216
141901504 160230336
141899136 160227296
141901056 160232992
141909280 160240512
141902112 160237152
141895680 160238368
141895520 160241760
141896608 160240320
141897568 160241760
141900448 160245664
141900480 160245280
141899104 160241504
141892736 160242368
141891584 160245984
141892864 160251968
141890944 160254976
141888992 160252448
141886432 160255072
141883456 160261440
141889120 160262912
141888544 160271680
141889376 160271840
141890144 160269280
141882144 160265600
141876352 160266720
141878624 160269824
141885696 160272704
141893408 160275264
141885824 160279456
141881440 160284768
141887616 160288736
141884352 160292896
141885440 160303712
141892640 160314208
141895584 160321920
141897952 160325344
141888960 160324480
141881632 160326528
141879872 160328832
141883232 160330112
141885280 160332320
141883968 160333280
141879680 160337248
141879424 160341152
141881728 160340320
141880736 160345568
141880896 160356800
141886112 160368768
141887264 160373696
141884224 160377568
141884224 160381952
141885920 160381984
141886336 160390624
141896768 160404192
141896768 160410432
141897184 160417696
141891840 160418208
141885600 160418272
141886976 160424256
141887200 160426656
141885216 160424416
141876064 160427904
141874176 160436736
141883616 160440160
141882560 160439552
141888224 160451328
141889696 160460064
141882080 160462368
141877600 160473920
141878656 160479552
141884352 160483584
141881984 160485920
141878208 160484896
141877024 160488512
141882016 160505440
141883616 160510496
141884544 160515008
141885728 160520064
141888224 160523488
141888064 160527424
141884608 160537184
141885504 160549888
141885632 160560352
141887712 160562144
141886880 160560032
141886080 160560448
141886848 160563040
141890432 160569696
141889056 160569536
141880800 160564736
141872672 160570496
141880480 160573888
141886624 160588352
141892256 160593376
141887232 160593792
141884352 160600096
141880800 160606432
141878496 160616928
141883008 160616608
141881280 160621792
141877888 160629184
141882016 160640192
141882592 160643552
141886528 160656544
141895616 160667712
141894208 160679328
141890208 160684736
141887264 160683136
141882304 160683968
141884096 160690880
141883680 160696224
141881664 160708992
141880064 160719680
141884256 160719968
141887264 160722944
141885504 160735840
141880384 160741056
141877120 160747104
141880384 160753440
141887264 160765184
141890272 160772928
141890464 160774176
141886752 160776800
141887744 160781824
141885024 160785408
141885728 160791904
141884928 160796192
141882464 160801344
141885376 160810432
141885408 160817248
141882848 160819456
141883328 160820288
141881856 160823488
141884192 160824864
141882720 160830464
141885696 160839680
141885152 160845056
141882880 160849568
141880192 160858752
141879328 160862688
141879616 160861824
141873824 160868192
141871776 160871296
141873440 160872416
141877920 160886464
141880032 160890976
141880736 160889984
141878560 160892768
141883168 160892672
141883488 160897568
141881184 160902496
141875776 160902624
141878592 160906208
141882112 160914528
141879648 160915264
141878912 160916384
141877248 160923744
141881088 160930400
141877184 160930816
141875584 160936704
141876704 160935456
141873920 160929728
141869312 160928960
141872096 160933472
141876448 160944288
141877536 160954240
141880928 160953280
141870720 160954112
141877408 160955808
141886144 160961344
141883232 160968864
141877760 160968288
141875168 160971520
141874336 160975552
141873696 160972320
141873664 160970464
141879328 160982176
141880576 160984064
141871296 160983392
141872864 160990784
141878496 161000192
141881312 161004000
141882912 161006080
141879808 161006720
141879936 161014848
141880544 161029600
141885376 161030432
141885536 161038080
141879744 161043264
141881152 161046240
141882144 161053952
141879296 161058560
141881472 161064576
141886112 161070080
141886304 161081152
141880928 161086656
141880960 161093600
141878752 161102656
141878080 161112896
141880064 161127712
141880064 161132032
141885504 161135616
141880672 161143648
141875744 161150688
141874080 161152768
141874368 161156544
141879328 161166560
141881568 161172544
141879264 161180576
141875200 161184384
141873824 161182176
141874048 161185632
141872480 161189568
141872768 161195040
141876768 161197344
141877440 161203328
141873248 161205760
141869888 161207744
141865184 161216576
141862176 161222752
141864128 161220800
141861792 161225216
141868288 161225408
141869696 161224928
141870080 161227648
141873472 161231008
141875136 161242400
141879776 161251392
141885600 161247744
141889344 161256768
141888480 161268320
141885664 161263072
141880896 161261056
141878208 161262816
141881728 161266464
141884704 161267968
141881792 161275936
141884192 161280192
141888576 161286560
141889216 161290912
141883648 161292096
141877440 161292064
141874112 161295776
141878592 161298272
141882944 161300032
141883840 161303360
141882848 161311328
141880736 161311040
141875008 161305984
141870848 161304192
141868128 161304352
141874240 161306464
141877088 161308224
141872160 161312128
141875200 161314592
141883168 161322528
141891328 161327584
141891200 161329888
141882176 161328608
141875136 161322208
141874208 161320096
141881568 161322304
141881280 161321536
141888672 161324096
141888480 161321760
141881952 161322400
141881952 161328224
141881408 161326048
141876608 161326816
141881120 161329952
141873568 161327936
141869952 161329184
141875648 161335392
141879296 161337408
141878496 161338752
141873408 161341792
141873472 161341888
141879072 161345792
141876384 161340960
141867840 161334528
141870144 161339296
141870336 161342464
141868032 161343840
141868736 161343712
141871968 161346720
141873344 161349184
141867296 161349120
141867264 161355776
141873952 161358240
141885056 161363392
141884032 161365824
141881824 161367136
141880960 161369248
141883328 161373728
141884032 161374016
141883040 161376192
141874720 161373600
141872384 161369152
141874432 161367392
141872640 161369920
141871040 161371040
141875200 161379296
141879776 161383360
141884480 161386400
141885792 161387840
141880032 161390656
141879584 161384352
141880704 161389824
141881024 161392480
141882432 161388896
141881568 161382784
141882112 161384992
141877664 161388704
141873856 161387744
141871040 161380768
141872768 161383456
141873696 161387072
141872832 161384576
141871520 161385920
141869952 161389600
141871136 161391328
141874464 161385056
141869696 161384320
141872064 161381120
141873984 161379616
141882400 161380192
141881792 161382912
141878688 161390560
141880352 161393472
141877184 161388384
141870784 161385856
141875776 161390848
141877728 161387680
141876192 161385824
141872608 161388960
141875968 161392448
141878752 161393280
141878048 161396160
141873344 161398368
141867904 161396512
141864480 161391648
141871072 161393920
141874464 161401408
141872064 161409152
141874336 161411072
141878336 161417248
141872736 161416544
141869056 161417280
141865728 161414688
141864736 161409824
141862560 161404128
141861856 161407648
141867296 161412768
141867520 161416096
141868032 161418016
141865440 161420160
141866720 161423904
141871296 161423008
141871776 161429312
141871168 161432704
141873920 161432704
141875104 161431072
141874944 161429472
141874688 161434240
141873632 161436640
141874368 161435232
141874272 161433024
141867072 161431232
141863712 161428512
141867776 161425952
141871776 161426240
141866592 161430880
141870688 161435328
141875456 161439072
141871552 161443904
141873216 161442976
141871616 161438304
141870464 161435488
141872224 161437600
141875168 161442656
141876640 161437952
141878304 161439424
141870976 161432128
141867936 161425664
141865504 161425376
141868160 161428672
141871232 161424992
141871168 161425216
141874048 161430176
141872448 161423744
141871456 161423584
141871552 161422848
141871648 161418528
141871136 161419040
141870528 161413216
141871520 161407872
141875296 161409696
141877280 161418848
141873600 161418816
141871040 161411872
141872544 161409312
141873312 161405056
141864384 161400608
141863296 161399200
141870400 161401472
141863904 161397088
141857248 161395808
141858784 161397376
141868672 161393344
141877472 161392896
141875424 161399648
141871424 161400032
141871200 161396576
141875968 161395936
141877312 161396352
141878176 161397216
141882048 161397280
141881184 161397408
141880032 161394208
141880576 161393568
141872704 161391200
141865184 161385696
141864000 161390976
141868224 161391264
141867424 161384192
141863968 161383904
141865728 161388896
141864512 161387168
141863232 161387520
141864160 161389952
141866848 161393696
141876800 161396160
141876608 161391232
141878944 161388192
141880160 161378432
141874048 161370496
141872256 161373056
141869280 161373792
141873856 161377760
141876256 161378112
141869024 161376480
141871904 161373344
141873696 161372768
141870336 161373472
141871040 161372768
141872832 161372448
141874144 161374976
141879424 161374784
141880768 161375872
141873632 161372928
141863392 161370336
141859776 161371616
141865728 161373856
141872832 161374112
141876160 161375392
141873248 161376864
141868448 161375840
141871040 161374432
141875456 161377024
141879936 161381440
141874912 161381088
141868608 161375328
141867808 161372288
141865600 161370336
141866560 161373184
141869696 161377024
141870176 161373248
141870080 161371968
141867968 161374592
141869984 161374336
141870976 161369728
141870592 161368800
141874208 161367456
141875232 161368512
141866656 161368192
141867264 161368928
141866432 161365568
141866592 161363264
141863552 161361664
141863808 161363392
141868608 161363008
141871616 161366880
141869088 161366720
141867680 161365344
141869952 161368192
141871936 161372288
141870528 161369920
141869376 161361120
141870240 161358208
141871968 161351392
141866240 161354912
141868320 161356800
141865056 161357312
141870496 161355584
141877440 161352544
141874496 161357120
141873376 161357472
141877056 161358240
141872000 161360736
141868672 161367936
141871488 161367328
141870016 161367392
141867712 161368256
141867008 161365056
141864480 161362720
141863040 161358336
141865632 161353504
141865088 161355648
141864448 161357024
141870848 161356352
141871872 161358848
141874688 161356160
141874112 161361152
141871808 161367296
141876384 161365248
141874560 161360704
141871808 161358592
141868000 161361536
141868448 161363392
141872128 161362944
141879296 161363552
141881824 161359808
141876224 161355840
141870208 161353632
141872960 161360576
141875520 161368576
141875456 161368896
141869856 161363424
141865696 161362464
141868288 161365600
141871328 161370816
141873536 161375776
141876224 161376256
141871232 161370944
141868960 161375328
141868320 161376480
141868384 161376704
141875712 161374656
141877024 161375680
141874592 161375104
141872640 161374400
141875392 161379360
141875776 161381792
141880448 161378784
141884896 161378240
141883008 161378592
141879488 161374464
141879456 161370720
141875424 161367296
141864480 161365952
141861152 161368032
141860288 161365696
141861760 161366336
141866720 161373984
141871808 161377408
141867872 161371104
141865792 161363040
141865920 161358176
141867808 161361216
141870208 161362144
141870528 161366464
141866432 161367616
141862400 161360864
141864544 161357280
141862720 161364544
141864512 161365888
141867776 161362656
141872128 161363136
141873984 161358368
141872576 161352640
141873600 161353888
141876736 161357632
141874592 161360512
141878240 161362944
141879232 161364416
141878144 161360320
141872896 161358912
141872736 161358528
141871680 161354560
141869376 161352096
141867840 161353280
141866592 161352256
141862976 161345600
141865248 161345856
141862784 161352256
141867104 161353120
141870912 161347328
141869632 161344480
141871808 161339648
141870624 161336320
141868768 161337632
141867232 161346656
141868384 161341664
141874688 161333824
141872512 161331232
141875776 161333664
141877024 161336640
141876256 161334144
141867968 161335136
141866432 161333952
141866176 161332704
141867360 161335744
141868032 161336096
141870400 161332352
141871200 161327360
141869504 161327520
141866624 161330080
141865312 161330336
141866400 161327904
141864864 161323872
141869696 161330880
141867168 161336352
141867936 161334400
141866816 161326272
141866624 161325888
141865888 161326784
141863424 161322880
141862208 161317792
141870784 161321760
141877664 161325888
141873376 161328672
141870112 161329216
141866784 161324896
141869440 161325536
141876448 161322304
141874816 161318496
141871296 161317632
141871264 161320928
141871456 161318560
141870208 161315104
141868064 161313696
141865568 161313408
141866976 161312256
141866880 161317600
141866912 161324000
141868352 161322432
141870144 161318976
141873504 161323584
141867328 161325056
141866272 161318208
141863008 161312768
141869664 161322304
141871168 161327712
141868992 161320224
141865504 161317344
141868000 161315904
141876576 161316576
141869792 161314144
141864032 161315712
141863072 161315520
141870016 161312864
141873504 161312352
141873888 161308864
141873024 161315296
141874336 161312928
141877120 161315104
141876384 161316128
141876480 161318560
141873024 161312576
141874560 161307776
141872512 161308608
141870272 161311680
141866976 161313664
141866176 161311520
141868096 161312064
141868608 161314464
141867712 161315776
141871424 161315136
141870592 161312832
141872000 161319648
141875712 161317216
141871808 161313216
141873568 161311712
141878848 161315968
141876320 161316224
141870688 161309280
141864864 161308640
141867840 161313408
141875616 161309216
141876192 161305216
141873856 161306016
141870848 161308416
141866816 161302208
141867904 161306464
141869792 161304064
141872544 161304480
141874016 161305376
141871808 161310528
141874112 161310624
141875840 161306688
141878592 161312896
141878432 161310368
141874528 161306048
141873184 161306784
141874432 161304480
141875104 161300832
141872000 161298528
141869376 161294144
141870944 161292640
141872832 161295296
141876224 161296928
141877312 161301824
141874336 161300576
141872416 161299776
141870592 161297376
141870624 161299424
141869440 161303712
141868448 161301088
141868096 161298176
141866816 161297312
141864960 161293600
141867424 161289472
141864448 161290784
141859040 161290560
141860576 161287456
141866944 161291328
141864224 161285088
141870336 161284128
141874880 161287904
141873536 161286688
141866336 161289376
141862784 161282912
141860896 161278464
141860544 161284480
141866400 161290304
141864256 161287360
141860000 161286432
141860896 161280832
141860192 161273376
141853056 161272000
141853888 161268160
141858016 161267072
141860032 161271616
141862880 161276000
141866976 161278400
141865408 161283968
141861536 161277696
141867936 161273984
141868832 161280416
141867136 161278784
141870752 161276320
141870720 161274944
141869600 161276032
141871360 161280800
141864992 161278336
141860096 161271200
141867072 161272192
141867712 161268864
141863072 161267232
141857760 161264096
141860992 161265024
141862016 161262432
141858528 161260224
141859712 161265344
141862144 161264736
141861344 161262656
141857088 161260960
141860672 161262784
141864384 161269696
141869376 161274080
141869632 161274272
141862976 161272416
141857152 161265728
141854144 161266240
141857504 161267168
141867872 161271744
141870496 161276000
141872416 161276032
141872288 161277888
141870656 161280736
141871808 161278080
141871392 161274464
141875040 161271712
141870944 161272256
141874528 161273760
141875552 161272288
141875232 161267712
141877856 161270208
141878432 161275008
141874464 161278272
141872608 161272096
141873280 161265728
141870496 161264000
141866496 161260768
141865056 161258528
141865568 161261504
141867040 161265664
141864512 161265856
141870304 161265152
141869152 161263680
141866112 161269632
141869472 161269792
141865920 161266976
141860672 161262752
141864640 161261472
141862208 161262176
141859232 161257312
141863648 161258080
141866592 161266912
141868096 161265792
141865440 161269632
141869600 161276256
141865952 161269184
141863136 161258208
141862688 161255904
141865792 161260000
141865248 161264032
141865344 161263680
141865120 161257824
141865312 161256064
141863104 161261056
141868256 161260096
141866688 161259456
141858944 161260224
141861280 161255648
141863936 161256832
141865568 161260640
141864960 161260864
141868992 161257472
141870048 161259296
141870336 161256512
141872896 161259744
141871008 161257792
141872512 161257248
141868000 161253952
141864704 161249440
141862944 161246400
141858016 161244544
141862240 161241664
141867776 161246048
141863552 161255136
141868480 161255552
141868864 161248384
141866176 161245088
141861440 161247616
141859520 161251584
141861120 161251424
141861760 161252736
141860832 161252000
141867232 161250912
141863776 161247680
141861664 161253408
141865984 161254144
141870624 161257696
141869728 161255968
141870336 161253408
141866784 161257632
141867392 161258816
141870016 161261280
141870112 161267776
141870272 161268928
141873760 161273984
141869408 161277920
141868896 161279264
141863584 161282464
141868384 161288416
141873216 161290432
141873280 161289568
141874496 161296576
141877568 161296128
141876192 161296576
141872480 161296736
141868224 161295840
141866560 161291808
141864448 161291584
141868128 161296832
141870496 161297568
141871744 161301792
141872512 161302080
141866656 161301920
141865088 161299904
141863104 161294784
141861216 161294720
141866496 161295648
141868288 161301344
141868672 161306592
141871520 161308640
141875296 161312384
141873568 161312320
141873440 161307200
141871712 161303456
141868288 161302272
141867328 161304480
141867328 161309632
141872224 161316224
141873120 161318272
141877696 161308480
141872608 161299424
141865664 161295808
141867488 161297664
141871264 161302912
141868512 161307008
141871904 161307136
141876384 161311744
141877152 161309760
141872800 161306176
141869280 161301632
141870272 161300896
141865184 161299584
141860928 161296544
141864384 161299712
141868992 161303200
141875904 161304544
141876160 161303584
141872864 161302848
141874240 161307040
141878560 161310784
141883328 161310944
141879392 161308928
141876128 161309312
141868736 161302208
141866688 161302240
141875968 161302304
141880320 161305152
141878560 161305952
141876480 161307776
141875808 161303840
141870592 161298336
141864480 161292640
141866912 161298752
141868480 161302464
141872992 161299104
141873888 161304320
141869344 161304832
141860576 161299296
141862880 161295008
141864576 161295136
141865728 161299712
141872416 161297568
141874208 161297728
141873760 161300800
141873472 161296416
141869344 161297440
141870528 161301088
141875392 161303744
141878432 161303936
141877472 161297504
141873216 161301856
141866528 161300000
141867424 161297440
141872960 161299872
141874080 161302080
141870080 161299072
141874048 161296864
141869792 161296704
141870176 161293376
141869536 161293664
141870464 161291680
141874432 161294400
141871168 161297312
141872960 161296320
141874400 161298240
141877184 161296928
141879040 161294720
141879328 161296992
141882208 161298432
141877728 161296704
141879872 161298528
141880544 161296256
141879168 161294016
141874752 161294304
141873312 161290912
141876480 161288960
141877280 161287520
141880352 161290528
141878144 161288576
141875968 161287104
141875776 161284096
141876544 161289184
141874656 161298944
141877888 161298752
141877280 161296640
141875680 161289600
141873408 161289792
141875456 161288736
141872096 161287392
141869152 161285248
141869760 161283840
141867008 161282272
141868608 161283616
141873440 161286848
141869440 161290592
141870720 161284480
141870176 161282464
141862240 161282752
141863328 161283584
141868128 161281312
141868320 161280320
141868160 161280288
141871360 161283968
141867872 161277792
141860800 161277312
141861568 161278304
141867360 161282208
141871040 161276480
141873536 161276352
141874240 161278464
141873344 161275200
141869728 161277504
141866656 161280928
141872448 161283616
141875904 161286784
141880064 161292416
141878432 161288192
141875584 161282048
141876256 161283424
141878784 161289760
141876960 161293568
141879072 161289184
141873920 161283232
141874336 161286752
141875328 161284832
141876736 161286432
141875680 161288992
141862752 161285920
141857504 161281280
141860864 161279552
141869280 161280736
141868480 161283744
141874688 161283616
141874240 161285984
141869952 161282848
141866176 161283584
141861440 161284032
141864896 161289024
141861856 161287200
141868896 161287424
141875808 161291872
141869664 161286368
141864896 161279072
141867648 161285248
141870528 161291200
141873600 161290656
141869344 161289472
141871808 161294368
141870976 161292416
141867520 161287328
141870592 161286592
141870944 161290880
141873088 161292192
141874400 161292384
141871104 161285248
141870304 161279200
141869088 161279072
141869824 161284192
141866720 161282976
141865216 161283648
141865984 161280736
141865984 161277888
141870848 161286464
141875872 161284256
141871168 161281696
141866976 161279200
141871232 161278560
141873088 161277696
141869344 161282080
141869984 161280800
141871616 161281376
141866592 161277568
141867424 161275360
141875424 161280896
141879232 161283936
141877568 161284416
141873216 161287936
141868224 161285504
141863712 161287872
141868768 161292512
141876256 161288224
141869152 161279232
141864896 161277632
141865696 161280960
141873504 161284480
141881184 161285184
141879424 161291968
141875488 161290176
141873888 161285536
141872992 161281984
141873504 161278976
141872544 161279552
141873824 161281280
141875360 161284320
141873120 161286240
141872992 161284384
141868512 161282880
141869184 161287136
141871712 161286528
141875040 161288768
141876032 161290368
141868736 161283360
141871232 161281408
141870784 161285696
141871168 161282272
141870400 161279936
141874912 161279328
141875520 161277760
141873760 161279616
141875968 161280224
141875296 161282112
141873792 161278528
141875328 161274784
141879872 161278592
141882592 161282944
141880416 161285728
141875712 161278208
141872704 161276736
141868320 161287264
141867488 161293728
141873824 161285216
141880928 161286240
141877344 161288768
141872384 161284768
141870176 161277472
141868960 161276352
141864000 161275200
141866336 161279808
141867200 161281760
141864192 161276192
141866752 161278848
141871520 161271872
141869632 161270880
141867776 161276544
141871712 161282656
141872864 161281888
141869248 161274592
141868960 161272224
141869472 161273984
141875392 161274848
141877792 161275296
141875328 161273344
141873216 161275520
141867584 161269568
141860544 161261280
141863360 161264832
141862624 161265088
141867904 161270624
141870816 161273440
141866976 161272096
141866880 161269856
141862944 161267552
141859968 161264544
141866016 161270272
141869920 161276128
141872448 161277312
141876160 161279744
141877984 161280512
141875712 161274048
141873472 161275360
141871360 161274496
141873824 161273824
141873536 161275936
141876800 161272000
141873856 161266816
141872736 161265600
141870016 161270048
141865280 161269568
141864736 161263008
141861344 161263552
141861472 161261440
141866464 161260544
141868416 161266432
141875488 161269344
141877696 161266304
141872384 161262848
141866912 161257216
141869696 161258080
141871776 161258624
141874112 161264448
141872032 161268320
141873344 161268032
141873120 161267456
141873248 161264032
141870720 161262336
141868192 161264992
141862368 161262784
141864576 161259104
141871808 161263392
141877216 161265312
141876512 161258272
141870240 161256160
141868288 161254400
141865632 161261152
141870080 161260800
141872384 161257056
141866592 161262720
141861344 161263264
141862880 161261216
141860896 161260416
141860608 161259936
141863904 161267360
141863808 161263072
141863808 161262816
141862272 161263168
141866304 161264000
141875424 161274016
141870816 161273120
141865856 161266976
141865312 161261632
141863360 161256384
141862752 161257824
141866272 161258560
141872384 161263456
141870720 161261440
141870880 161260576
141873504 161261152
141868256 161260704
141875008 161264128
141877024 161265504
141877152 161270272
141875040 161275712
141872224 161269984
141870208 161262144
141872704 161266912
141874848 161267552
141871104 161261248
141868576 161262464
141869408 161268576
141867360 161273088
141866464 161270496
141863104 161269504
141863552 161267520
141862976 161262752
141865664 161260736
141869824 161255968
141868672 161251360
141868544 161255968
141867648 161264096
141867488 161263200
141869664 161261920
141868544 161263936
141865952 161262720
141863232 161258688
141862400 161264768
141865280 161268672
141866880 161264992
141866752 161259648
141866656 161257856
141863392 161251936
141860224 161250176
141856320 161260736
141860512 161261056
141868896 161263328
141870304 161262592
141875520 161261888
141873184 161262720
141869952 161261792
141872864 161262432
141870496 161262304
141862944 161250144
141863712 161250208
141863808 161247968
141862048 161242176
141860096 161241728
141862944 161246176
141865600 161250944
141871104 161252512
141874240 161254112
141874592 161255104
141871200 161257696
141869952 161254496
141872992 161255360
141865632 161249856
141858848 161243968
141865440 161251328
141871840 161262336
141875936 161265952
141877664 161262560
141878016 161262688
141880000 161265216
141878304 161263008
141877824 161263712
141875456 161264000
141875776 161255712
141874048 161253856
141874208 161256064
141868096 161258912
141858496 161251872
141854368 161239648
141851584 161247072
141856576 161252768
141861248 161245248
141856960 161244256
141860480 161248640
141864800 161250688
141868192 161250368
141863680 161246272
141858240 161242912
141855328 161236416
141859104 161237824
141860064 161240608
141861888 161244640
141864800 161248352
141868608 161246880
141864032 161243744
141859520 161245824
141859104 161243136
141863872 161241984
141863552 161244416
141868736 161247136
141865984 161244576
141861120 161247008
141861536 161250400
141861696 161250560
141864032 161250368
141868544 161249568
141871488 161252032
141871424 161258816
141871488 161259072
141863264 161259872
141858496 161259680
141861792 161261632
141866304 161266048
141866240 161267008
141865152 161269152
141863200 161276416
141865920 161294112
141871232 161308384
141874144 161320576
141875456 161331264
141873568 161348128
141874464 161356992
141869728 161368480
141873920 161386400
141876352 161407040
141876288 161425216
141877568 161436736
141875040 161446560
141868576 161455904
141862496 161473088
141859040 161490816
141864768 161511712
141861824 161524928
141861536 161536768
141861312 161552352
141870976 161577184
141870688 161601760
141865568 161617344
141867008 161637632
141873536 161655136
141871904 161668160
141871936 161688064
141873312 161702688
141871904 161720736
141867360 161734784
141870048 161751200
141865120 161767072
141864576 161779520
141868416 161799424
141866592 161820352
141864608 161832160
141863808 161848576
141871488 161868128
141876640 161885856
141872576 161906336
141865056 161916256
141861792 161931424
141868352 161956448
141872800 161975968
141873888 161987328
141871584 162001824
141871744 162014304
141873312 162026112
141874496 162047584
141869280 162063232
141868928 162076704
141869440 162088064
141874624 162102592
141869856 162116544
141871200 162127328
141870400 162133632
141867872 162137952
141866752 162146944
141865248 162158080
141865408 162167744
141860352 162175104
141862240 162185024
141867584 162199136
141868608 162211904
141868608 162224160
141869376 162233760
141868800 162246944
141860960 162252128
141866560 162255232
141871840 162265280
141873248 162276960
141874624 162285216
141872896 162287680
141871808 162292576
141866112 162296768
141864224 162296256
141866656 162303136
141869536 162316864
141866528 162326496
141866080 162332000
141870816 162332000
141869536 162332544
141864032 162332608
141863584 162332480
141862528 162328384
141864896 162324448
141867968 162323488
141870560 162312288
141872000 162289504
141868864 162267712
141869888 162246080
141870912 162214720
141863744 162178144
141859296 162128128
141861984 162084864
141870752 162043488
141875808 161995488
141871616 161947264
141869536 161890208
141873088 161830112
141876064 161777216
141868384 161723680
141861952 161672608
141864480 161622144
141867168 161581088
141862432 161546304
141864000 161519904
141867840 161494016
141866656 161469760
141869920 161451616
141870144 161437824
141865984 161425536
141863744 161412480
141862496 161398528
141859040 161389536
141862656 161384480
141866976 161377280
141864448 161369408
141859488 161366496
141856224 161364128
141855456 161366784
141855776 161368608
141865536 161370208
141868832 161370304
141868768 161371648
141872608 161376832
141871488 161382272
141875264 161383456
141873696 161382816
141865120 161386304
141867264 161385920
141870176 161387520
141871552 161393696
141870240 161396352
141872704 161393408
141872064 161399456
141871584 161407968
141864608 161411200
141866048 161410048
141868000 161410304
141869792 161417216
141869376 161416832
141864768 161418496
141868896 161422880
141871264 161425248
141869984 161430752
141867904 161431936
141866016 161431392
141865344 161435968
141868640 161440608
141871392 161442912
141875040 161442592
141872320 161442528
141865568 161440000
141865088 161433632
141861504 161427872
141861984 161431520
141865600 161433152
141861952 161431264
141858944 161427072
141859584 161427488
141860288 161423808
141863520 161422080
141863744 161421280
141867872 161415360
141862848 161406336
141858272 161400736
141860288 161400032
141871168 161400768
141875936 161399008
141871136 161391776
141867872 161378144
141868224 161365824
141864064 161356832
141862240 161357088
141867104 161357088
141871904 161350176
141873280 161340896
141870816 161330464
141868160 161320992
141865888 161315008
141866976 161307584
141867872 161307680
141865088 161308480
141864224 161301984
141862208 161299648
141859840 161295552
141864352 161294944
141868672 161301664
141867680 161303808
141865952 161305088
141865184 161310016
141872416 161317344
141871072 161325792
141869792 161333408
141869856 161338400
141870784 161345088
141869952 161352928
141870880 161360288
141870848 161363680
141869920 161367936
141869376 161376000
141864768 161382464
141866848 161388672
141864480 161396928
141862176 161399872
141865152 161405248
141865632 161407392
141871040 161414816
141873184 161422976
141873728 161428960
141863392 161435680
141860544 161430688
141862112 161435776
141863232 161441440
141860448 161439968
141855328 161440640
141858144 161444992
141866496 161451328
141866688 161465952
141868224 161467872
141865888 161459328
141859168 161460992
141854336 161468640
141858080 161475360
141862592 161481440
141866752 161496224
141870560 161511072
141872352 161517792
141860704 161523744
141856864 161533376
141862464 161550016
141865152 161570624
141865728 161587648
141865696 161596192
141871296 161615936
141869216 161637056
141864672 161653824
141868032 161673728
141868256 161692864
141869216 161709184
141868160 161725376
141860896 161733536
141855488 161723680
141855904 161718080
141851936 161714048
141858048 161711648
141860640 161715584
141856800 161713184
141867232 161716352
141864128 161710848
141856768 161706048
141858336 161712960
141866368 161715296
141867712 161712416
141864736 161713888
141864000 161713216
141858816 161712160
141858336 161713952
141860448 161718912
141864512 161719136
141865728 161719584
141864224 161716896
141861440 161715680
141861440 161713088
141864352 161711808
141867168 161713664
141863680 161717344
141863776 161723072
141866720 161724352
141865376 161722176
141857504 161725024
141856256 161722880
141860032 161722240
141864224 161721632
141864960 161719968
141864384 161721056
141863520 161723584
141865440 161724800
141859904 161721088
141860064 161724608
141861760 161732064
141860256 161729024
141862912 161725824
141864864 161722624
141864608 161723168
141863040 161731552
141863968 161733376
141864896 161737824
141862656 161738784
141860032 161733472
141866976 161736992
141870432 161738560
141871520 161737056
141871328 161738976
141871680 161743616
141866400 161742176
141863168 161741152
141866272 161747136
141865952 161748576
141861984 161747712
141866944 161746272
141865856 161744864
141866944 161744960
141867488 161746816
141864352 161742432
141861856 161736800
141860320 161734496
141859680 161737344
141862208 161745376
141864544 161753696
141864224 161748992
141858432 161741408
141854304 161736960
141857824 161738976
141860864 161742464
141864704 161743264
141864096 161757344
141865248 161760928
141862816 161753056
141859936 161747168
141858208 161743904
141861824 161749888
141867392 161757344
141870976 161761344
141864576 161763456
141857472 161760576
141863552 161762112
141862816 161762816
141858848 161762176
141859296 161759072
141864096 161757440
141868256 161761024
141867744 161764384
141867680 161763872
141864768 161762176
141858656 161756864
141859040 161754848
141858368 161758240
141852544 161760160
141853440 161762272
141859168 161761952
141867104 161764608
141866464 161768800
141859616 161771616
141862848 161772064
141862624 161768512
141864384 161769408
141861920 161777952
141862656 161790848
141867296 161802208
141864608 161807616
141864704 161813088
141867328 161820928
141864288 161825184
141861088 161833536
141863488 161843840
141865664 161844352
141863552 161842144
141860000 161843008
141865088 161848896
141862752 161843200
141859776 161832928
141866912 161831296
141867840 161830176
141867392 161818400
141864544 161804768
141866464 161782688
141861600 161767552
141855968 161752800
141856256 161743392
141861952 161734336
141869888 161725024
141869696 161716064
141874272 161710944
141864768 161697504
141863904 161690400
141862592 161679232
141864896 161668000
141864480 161662112
141865024 161654720
141865760 161649984
141867232 161645824
141871936 161642240
141872384 161636832
141871232 161632000
141868064 161625248
141868544 161617728
141869184 161615008
141869312 161606816
141867776 161601504
141869184 161598272
141872032 161596288
141869504 161593792
141870400 161581696
141873760 161576704
141868032 161571200
141865312 161566976
141863328 161564608
141856288 161555744
141857920 161550080
141864064 161544928
141869792 161541440
141870176 161538144
141868128 161533120
141865824 161523904
141864288 161517440
141861888 161508480
141860960 161496064
141865376 161492640
141866528 161488448
141856576 161479040
141857248 161475584
141864608 161475264
141864352 161470080
141866464 161468800
141866816 161470496
141863648 161466816
141862048 161461056
141862528 161465056
141867456 161468288
141871360 161468576
141867200 161466560
141861728 161471680
141865216 161480832
141867104 161485184
141863008 161488672
141864064 161492672
141863072 161499840
141862432 161506368
141858592 161507776
141857568 161518112
141860192 161530400
141859200 161535648
141857600 161544128
141859584 161548448
141862528 161558944
141864928 161575904
141866080 161592736
141864256 161601984
141864576 161610080
141866304 161621312
141860160 161627872
141850176 161639232
141846528 161648736
141846304 161651968
141847936 161656000
141851392 161661888
141861600 161666880
141865472 161675616
141862272 161677088
141860832 161680800
141857568 161681120
141850272 161678432
141843872 161678016
141847008 161679040
141847648 161676320
141854816 161679232
141856928 161684128
141849024 161688032
141849536 161685280
141851936 161686112
141861760 161695040
141867232 161708832
141868448 161714080
141864704 161707488
141856160 161709920
141854176 161712768
141856256 161711328
141864064 161716608
141863136 161721600
141859936 161717184
141861568 161720544
141860832 161723488
141861920 161721984
141865120 161728672
141861184 161730944
141859424 161731264
141863264 161732256
141864000 161733056
141860960 161737120
141859648 161737888
141862432 161737728
141859808 161743744
141859840 161747168
141863200 161742048
141858464 161738560
141850496 161741824
141849664 161746816
141854048 161749920
141855072 161752832
141854080 161755872
141854400 161758592
141854784 161757728
141860224 161760128
141859936 161764416
141858944 161773408
141861760 161775872
141865248 161771840
141860672 161767392
141858560 161767136
141859232 161774688
141858912 161777440
141859104 161778336
141858272 161774528
141861440 161779168
141867072 161781024
141870400 161784928
141866368 161783968
141856960 161780736
141854336 161777568
141855392 161778016
141859520 161776608
141858976 161779680
141861280 161780640
141859680 161782336
141861568 161785440
141863936 161788928
141861888 161785152
141863200 161784736
141860960 161789504
141862752 161796192
141864608 161796960
141864160 161801888
141861504 161790624
141860640 161791904
141862304 161794400
141863904 161791584
141861216 161790720
141861984 161791712
141859808 161795488
141865696 161799648
141873120 161801280
141863808 161803168
141854784 161803648
141857344 161802816
141858240 161805280
141856608 161804000
141859456 161805088
141855136 161803776
141855680 161797920
141858816 161796416
141853664 161793920
141856064 161793184
141861376 161796352
141863136 161802528
141864736 161801824
141863584 161804096
141857472 161806176
141856576 161801664
141854848 161801760
141849600 161799488
141854464 161799360
141856224 161800832
141850560 161797728
141850496 161797856
141851104 161809216
141851232 161812832
141853248 161810944
141849952 161809280
141849600 161809120
141846528 161803808
141846272 161801728
141845920 161805280
141848256 161808896
141852000 161811424
141852928 161821024
141853760 161820512
141854208 161813024
141850176 161807360
141854656 161809056
141863456 161815520
141860736 161822528
141861280 161820896
141862368 161818176
141859520 161815808
141857600 161810976
141853120 161807200
141856096 161810784
141859520 161815744
141859808 161818080
141862368 161820064
141861152 161819136
141860384 161817792
141859904 161817536
141864352 161817504
141862624 161816160
141860160 161815744
141858880 161815072
141856544 161815680
141858176 161821312
141859936 161825792
141861664 161823392
141861376 161820896
141862848 161821184
141862496 161829600
141862464 161829472
141862912 161828864
141863328 161828576
141860544 161824864
141860768 161821056
141861536 161823968
141858464 161824032
141854720 161830560
141855488 161835776
141853152 161831456
141853376 161828160
141855648 161827136
141858208 161827520
141854464 161823936
141854624 161824704
141859552 161829856
141865472 161835616
141861120 161838240
141857344 161836160
141860320 161832256
141854464 161829760
141852672 161831680
141858336 161827200
141861824 161825696
141859264 161827840
141860384 161832288
141858016 161831264
141857984 161829600
141855072 161833728
141857568 161832544
141861376 161832448
141862720 161839584
141866208 161845824
141860864 161845408
141855872 161840768
141854304 161836384
141857120 161838016
141857088 161838208
141854144 161839232
141851936 161839872
141856992 161843552
141859712 161843360
141853952 161838592
141852864 161837280
141852352 161835200
141854656 161836128
141853984 161836352
141850400 161836416
141853888 161839232
141852704 161837216
141852096 161832672
141858720 161830752
141857024 161833568
141853696 161832224
141858368 161836000
141856928 161837216
141858752 161832480
141857984 161829728
141854880 161837856
141853792 161837216
141855008 161841152
141851712 161840768
141850816 161839872
141856992 161840800
141858560 161840000
141857504 161840672
141856032 161837504
141852576 161832640
141855104 161829248
141855840 161828000
141846400 161829312
141839776 161829216
141844768 161833760
141846656 161835904
141854880 161837344
141854496 161833216
141846912 161830688
141844288 161835840
141852704 161834816
141857984 161830624
141859392 161832224
141859392 161836672
141861216 161838688
141863488 161838080
141861664 161839328
141861216 161841632
141863680 161846016
141861504 161842752
141857472 161838496
141856224 161833248
141854464 161828928
141858368 161833056
141860096 161834496
141854592 161829600
141849472 161834432
141849280 161832448
141853600 161833600
141856384 161836096
141857760 161840704
141859456 161842208
141858944 161839904
141856672 161835328
141858176 161838080
141859488 161840704
141857888 161837440
141858848 161833056
141858528 161826272
141858656 161824832
141863168 161831552
141858080 161827648
141854688 161821472
141853792 161820000
141857760 161828448
141859904 161833408
141856512 161835296
141859744 161837824
141861312 161834944
141855296 161832224
141853312 161827328
141854240 161829728
141851200 161836160
141857728 161837184
141862240 161834432
141857184 161832640
141857184 161833120
141858528 161833120
141859904 161830592
141864640 161832704
141861888 161830560
141863680 161832672
141862016 161836352
141856704 161836928
141856928 161837280
141853664 161835936
141853088 161832928
141854784 161826400
141854368 161828448
141849728 161830880
141843936 161831456
141840672 161825472
141842240 161829600
141853856 161836736
141859104 161835552
141858272 161838368
141856768 161836960
141852704 161834912
141851360 161833088
141850016 161832096
141852672 161835584
141852928 161833472
141851168 161832576
141851392 161829376
141853024 161826400
141849664 161830112
141852800 161834240
141852736 161829600
141850176 161824288
141838272 161825120
141838976 161829120
141844352 161836832
141850944 161832608
141855808 161833088
141856352 161843872
141854176 161838944
141854016 161830912
141855744 161834784
141855008 161837024
141851616 161836608
141854944 161835456
141857504 161838080
141858752 161845376
141859072 161841152
141860832 161842048
141866816 161849920
141866272 161846048
141865312 161846816
141864480 161846400
141854432 161842080
141850016 161838720
141847520 161835616
141851072 161839520
141848704 161845248
141847424 161845824
141848672 161844672
141849312 161840352
141847936 161842944
141849280 161845472
141851008 161845216
141850880 161842464
141852864 161844864
141854624 161846496
141850880 161845984
141847904 161839744
141843360 161834208
141846784 161837696
141855872 161836544
141863264 161844192
141860288 161842304
141856576 161836352
141848928 161837376
141847872 161839456
141848640 161835488
141850240 161836608
141852864 161838048
141854336 161839808
141855520 161842848
141853120 161845536
141851296 161844032
141845952 161841536
141848256 161846048
141849088 161846048
141843648 161848832
141849216 161849152
141852224 161849312
141855072 161856000
141850624 161856672
141846144 161849984
141848992 161849376
141849888 161850944
141851584 161846976
141852160 161851872
141849440 161852000
141853248 161849312
141854688 161853152
141852832 161850304
141850336 161855840
141846368 161854848
141845696 161852288
141846848 161854464
141847808 161857312
141850624 161853376
141845440 161844256
141843584 161846272
141844640 161850976
141850112 161853248
141852256 161854944
141853600 161852960
141850112 161848800
141851008 161855296
141852928 161852896
141847264 161844736
141845952 161842400
141846752 161846240
141845888 161854816
141846336 161855744
141850144 161851200
141852608 161860288
141859136 161858368
141863712 161857792
141860800 161861248
141852288 161857248
141851712 161852160
141852832 161853184
141852544 161858144
141849024 161856768
141851040 161861408
141854432 161866656
141856192 161868704
141852672 161868256
141851232 161865536
141851680 161860928
141851232 161864416
141854144 161868896
141854112 161866304
141855200 161868704
141854208 161869184
141856928 161872224
141857760 161873088
141852832 161869216
141856192 161869728
141858016 161873408
141853344 161870848
141852160 161869536
141852352 161872288
141856768 161873088
141861312 161878304
141857920 161876800
141854208 161878272
141862240 161884032
141865504 161880384
141856576 161881024
141851456 161879808
141853344 161879328
141852992 161877984
141850176 161876960
141860352 161886656
141860640 161895744
141854912 161892384
141852416 161881760
141853888 161884096
141853536 161884352
141859168 161889120
141867200 161894112
141866944 161892416
141858976 161884576
141850784 161877024
141848480 161874240
141842272 161876352
141841312 161876320
141846112 161880992
141850240 161886848
141853504 161880768
141851616 161879936
141847648 161882592
141851712 161887392
141856384 161886848
141856608 161890336
141857280 161888352
141853568 161888160
141853408 161889920
141859456 161890240
141855712 161885664
141852032 161881888
141848480 161881504
141848896 161885696
141850784 161886784
141849344 161883424
141846656 161882624
141850368 161882816
141849696 161880352
141853376 161880128
141850752 161881376
141850048 161884640
141851680 161887424
141852160 161886400
141853440 161886048
141852480 161881344
141843072 161880384
141840064 161881312
141844128 161884992
141855040 161889408
141859424 161889984
141856448 161884160
141856096 161885632
141855744 161886144
141853632 161885920
141855552 161887456
141860384 161887456
141864128 161888672
141860576 161892896
141860320 161891520
141855264 161887040
141853600 161891360
141851584 161892480
141854144 161893632
141856736 161889632
141853504 161886176
141855264 161881440
141855520 161879520
141852928 161883008
141854560 161887264
141855936 161887168
141853472 161888448
141854048 161886784
141858560 161884288
141860000 161884288
141852096 161880928
141850752 161883680
141858336 161883040
141858560 161887040
141855552 161889536
141854848 161882720
141852608 161882848
141850624 161885632
141852736 161885472
141856864 161888416
141860032 161893088
141863328 161890976
141864256 161882624
141859904 161880288
141857088 161883872
141863616 161884608
141872992 161884864
141871232 161889472
141862528 161894496
141858016 161897984
141853056 161892032
141850496 161884512
141856160 161887104
141858336 161885888
141855808 161886112
141860128 161889824
141863936 161892416
141856448 161889280
141854848 161887456
141848768 161890752
141848352 161887616
141843872 161889152
141844224 161883872
141850272 161887168
141852000 161885408
141853440 161881888
141851392 161881280
141857184 161891168
141861216 161894016
141861120 161890176
141859648 161892896
141858368 161893760
141862752 161895136
141865888 161896576
141866048 161895424
141866432 161890400
141860992 161888288
141856928 161892032
141856448 161890976
141855648 161884800
141860192 161889568
141862624 161895008
141859232 161893824
141855296 161892128
141858208 161890112
141859552 161892000
141861888 161892192
141857280 161893600
141850496 161895136
141857792 161894784
141862048 161892480
141861248 161893152
141860608 161892448
141860352 161890848
141857088 161892416
141858880 161895008
141860352 161898272
141866400 161900288
141867680 161900288
141865664 161895264
141862432 161892352
141856224 161890528
141853312 161895232
141859840 161900832
141865760 161904544
141860640 161903712
141858624 161900864
141860448 161901952
141860576 161903744
141860736 161903360
141853376 161902016
141855232 161901952
141856288 161904096
141857280 161904448
141859200 161901536
141857984 161899040
141854112 161900352
141857792 161902176
141858944 161906784
141863616 161907232
141863968 161905376
141863424 161903904
141861248 161900672
141855616 161898944
141857248 161903616
141861536 161911328
141863680 161916032
141863424 161914816
141865184 161914848
141861600 161910144
141858752 161907328
141853824 161907200
141853984 161903360
141857248 161902144
141855072 161904480
141851072 161907488
141853600 161904896
141854176 161907232
141858848 161908800
141863424 161910848
141859456 161911424
141857632 161910144
141854880 161914400
141846752 161917248
141852576 161915904
141854624 161913664
141854208 161914336
141846400 161912480
141848576 161911008
141853344 161908192
141853312 161913024
141859520 161917248
141855488 161912704
141853696 161913344
141851584 161914912
141854048 161914944
141855584 161913888
141858400 161912096
141857760 161923936
141855296 161922656
141853536 161911232
141852864 161907328
141854880 161911456
141857536 161912384
141862912 161912640
141860448 161911968
141856992 161914208
141851936 161907584
141848032 161903392
141847456 161905568
141850944 161909184
141851136 161909600
141849792 161916608
141855712 161916800
141856608 161913696
141855296 161913792
141857152 161914208
141855040 161909536
141854976 161908864
141858912 161911264
141860928 161914368
141857184 161916800
141860160 161920448
141859840 161913952
141862432 161909760
141859296 161912192
141859712 161918432
141866240 161922496
141864640 161921632
141859552 161920960
141853600 161922656
141849984 161915584
141849792 161912480
141852512 161917376
141850912 161920416
141853984 161920224
141864096 161925216
141867840 161926048
141865504 161919072
141862656 161916032
141863232 161917696
141867456 161920672
141870464 161924160
141873120 161927296
141871616 161927392
141865504 161916544
141862176 161908384
141859264 161912480
141853344 161912640
141851712 161912768
141855680 161910496
141857696 161912096
141856512 161909504
141854624 161909344
141852608 161913760
141859712 161924000
141861984 161928352
141858720 161925504
141857024 161923008
141854240 161921120
141851936 161914592
141854624 161910848
141858208 161916096
141857056 161920192
141859008 161920544
141860384 161928288
141860480 161925984
141855232 161920544
141854304 161920864
141855488 161918784
141861952 161922432
141861184 161922880
141858336 161921152
141856032 161919136
141856832 161916576
141858560 161921280
141853280 161919904
141851520 161913664
141858176 161916384
141862560 161919904
141850784 161921216
141852256 161926240
141859680 161927104
141857792 161923168
141861888 161925632
141859072 161925120
141853248 161921760
141854880 161923936
141854016 161925504
141854048 161925376
141852608 161925760
141849696 161922304
141852992 161917568
141852928 161920224
141857344 161923104
141873344 161929408
141874304 161930624
141868672 161928800
141870400 161923584
141866496 161922144
141856544 161919616
141857664 161917120
141859552 161922592
141865600 161921920
141864224 161920864
141858816 161921824
141860544 161926976
141863136 161923968
141863264 161922272
141861920 161925120
141863968 161925472
141864128 161924384
141864832 161926176
141866272 161926336
141864992 161927072
141855168 161923648
141849888 161923328
141851296 161924576
141856032 161928128
141855744 161932608
141858240 161927840
141856960 161929856
141863840 161931744
141866048 161931232
141865792 161932960
141863840 161933984
141863680 161929728
141866816 161931360
141868736 161933344
141868288 161934464
141866976 161938528
141867008 161934496
141863680 161933312
141858112 161928736
141859392 161929792
141861248 161930752
141856992 161932192
141853024 161933312
141858624 161934080
141861312 161934912
141858016 161935648
141855776 161934240
141852768 161931264
141853472 161932832
141856672 161940384
141862048 161947808
141859712 161944640
141857888 161936864
141855488 161932096
141858336 161934208
141861632 161938272
141861888 161940736
141861696 161944320
141858400 161945952
141858848 161943456
141861920 161940608
141859360 161936704
141857696 161930656
141854656 161933184
141850752 161933472
141856864 161931264
141855648 161932864
141858912 161933344
141862656 161938752
141861184 161942976
141864928 161940192
141869568 161943680
141864608 161947328
141860192 161947680
141859936 161944832
141862336 161946880
141862976 161946336
141859168 161942688
141862688 161941952
141861056 161944320
141860864 161943488
141858048 161946176
141861664 161949952
141863680 161949056
141862240 161950176
141859680 161949280
141861504 161949952
141862656 161954176
141858368 161952224
141860864 161948416
141863296 161954304
141864128 161959936
141865376 161957120
141863808 161960128
141862880 161963616
141861056 161966528
141860704 161968736
141867040 161965408
141870528 161967456
141867392 161967840
141867136 161969024
141866720 161968160
141870592 161969344
141870304 161971296
141867072 161975552
141869952 161978016
141867712 161977312
141863744 161972768
141862560 161971968
141865728 161974912
141868832 161982432
141872416 161985568
141872608 161984160
141871936 161976800
141864160 161974944
141859776 161973408
141861632 161974528
141864640 161975808
141865888 161979424
141865792 161980512
141867232 161974976
141868384 161979584
141870016 161979424
141873952 161982624
141872384 161988512
141862880 161985024
141862976 161983360
141868832 161981184
141866176 161978720
141867936 161983424
141875104 161981728
141879424 161983008
141879392 161985376
141879904 161985344
141872256 161981568
141871200 161987360
141874208 161990560
141868640 161991328
141867168 161983904
141867200 161983040
141861824 161979424
141867744 161985216
141869632 161987136
141868288 161987232
141864256 161979200
141861376 161979520
141865856 161982720
141870944 161980416
141867584 161978400
141867648 161979168
141865824 161976288
141865280 161976320
141870272 161978816
141868288 161979328
141869632 161977600
141870080 161977216
141866912 161976192
141861824 161977984
141861152 161977536
141861184 161977824
141862720 161984224
141868928 161981376
141864064 161979712
141863008 161981888
141868768 161987584
141872736 161993952
141870528 161993856
141867040 161983584
141861792 161979520
141867712 161981568
141870784 161986656
141867552 161980704
141867968 161978208
141867072 161987872
141871648 161990240
141875456 161989248
141874432 161986848
141867936 161985920
141865792 161976384
141862976 161980032
141862912 161983520
141863680 161986880
141861344 161989312
141862336 161987360
141860320 161982912
141862208 161985248
141869088 161990272
141873952 161991904
141873248 161992896
141868864 161990496
141867136 161988096
141869824 161987488
141872896 161986048
141873856 161988320
141875104 161989088
141867296 161991168
141859808 161985568
141861376 161978816
141867488 161986528
141872544 161992224
141872256 161992352
141872416 161993952
141873472 161996288
141868224 161993568
141867552 161989184
141871456 161992704
141871744 161990528
141873088 161989920
141877216 161990560
141871200 161992384
141866880 161985824
141865120 161980992
141866720 161980352
141865152 161978720
141857984 161984064
141854720 161988864
141858656 161990944
141861920 161986816
141862880 161982624
141863520 161983168
141862880 161984864
141861760 161987040
141860160 161988096
141866752 161987296
141869824 161989344
141870144 161990912
141868928 161992384
141867808 161990368
141874080 161989280
141872416 161993856
141865088 161988736
141868160 161989056
141866656 161990560
141866496 161984192
141866336 161988640
141867616 161994112
141866208 161989568
141866496 161985792
141864928 161988640
141869824 161992384
141874592 161989152
141866912 161988832
141854944 161985344
141851232 161985248
141854176 161988576
141860896 161985792
141862528 161984064
141863968 161985504
141865248 161982816
141864480 161981056
141865920 161983808
141870944 161988000
141866048 161984576
141861120 161984992
141860992 161992992
141859872 161988608
141857984 161984096
141859808 161982688
141862752 161987488
141867488 161987584
141871936 161990080
141866240 161994144
141864416 161992480
141865056 161992672
141862304 161993504
141863712 161994976
141862240 161996736
141865792 161996416
141869536 161997792
141868032 162002208
141867776 162001056
141863808 161998720
141858880 161997920
141865792 162000416
141865952 162005792
141859872 162000992
141856832 161996448
141854048 161996320
141857536 161997024
141862464 161998464
141863552 161999360
141857376 162000160
141861312 162001088
141868032 162002688
141865984 162003136
141866336 162003936
141866016 162005632
141865408 162005312
141866368 162004800
141867808 162009632
141869984 162013632
141870720 162015872
141869152 162012960
141863232 162010208
141858304 162005568
141857600 161996960
141856992 161995456
141852896 162000384
141854528 162003392
141863680 162007744
141865920 162007328
141862080 162008608
141866208 162010016
141867744 162005024
141863040 162005920
141860544 162010016
141863840 162010208
141869888 162012032
141869760 162009056
141862848 162007392
141867424 162010496
141873440 162014944
141876992 162019936
141872064 162017440
141868768 162013696
141869568 162012992
141868800 162008256
141864032 162006496
