10
141715584 199629472
141716992 199631392
141720608 199634880
141719328 199639168
141720576 199630784
141720640 199627552
141721600 199630336
141719968 199630304
141719360 199632160
141724160 199635712
141722112 199642464
141726592 199645408
141726624 199643840
141715520 199638048
141711872 199637888
141712512 199640704
141711040 199641280
141714048 199637728
141715872 199640448
141712320 199637376
141710784 199634496
141709600 199637408
141712416 199644896
141716512 199646592
141716640 199644704
141717472 199645632
141714080 199645696
141716928 199645792
141714496 199652640
141713728 199650624
141716544 199645344
141716128 199650368
141717216 199651072
141720288 199649856
141719616 199657632
141721088 199659104
141719776 199657120
141723360 199664160
141722560 199668576
141719264 199660448
141716736 199660832
141719776 199659712
141722624 199657152
141719872 199663776
141721984 199666976
141721888 199663296
141720480 199661952
141719040 199657216
141715040 199656384
141715776 199660416
141716832 199659072
141716064 199660832
141711104 199658080
141713888 199658880
141719840 199665888
141722688 199670144
141721760 199670048
141721248 199669568
141715232 199669568
141713440 199669152
141715744 199666848
141714432 199668448
141717536 199673568
141720256 199671520
141720000 199668896
141717344 199669952
141713568 199667040
141716864 199671584
141719968 199678080
141718240 199679904
141714944 199676480
141713536 199671168
141715424 199666240
141713952 199665248
141719424 199661632
141718592 199663296
141720992 199669024
141722400 199662112
141713792 199658560
141711808 199665664
141718720 199672544
141722272 199676832
141720448 199673920
141718432 199677344
141719360 199676896
141718848 199671648
141721952 199670464
141726016 199675008
141721792 199678336
141715712 199680128
141714432 199675232
141711712 199676832
141714272 199676000
141713920 199669280
141714560 199670176
141713312 199674208
141712896 199676736
141717408 199680672
141721024 199680000
141720000 199676768
141726080 199682240
141725920 199690432
141722816 199689344
141722176 199685696
141715936 199680416
141713184 199681952
141709280 199680128
141706592 199676000
141709568 199673536
141707648 199678144
141710272 199680128
141714624 199677920
141710368 199683296
141710368 199684224
141711264 199677888
141713536 199683808
141717760 199683904
141712672 199680832
141706624 199683616
141705920 199686464
141709440 199685856
141709152 199683392
141709824 199682080
141712288 199683136
141707744 199685312
141701888 199683872
141704288 199678208
141707008 199677760
141715680 199682656
141720960 199685376
141723776 199691456
141724224 199696672
141722816 199699648
141723072 199700896
141722944 199703264
141719904 199698176
141715264 199690496
141714752 199685888
141712896 199685152
141717280 199688320
141715392 199691872
141718080 199690912
141715040 199690432
141709696 199689312
141712288 199685696
141717760 199683424
141712704 199690752
141713376 199695360
141717856 199696064
141723296 199697632
141722752 199696768
141717632 199697344
141718048 199698304
141717472 199696672
141718784 199701280
141718976 199707200
141714688 199703584
141708640 199699488
141706176 199698464
141706688 199694432
141708416 199698368
141706272 199702208
141710560 199701728
141713600 199704064
141716576 199707904
141719296 199710560
141719680 199710496
141716224 199714400
141713184 199714432
141712480 199716800
141715168 199721248
141718560 199721568
141717856 199715104
141711040 199710624
141703552 199699808
141707648 199700960
141709280 199706240
141711456 199707104
141717824 199715776
141724960 199726048
141724608 199723040
141716832 199715328
141719712 199713632
141722976 199715968
141719168 199716800
141718752 199714400
141719776 199708640
141711232 199708480
141708896 199708640
141712640 199708512
141707520 199712928
141708576 199712960
141715072 199715200
141723456 199719808
141724704 199718784
141718880 199719552
141719328 199717312
141717952 199713056
141718880 199713152
141720288 199718048
141717440 199717632
141713600 199714976
141711392 199718112
141710176 199717152
141711936 199718944
141716160 199722592
141717088 199717280
141713632 199712672
141714144 199712192
141717280 199713632
141717696 199715840
141720928 199719008
141720608 199718240
141719808 199714688
141715712 199719936
141715712 199723328
141715552 199724704
141719648 199724544
141719712 199724416
141720288 199722976
141719744 199717888
141711200 199713216
141705216 199717312
141710624 199713440
141715520 199712928
141713344 199714144
141709408 199714336
141708000 199710944
141704064 199710912
141704128 199716832
141708864 199722432
141712096 199725472
141714816 199724768
141712896 199724480
141712096 199720256
141716768 199724352
141714080 199721472
141704896 199718688
141703136 199710560
141708704 199709408
141709888 199717984
141711200 199726048
141715424 199725056
141713984 199723392
141710272 199724640
141710944 199726464
141714496 199721632
141715840 199719712
141717344 199728096
141720864 199732224
141722208 199734912
141714528 199728224
141710272 199720320
141709472 199715552
141709344 199717216
141711232 199721856
141711680 199726400
141709600 199725760
141711136 199726752
141712480 199732096
141715200 199732512
141721024 199734176
141718240 199737952
141714144 199739904
141714176 199744704
141712032 199749312
141713760 199746496
141712736 199746016
141710464 199742496
141713248 199745568
141712064 199750880
141714784 199748896
141713440 199753120
141712640 199760160
141715968 199761984
141713952 199759296
141713088 199762496
141714528 199767424
141717600 199773184
141716544 199777312
141714464 199778880
141711488 199778912
141706848 199783328
141707264 199787360
141715008 199783712
141722304 199781856
141718880 199785280
141719328 199790208
141720352 199791264
141724000 199793504
141724192 199795424
141720128 199800032
141720160 199802560
141718592 199801696
141713792 199798176
141714624 199797888
141720832 199800736
141723520 199803264
141720384 199807584
141717248 199806208
141716384 199802656
141716384 199800288
141715008 199805280
141719328 199812192
141719904 199810688
141719200 199810208
141721088 199811872
141715328 199810816
141715744 199810240
141714848 199812544
141716320 199816768
141720256 199820640
141720096 199820832
141721856 199816224
141725120 199818016
141725376 199817856
141725344 199811552
141724928 199810880
141723808 199814912
141722368 199816576
141724160 199819712
141724576 199818784
141720832 199813664
141718272 199811264
141720928 199813728
141725184 199814176
141728576 199819456
141723296 199818048
141723904 199811872
141720000 199811008
141719136 199809120
141718080 199806464
141715200 199808384
141710656 199811360
141717728 199810752
141721952 199813344
141714784 199814784
141714528 199812672
141718304 199813792
141719968 199814528
141719680 199819072
141721376 199816256
141717376 199815552
141711168 199813696
141715552 199813280
141723040 199815520
141723456 199814496
141726912 199821952
141725504 199827296
141726976 199827296
141729024 199827232
141729504 199823392
141729696 199825184
141732416 199825120
141730368 199821856
141721056 199813696
141717728 199811104
141719744 199811168
141718464 199809312
141717056 199805536
141718432 199804576
141721120 199811072
141722176 199814176
141720864 199813568
141722240 199810432
141725248 199805984
141722528 199811584
141721760 199814688
141723840 199813312
141722880 199811872
141723680 199813632
141724096 199814304
141731136 199818048
141728960 199821248
141726944 199824608
141723104 199819584
141719744 199808576
141716608 199808480
141713440 199810592
141716416 199815168
141722336 199817280
141717824 199817728
141716640 199812896
141714144 199816576
141718688 199816736
141723104 199813056
141720640 199817056
141714016 199817280
141716352 199819296
141716608 199818816
141713984 199818304
141714592 199818400
141710272 199815296
141710912 199814912
141719072 199815072
141717184 199816384
141716448 199813984
141721856 199813472
141724288 199813984
141720416 199811264
141719264 199808000
141715104 199813216
141715744 199815200
141709216 199814464
141707936 199809120
141711968 199804192
141711296 199806176
141709632 199809984
141713248 199815712
141720256 199818528
141715488 199817696
141713248 199815200
141714784 199808480
141712256 199806400
141714560 199807104
141714784 199810336
141720608 199813632
141718432 199812576
141711904 199810688
141710752 199814784
141714496 199813408
141715680 199806272
141713568 199809600
141714112 199810016
141715168 199816896
141717472 199817088
141716256 199817696
141714080 199816576
141711744 199813280
141708384 199813856
141712224 199812096
141713888 199814880
141714656 199818304
141715712 199820448
141715360 199817088
141712512 199815776
141709792 199816768
141712512 199818912
141717280 199814944
141718976 199820128
141718240 199818752
141714784 199811200
141717184 199808064
141722848 199817920
141726528 199821952
141723328 199821152
141719808 199818432
141719392 199818432
141720704 199813536
141719296 199814656
141720320 199822880
141721664 199826816
141716064 199826688
141715456 199828096
141716928 199826016
141711488 199826656
141709696 199827392
141713728 199824384
141716544 199826912
141722272 199834848
141719680 199836672
141718944 199832544
141718560 199832448
141715776 199830432
141717632 199830144
141716224 199834912
141716352 199836896
141718752 199839360
141720736 199837088
141714944 199830272
141712000 199825824
141715424 199828608
141716704 199833088
141716480 199829344
141712864 199830368
141708352 199832928
141712960 199833856
141717632 199832192
141721888 199829120
141721056 199834144
141717760 199838176
141719744 199842176
141728256 199843808
141731008 199841280
141727680 199837696
141725184 199839840
141714176 199832192
141709536 199831520
141709664 199834624
141715008 199834464
141717280 199838784
141720096 199843584
141723392 199845696
141717280 199842272
141718272 199837632
141711840 199835808
141710624 199830720
141715968 199836192
141717920 199840320
141720736 199839680
141720576 199838880
141715904 199838720
141712800 199839872
141720288 199838976
141718336 199835840
141715872 199830528
141717984 199834176
141720928 199841344
141721696 199837280
141719808 199839520
141724960 199841024
141724640 199839328
141720064 199835200
141718464 199832224
141716864 199827040
141716928 199834848
141720288 199841408
141726944 199836992
141726208 199833856
141722368 199831712
141721088 199835008
141722752 199837088
141723520 199834528
141726016 199841696
141728416 199844640
141728256 199837760
141723456 199834272
141720672 199835296
141719136 199836864
141722624 199837888
141724544 199837856
141721760 199840256
141721120 199839136
141719328 199835904
141716480 199831136
141710048 199833632
141712896 199831392
141713952 199833056
141711616 199836000
141713408 199830592
141711872 199824832
141712544 199832576
141716320 199842720
141713760 199843360
141710752 199839424
141710784 199835680
141711488 199833408
141713536 199832704
141714656 199834464
141718496 199835040
141716224 199833312
141713408 199834144
141710496 199835584
141713952 199836832
141726016 199836544
141722272 199837664
141717440 199842496
141719456 199840640
141723808 199841152
141718720 199839520
141716512 199838464
141715040 199839488
141714080 199840160
141718528 199844896
141723744 199849696
141732096 199846656
141727456 199844064
141724544 199844992
141727040 199846208
141726400 199851552
141727200 199848608
141724608 199846240
141728928 199847232
141733856 199851520
141733312 199856448
141732960 199849440
141725472 199845408
141724704 199840640
141722688 199833792
141717504 199832000
141720480 199837664
141718272 199841216
141719648 199840864
141724768 199848064
141728096 199851200
141729568 199852512
141723680 199853824
141722944 199850176
141721888 199847264
141721536 199845120
141722784 199842720
141726816 199846528
141727616 199849696
141727232 199844384
141723456 199838112
141716736 199840768
141711840 199841888
141712800 199840096
141717792 199844992
141720768 199853984
141721568 199856992
141725152 199853760
141723712 199851008
141717472 199843712
141715168 199838816
141717408 199844672
141718496 199849888
141720064 199848864
141720160 199849152
141723936 199853024
141720032 199851936
141714464 199852032
141711904 199842272
141715104 199840352
141714560 199841056
141718304 199838112
141721120 199841856
141722080 199848096
141725152 199853824
141726144 199855424
141723584 199855200
141723040 199850432
141718144 199849600
141723968 199853440
141728896 199854560
141723392 199850720
141717024 199844928
141715008 199839296
141715552 199845760
141720320 199853248
141716896 199850048
141713344 199848640
141713952 199849824
141712800 199845696
141712000 199845952
141718464 199849440
141716224 199848256
141709984 199849600
141709312 199845792
141712992 199846496
141720512 199856416
141729888 199861536
141730304 199857376
141730688 199856032
141727104 199855552
141720928 199849152
141717632 199848864
141717184 199854784
141708672 199849280
141708192 199843616
141715584 199841952
141713856 199843040
141718464 199852480
141722752 199853120
141722304 199853088
141719488 199855264
141717600 199863168
141716192 199859744
141714208 199854240
141718752 199858432
141718560 199860544
141717632 199858272
141724384 199863520
141723296 199863392
141717760 199855264
141712800 199848672
141707200 199848736
141707712 199850464
141711488 199848544
141717312 199852672
141719712 199855008
141720992 199859040
141722720 199862176
141725568 199865024
141729376 199861344
141723552 199864192
141720256 199858784
141723584 199857280
141724544 199860352
141724448 199861472
141727008 199856576
141725728 199857632
141727808 199858048
141721664 199857024
141722944 199855232
141715968 199852544
141708192 199850848
141708736 199849120
141713344 199851808
141716736 199857664
141716864 199858944
141715936 199861664
141722240 199856896
141725568 199850784
141726656 199854720
141720160 199856320
141709312 199854688
141708448 199850688
141711872 199852768
141715104 199858624
141717440 199856448
141715840 199856608
141719424 199860512
141717728 199856960
141714912 199851488
141715104 199853792
141712384 199856000
141712128 199851584
141714656 199849024
141715168 199852096
141711712 199851296
141713344 199854528
141711712 199853952
141712000 199856480
141717056 199850816
141719104 199850848
141722944 199852992
141720288 199857056
141713664 199851296
141712064 199851776
141713760 199854016
141713472 199856320
141715968 199856352
141718528 199854112
141719552 199852160
141719744 199850016
141722976 199848992
141719136 199852928
141717696 199860544
141723424 199858784
141723488 199855744
141714496 199854720
141707232 199848672
141706720 199849120
141713440 199856320
141723744 199868416
141723360 199873728
141718016 199872672
141721440 199874400
141722880 199878464
141717120 199878080
141718528 199877088
141718368 199876064
141716608 199874816
141713728 199881376
141714624 199883968
141712512 199891136
141721120 199899104
141722592 199900960
141718208 199900288
141718272 199900608
141717728 199906720
141715008 199910912
141716544 199911168
141718272 199906432
141718560 199907264
141714016 199909696
141715360 199909984
141716928 199912640
141720832 199915328
141722720 199918368
141719552 199922784
141717664 199921120
141717024 199926016
141714176 199928416
141712384 199924992
141714400 199924320
141716768 199925472
141718464 199923552
141716160 199921600
141710912 199920960
141710912 199920256
141710176 199922848
141710592 199925920
141712928 199931808
141715072 199931872
141720608 199931776
141719872 199928800
141717216 199929568
141718368 199926944
141721984 199929728
141721920 199929344
141720352 199929504
141715904 199931744
141715744 199933056
141717120 199932544
141717824 199925888
141717024 199923104
141717120 199922176
141723296 199929216
141726016 199930176
141727424 199920704
141722496 199920000
141718208 199923168
141710976 199925696
141715232 199929184
141717824 199930176
141721248 199932160
141722720 199930400
141722560 199932768
141717824 199932640
141708640 199929984
141711296 199922464
141712448 199919744
141711424 199917216
141712704 199916512
141718752 199920160
141720800 199919040
141719968 199917440
141720000 199919488
141717600 199921728
141711808 199918144
141708224 199919616
141710784 199922496
141712000 199921536
141707648 199918688
141705664 199915968
141714240 199917280
141714368 199912704
141718976 199912416
141715808 199914848
141715776 199917536
141717696 199916960
141718560 199916832
141718528 199916192
141717280 199915584
141715744 199914240
141715648 199909248
141712768 199913216
141716288 199914976
141718912 199919360
141725536 199922080
141724416 199915840
141717504 199911296
141716800 199913568
141718112 199915040
141716672 199912320
141713600 199911488
141714016 199918560
141718464 199920128
141719488 199918688
141723392 199911072
141723840 199911840
141724768 199916192
141724608 199916960
141724992 199917440
141723936 199922048
141719072 199918336
141716192 199913984
141719488 199919488
141720160 199918304
141716736 199913408
141711296 199905184
141711232 199901152
141712608 199907680
141715904 199906304
141717376 199912032
141716800 199909920
141722368 199907008
141724864 199913056
141723680 199914592
141717600 199909184
141720480 199905408
141719840 199903392
141719872 199906592
141721504 199914656
141720896 199918688
141720960 199912032
141717312 199905408
141716480 199901472
141719296 199897952
141725024 199902016
141722592 199912160
141722048 199912640
141721216 199906336
141719008 199902816
141720320 199904672
141718432 199906048
141714976 199903872
141716928 199900192
141717952 199894720
141715168 199897696
141719552 199902080
141719232 199901600
141719232 199900928
141716416 199901408
141718080 199893920
141715776 199892416
141714624 199900640
141716896 199898976
141720128 199903936
141723136 199907840
141721696 199903840
141717536 199903168
141722752 199905280
141722144 199904320
141719776 199903456
141716992 199901472
141713376 199900992
141711264 199901856
141716096 199898656
141713984 199901024
141714848 199905952
141716768 199907296
141715840 199903968
141709056 199900320
141712320 199898816
141714464 199898240
141713760 199898944
141718752 199897856
141720416 199895584
141716576 199895072
141711200 199894336
141716064 199897536
141715008 199898016
141709568 199896608
141713312 199894400
141716992 199893568
141717728 199902720
141723936 199904896
141728768 199907104
141728000 199911616
141728384 199914400
141723136 199912000
141716704 199903584
141706560 199895296
141708896 199893184
141712288 199899168
141711968 199903904
141710432 199898496
141715296 199899520
141714368 199901024
141712288 199904384
141715072 199906016
141719040 199906528
141719616 199912736
141720352 199917920
141720672 199916768
141718848 199906336
141718368 199905216
141719168 199910336
141721184 199913312
141723872 199916608
141720640 199910656
141713632 199906112
141715584 199903520
141717280 199903744
141708352 199904320
141711744 199906752
141716896 199906432
141714880 199903808
141716992 199902656
141711904 199902496
141711104 199897312
141709088 199902208
141711424 199906592
141718752 199908416
141720864 199906816
141721408 199900320
141720640 199905184
141722080 199911104
141721856 199908736
141720768 199903328
141714208 199913504
141717792 199918304
141722464 199915200
141723552 199915840
141720576 199914560
141718816 199905504
141718016 199907520
141716448 199904128
141713696 199904000
141713920 199909472
141718592 199910016
141722400 199913568
141725824 199920064
141723136 199922368
141722400 199916128
141716928 199908416
141710688 199904544
141710304 199901824
141712768 199904224
141710784 199906016
141711552 199904640
141713792 199904768
141710176 199904096
141710688 199901824
141712576 199907392
141717472 199910912
141711840 199904768
141707616 199901696
141708320 199903424
141712768 199905504
141712288 199910656
141707840 199903680
141706400 199900096
141707392 199897888
141706112 199897920
141712768 199901248
141714976 199903680
141713184 199902880
141711296 199898464
141712768 199891392
141707392 199893760
141708768 199900032
141717440 199903104
141716992 199899776
141716736 199900352
141716416 199903744
141716672 199900576
141712800 199896448
141713568 199898560
141714368 199898944
141720256 199905856
141723488 199916160
141722080 199916192
141725152 199908992
141722976 199905152
141716288 199903296
141715232 199908416
141712960 199907648
141706528 199901600
141707808 199900096
141712064 199901344
141715104 199900192
141703392 199894688
141698272 199893536
141708960 199894272
141714784 199890048
141717024 199892064
141716416 199901280
141718784 199902048
141717024 199897216
141712032 199896768
141709184 199896352
141708448 199895936
141707296 199894304
141706080 199888960
141709536 199890560
141712384 199894208
141714944 199896224
141719936 199898208
141720416 199905152
141719424 199900992
141717920 199895968
141718208 199900832
141715936 199903072
141709856 199902720
141709824 199903648
141711040 199898688
141711648 199899072
141709504 199895680
141711392 199899744
141708320 199901536
141715840 199901824
141723296 199904352
141713728 199904480
141707200 199900448
141700416 199897376
141700960 199898560
141711424 199890368
141716160 199884992
141717312 199889440
141714176 199892448
141712480 199894816
141714176 199899360
141720320 199901728
141718752 199897184
141717120 199895552
141712768 199892192
141708320 199886016
141710368 199892384
141714048 199897920
141711776 199896768
141714464 199900864
141717120 199903424
141715104 199896288
141711296 199892960
141712448 199894528
141708384 199894464
141707488 199892544
141711072 199892768
141712960 199890464
141711264 199886592
141706912 199892416
141709760 199890944
141711104 199890432
141710112 199891936
141712864 199895552
141714688 199898624
141718656 199902944
141715584 199900224
141719040 199902752
141720544 199902912
141722592 199902880
141725120 199900768
141720032 199897120
141715456 199892928
141718432 199895296
141718624 199895072
141715904 199892768
141713088 199893216
141711616 199892192
141713792 199893440
141711424 199891360
141710784 199885184
141709152 199882880
141714048 199889120
141714080 199896384
141717376 199897632
141718944 199892576
141715424 199890144
141711456 199892384
141713120 199890784
141717440 199890880
141717280 199886080
141715136 199885664
141710176 199888320
141710176 199891328
141716320 199889984
141720992 199889888
141719680 199894208
141717760 199890144
141717600 199885920
141712960 199881888
141712320 199887872
141717376 199887072
141715904 199886240
141712256 199885280
141711456 199886144
141715584 199889312
141719232 199898144
141723392 199899136
141723392 199897056
141719488 199893120
141716736 199885504
141712704 199880992
141714656 199882688
141713408 199889216
141712704 199883552
141712384 199886720
141715072 199890528
141716064 199889376
141716032 199885920
141721952 199889120
141719776 199890144
141716032 199889536
141712160 199890368
141707424 199885984
141713024 199887840
141716512 199894912
141716896 199893056
141715712 199895552
141716992 199897984
141715936 199898272
141717088 199897376
141718880 199891360
141719200 199890368
141723008 199896256
141723680 199894368
141720800 199888928
141726528 199890720
141721568 199887392
141718848 199888896
141717312 199889728
141717120 199887808
141714400 199886080
141717344 199889952
141722432 199893408
141723264 199897216
141724928 199896640
141726016 199893280
141720960 199886112
141721632 199891968
141723808 199885504
141718304 199879552
141719232 199884416
141718048 199887584
141714592 199887744
141714592 199882688
141712672 199875328
141709952 199874816
141717984 199881056
141723040 199890336
141724128 199890848
141719680 199885920
141721408 199890688
141717824 199889472
141720224 199888032
141721632 199885600
141712832 199888384
141709664 199888864
141713472 199887584
141711072 199888416
141706560 199888128
141707392 199891200
141710400 199892384
141709728 199893888
141715584 199895648
141709696 199890912
141711392 199898048
141720480 199913472
141724896 199915840
141727392 199916224
141726656 199920000
141723968 199923520
141723584 199923520
141722336 199925760
141720800 199924288
141720224 199926176
141720192 199931136
141723040 199930304
141722496 199932160
141721856 199940416
141724320 199935904
141724576 199935136
141716352 199936608
141711776 199931040
141712800 199929536
141715296 199935872
141716576 199940128
141718240 199940320
141715968 199935136
141713600 199936128
141717632 199941472
141718016 199942592
141713408 199944160
141712544 199950560
141715936 199950752
141713824 199949312
141705920 199946592
141707456 199948992
141713280 199948416
141716416 199950112
141714816 199954016
141712416 199954016
141716384 199958816
141715552 199958688
141709184 199958016
141706336 199956192
141712480 199953152
141716608 199951872
141720320 199958880
141722304 199960608
141723616 199958880
141717024 199956256
141719136 199954976
141723392 199957248
141723072 199957600
141720736 199958752
141716256 199957920
141716768 199962848
141718272 199958816
141712000 199954720
141708480 199950752
141708992 199953920
141711520 199950720
141715904 199949344
141717280 199946816
141716256 199946592
141716128 199955264
141718816 199958880
141723392 199954752
141722560 199952480
141718752 199954560
141713888 199952800
141714080 199945280
141714336 199942464
141712448 199942144
141710560 199943872
141712064 199945664
141711200 199944704
141713440 199945312
141721568 199946816
141724096 199950336
141717568 199949952
141715232 199947360
141712832 199945344
141711840 199941664
141715168 199944320
141719616 199940544
141717248 199933216
141713760 199936384
141714720 199939840
141715392 199943904
141717920 199945952
141715808 199942880
141714912 199935936
141714304 199932576
141717184 199931744
141719456 199937056
141720256 199941376
141716128 199941888
141716096 199939488
141714656 199936864
141716480 199933280
141718176 199939104
141718016 199946688
141718496 199945216
141714336 199944672
141712448 199946848
141710784 199944512
141713696 199938656
141709120 199939872
141708160 199947008
141714016 199944640
141719072 199939552
141712928 199937504
141708160 199940544
141707936 199940128
141708192 199937568
141708032 199939040
141706336 199936704
141705600 199933280
141707872 199934304
141712736 199941376
141713280 199936128
141709376 199933280
141707424 199931488
141715392 199935744
141715872 199936928
141717536 199937408
141716640 199934912
141713248 199930528
141709728 199928832
141710656 199931424
141714656 199930208
141713568 199931680
141718592 199938368
141721536 199936800
141715872 199930752
141715328 199926944
141713920 199926048
141710784 199920672
141710080 199925696
141714112 199929344
141714880 199931008
141712128 199930976
141716480 199934144
141719488 199932000
141712672 199923648
141712832 199924256
141713760 199926240
141712832 199921760
141711104 199924896
141714752 199922400
141712768 199918848
141707584 199919328
141708000 199918144
141712384 199918432
141716832 199918368
141718496 199921600
141716864 199923776
141721280 199919808
141722080 199922944
141719424 199925984
141718912 199926496
141713408 199925536
141712416 199923968
141714048 199924352
141719072 199930144
141721344 199935232
141724928 199931040
141727712 199930208
141724256 199932704
141720128 199931008
141716928 199925984
141720448 199923680
141720192 199924480
141716544 199923616
141710080 199921184
141712800 199921504
141715936 199922240
141721664 199926368
141719648 199933472
141717760 199933632
141720192 199931904
141722784 199932672
141716352 199930784
141707136 199922272
141706752 199916256
141711904 199919040
141715520 199922976
141722400 199926112
141720768 199924032
141718112 199924224
141718560 199930720
141720896 199924896
141720448 199922592
141723424 199929056
141720576 199933632
141722720 199935168
141724256 199936352
141723424 199930336
141714624 199928416
141711232 199927808
141713408 199930560
141712320 199933248
141712672 199929920
141709376 199929152
141709344 199929152
141715712 199935904
141718400 199933248
141711392 199930944
141713760 199927552
141720960 199929504
141721440 199927296
141714496 199929184
141716832 199935936
141721760 199935808
141724256 199938720
141727552 199944000
141723104 199944736
141713952 199935488
141713152 199928480
141714816 199931552
141716640 199936768
141717856 199937984
141718240 199936192
141716224 199934400
141716704 199928704
141720128 199930272
141723296 199937696
141722720 199936416
141715936 199928800
141714656 199929216
141718592 199936480
141725728 199938272
141730080 199944768
141724416 199946432
141721888 199942400
141721568 199940800
141720704 199934432
141727296 199932896
141729632 199930112
141723904 199927872
141722336 199935360
141724864 199931424
141723840 199924352
141721056 199923264
141716224 199922784
141717568 199924832
141722496 199928544
141722752 199933568
141722784 199931968
141720768 199929824
141718976 199926560
141720064 199925792
141721568 199927264
141719392 199928800
141716384 199928192
141715744 199924064
141720480 199930016
141717376 199930720
141715712 199928608
141712736 199929216
141712256 199927200
141715488 199927328
141719584 199929088
141719840 199930912
141723616 199923968
141722976 199924768
141722400 199928960
141723872 199925888
141719552 199920192
141718272 199917728
141718720 199923776
141715104 199924096
141716064 199922016
141717920 199921440
141717696 199919488
141715712 199924032
141712064 199920160
141714464 199919904
141717184 199925408
141719328 199927584
141719488 199930720
141717344 199927424
141715072 199923072
141720896 199925056
141723040 199927104
141714912 199921312
141709088 199918976
141709184 199922144
141708224 199922144
141709248 199917504
141711840 199910048
141716224 199910464
141716992 199922656
141719584 199930336
141718624 199923936
141713600 199920704
141717856 199922496
141716896 199928864
141715328 199929152
141714880 199928480
141716704 199927712
141716384 199922240
141719872 199920320
141713088 199927872
141707264 199931040
141714944 199927840
141718752 199931488
141719264 199927392
141712544 199925920
141707424 199924416
141708576 199918496
141712096 199920096
141713824 199921472
141717824 199927136
141718368 199928480
141720896 199933184
141721792 199933536
141713984 199929344
141711328 199930208
141710208 199931424
141711936 199927904
141716928 199927104
141716864 199929312
141718368 199931072
141723392 199930720
141714304 199924352
141714976 199919904
141718528 199921024
141720992 199924992
141721536 199927200
141719520 199925760
141718496 199926144
141723840 199928864
141723520 199929216
141717952 199930112
141714944 199920576
141708384 199913632
141707808 199913600
141713440 199914016
141718016 199923200
141719136 199924064
141714432 199925792
141714272 199922976
141714336 199920480
141714464 199917536
141716224 199916192
141715392 199915360
141717120 199917216
141723680 199920064
141728928 199923808
141728576 199926944
141725952 199933088
141718848 199926688
141714560 199926816
141714912 199927744
141718112 199927584
141715616 199924672
141709632 199926624
141712384 199927328
141716416 199924736
141712832 199918528
141708192 199916096
141714624 199920928
141715360 199926880
141718592 199927840
141722976 199927168
141716288 199925792
141710304 199926944
141711680 199925760
141712768 199924384
141710560 199923808
141717472 199927104
141717344 199932384
141716256 199931968
141714496 199925792
141715488 199923072
141725952 199926048
141731424 199930016
141728896 199933184
141724032 199926432
141719168 199921440
141714592 199917696
141712928 199913504
141715136 199914656
141717376 199921472
141719584 199924544
141720864 199925184
141716160 199925280
141712608 199924160
141713024 199926176
141715552 199930784
141718240 199927584
141719072 199923872
141714656 199916864
141714592 199914976
141719072 199911392
141723200 199915328
141720000 199922752
141721344 199926912
141721088 199926592
141721056 199920544
141723104 199919584
141720384 199921600
141716992 199916896
141718880 199918080
141719488 199922208
141717472 199922720
141717216 199914560
141716480 199907392
141716096 199914688
141719136 199916640
141718912 199917152
141718176 199912544
141720640 199911488
141720480 199915840
141716480 199915616
141720896 199918784
141720640 199917792
141721952 199918848
141725152 199918912
141724032 199920960
141725280 199927552
141728160 199927680
141734912 199922912
141736064 199918944
141731392 199921952
141725280 199922752
141723872 199921824
141724160 199922848
141723264 199920416
141721792 199919808
141713280 199921504
141715200 199918816
141722368 199913760
141720736 199911328
141718656 199912096
141716032 199916960
141715296 199917600
141717888 199912416
141721088 199912384
141717376 199912800
141715168 199915200
141712448 199914240
141715104 199918432
141715392 199923904
141719456 199927168
141718176 199932128
141718016 199929600
141721312 199928768
141720672 199933568
141717408 199935488
141718112 199934016
141717824 199942560
141721248 199949056
141722528 199948032
141721696 199952576
141719840 199956608
141719648 199948320
141717440 199949088
141713344 199949024
141713184 199945344
141717856 199949472
141722304 199956288
141721728 199962016
141719008 199964960
141716320 199963104
141718848 199966080
141720960 199968576
141721184 199973632
141715712 199971104
141715296 199963392
141715648 199963008
141715168 199968064
141715040 199973952
141723776 199975776
141724832 199979904
141724832 199977248
141725024 199976224
141723552 199978624
141722944 199983520
141720032 199984224
141719872 199985248
141719520 199989888
141718848 199992896
141716384 199990368
141713376 199985152
141711392 199985088
141718400 199989216
141718976 199989056
141712992 199987552
141707936 199987456
141707456 199990432
141717952 199993920
141720128 199995008
141717440 199993664
141719808 199992864
141718208 199990368
141717760 199984128
141715168 199981504
141714560 199984704
141713152 199984512
141711648 199986016
141720800 199986816
141723744 199985536
141717856 199983040
141711072 199982176
141708256 199979456
141711360 199981248
141717088 199986496
141714624 199978944
141712288 199973824
141717280 199975488
141719072 199978976
141719168 199985856
141717536 199979584
141716224 199979584
141717472 199983040
141715872 199983776
141712128 199979264
141714080 199975200
141718560 199978848
141718368 199982400
141714048 199976096
141716448 199971936
141718336 199969600
141713888 199973504
141713248 199974848
141709312 199972160
141710880 199971840
141715840 199974400
141714720 199972288
141718432 199975200
141716416 199975648
141709376 199971648
141710464 199969664
141707264 199963648
141708192 199959840
141715008 199960800
141717152 199962528
141711328 199963520
141710816 199965760
141716736 199966624
141725856 199974496
141724864 199978752
141726688 199976032
141720320 199971872
141720352 199974464
141718208 199973024
141715136 199964608
141718752 199965152
141715104 199957664
141710304 199954016
141712992 199957600
141715680 199962016
141712928 199960096
141715776 199960960
141714208 199966848
141711392 199963424
141712896 199962528
141712992 199962880
141718048 199963040
141717472 199960256
141719616 199958880
141719328 199964128
141718368 199967776
141715296 199965472
141717024 199962176
141719936 199960576
141723200 199961344
141720352 199959200
141719584 199954848
141719808 199957696
141713600 199957632
141713568 199958144
141722176 199958816
141724576 199958048
141720384 199959552
141723840 199961472
141721856 199966112
141721536 199965088
141716992 199958208
141714656 199962368
141714016 199958304
141713248 199954112
141721792 199957504
141723872 199961632
141721184 199955488
141718752 199948064
141713632 199952896
141714752 199952288
141720480 199948064
141719104 199947392
141716384 199947136
141715616 199946368
141717120 199953664
141721120 199956896
141720736 199955296
141719776 199957856
141721824 199956544
141724576 199956768
141726848 199959040
141726432 199958976
141720000 199953600
141712928 199947072
141711552 199950528
141711680 199955040
141717216 199955616
141716288 199955904
141720704 199958720
141717856 199954944
141718656 199945952
141713824 199945440
141708864 199947264
141714432 199947744
141717024 199951520
141717184 199953952
141718912 199950208
141712064 199945600
141708448 199941856
141711552 199940384
141712768 199945440
141707456 199947200
141702272 199948992
141706848 199950816
141713152 199947296
141715072 199950976
141716512 199954336
141716000 199950784
141718304 199958720
141712416 199956000
141711616 199949376
141711936 199947360
141712480 199949376
141711648 199950784
141712416 199948832
141711680 199948672
141711712 199952992
141715552 199956320
141717824 199961824
141719712 199963072
141719392 199967040
141716672 199965344
141717824 199963840
141719072 199963584
141712608 199958336
141715648 199952032
141714528 199951264
141714944 199951744
141715200 199954272
141714432 199957056
141714144 199957344
141719488 199956896
141716544 199962080
141710400 199960352
141709696 199963360
141707936 199960896
141712768 199957824
141719072 199961472
141715072 199963552
141712192 199960160
141714912 199962464
141716800 199964672
141720352 199964128
141718688 199959168
141712384 199952256
141714144 199953376
141712608 199954464
141710944 199951296
141708224 199951712
141711104 199956320
141715776 199966176
141720128 199968512
141720480 199970304
141712704 199966624
141711936 199962080
141716512 199962272
141715968 199962112
141720960 199970112
141724896 199977728
141720288 199972736
141714080 199963008
141717696 199967168
141722784 199967072
141725824 199971680
141724096 199966656
141718368 199958976
141720768 199961152
141722080 199961824
141717632 199957184
141710496 199955168
141715104 199957952
141717280 199961152
141715552 199961856
141711712 199959392
141713184 199960640
141714528 199957888
141713504 199954976
141710336 199957472
141710336 199957536
141714048 199954144
141714816 199953536
141714656 199958144
141715392 199961856
141715424 199963392
141715424 199963744
141715072 199962048
141715872 199964896
141716992 199964256
141718528 199962080
141720960 199963456
141719648 199962272
141713120 199958272
141710784 199957984
141716160 199957536
141717152 199959872
141721888 199961248
141718560 199958144
141716800 199954848
141721216 199952928
141721536 199954528
141708704 199953280
141713248 199955104
141719616 199956160
141718816 199953280
141717216 199953728
141719296 199959552
141715776 199957312
141714880 199952736
141718720 199956416
141716352 199957952
141714720 199959968
141714112 199960960
141712096 199959904
141713376 199956096
141711744 199951680
141713696 199953920
141713024 199957824
141715072 199956704
141716352 199955776
141723776 199959200
141725504 199956960
141720320 199953408
141719968 199952352
141721088 199955328
141719264 199952896
141717952 199950496
141713248 199948576
141717280 199951648
141716416 199947488
141708160 199942336
141711840 199943520
141715168 199951488
141719296 199956768
141720800 199960128
141718464 199956192
141718912 199954080
141715552 199955712
141715264 199953152
141712256 199953920
141713408 199957824
141720800 199968960
141718688 199972736
141716224 199967104
141719040 199963648
141717472 199957024
141709632 199955712
141712864 199959584
141717600 199954848
141714432 199948896
141714048 199951456
141716160 199957376
141718048 199960320
141718720 199956800
141713664 199949696
141716512 199948832
141716032 199947904
141719808 199950720
141721472 199953344
141721888 199955936
141718336 199957120
141712768 199952480
141717312 199947392
141716640 199948416
141716000 199956672
141711232 199955328
141714016 199957536
141721152 199962432
141722016 199959296
141721056 199957792
141721792 199958464
141729472 199953440
141728192 199954624
141719936 199951264
141710336 199948640
141719168 199948672
141721728 199948864
141716192 199950720
141710688 199947200
141708320 199944256
141710176 199940736
141712960 199943264
141713536 199948544
141716064 199953248
141722304 199954496
141717920 199958464
141721856 199958112
141724096 199954176
141718272 199952512
141718272 199952192
141720544 199953920
141724352 199951872
141719776 199949792
141713888 199948800
141714688 199945792
141717792 199942720
141714048 199944320
141714880 199943328
141720064 199947744
141716800 199950656
141712896 199944832
141709664 199941120
141710336 199941888
141718176 199949536
141725088 199951872
141722208 199950752
141719232 199946944
141716224 199946720
141715616 199951552
141720160 199957504
141720192 199954912
141710720 199945824
141710368 199941248
141715808 199947200
141718016 199947200
141718016 199944576
141714944 199942656
141720256 199947616
141724064 199955072
141730272 199958848
141724736 199959104
141717920 199955328
141717248 199948576
141714944 199946976
141712000 199948864
141713664 199951392
141713312 199949344
141712864 199941856
141711360 199942080
141709024 199944416
141714240 199944960
141714176 199948832
141715520 199947072
141718240 199946784
141719296 199948096
141712864 199950784
141716320 199957984
141720928 199961792
141719232 199957984
141721696 199953664
141719840 199951968
141715008 199944224
141716864 199944000
141718848 199945792
141718912 199947616
141720960 199948672
141719808 199954880
141718624 199951488
141719552 199945216
141719328 199947872
141716160 199948640
141712512 199943648
141713952 199941216
141713632 199938080
141715488 199934368
141717440 199942976
141718080 199951296
141719136 199947328
141718496 199947104
141718016 199944864
141715264 199938848
141717216 199940832
141718528 199938912
141719616 199938304
141716352 199939328
141712160 199940288
141709696 199939136
141714624 199938368
141720384 199940320
141714144 199946240
141713760 199945600
141716224 199945120
141716064 199945024
141713344 199948384
141710400 199948000
141712512 199941152
141710784 199940352
141711008 199944928
141711584 199947584
141712960 199945952
141714912 199943904
141721120 199955616
141726304 199955488
141725856 199954912
141724064 199957376
141719552 199955168
141717856 199948960
141716640 199951712
141717856 199957024
141716800 199958304
141719008 199963456
141717856 199971424
141719360 199973664
141720096 199976384
141720544 199976864
141721280 199979744
141723840 199980640
141718816 199983872
141713664 199980992
141713216 199980192
141711328 199983840
141713120 199982848
141716128 199985696
141717824 199986496
141717280 199983584
141713280 199987296
141716800 199991200
141722912 199999488
141725536 200008512
141724832 200006112
141718688 199997728
141716448 199991168
141715840 199999424
141720096 200011264
141725216 200017056
141722400 200013856
141719968 200009056
141715104 200000512
141717376 200002432
141716640 200001024
141708864 199996736
141715584 200006112
141714848 200013408
141711648 200010496
141710848 200013824
141708288 200010080
141709184 200008928
141711328 200007040
141709312 200003520
141703808 200002112
141710016 200009024
141717184 200016864
141716224 200013280
141716224 200007616
141714272 200011808
141715680 200014528
141722112 200012768
141727840 200010240
141720128 200015680
141717376 200014272
141720160 200009952
141713600 200009312
141713824 200003136
141714112 199999520
141711200 199998048
141714144 200001984
141717120 200011040
141715680 200010272
141715680 200003264
141715328 200005984
141717440 200011840
141725376 200013632
141725952 200012992
141724512 200007552
141717376 200002080
141717920 199993920
141714528 199989696
141715552 199996544
141718816 200000928
141718112 200002432
141710304 199997216
141709920 199989056
141712096 199993472
141712192 199996608
141713952 199996448
141716320 199998944
141713568 199997696
141713344 199993728
141714144 199996192
141714368 199997344
141715328 199999904
141719584 200005504
141718272 200003840
141711872 199994368
141712192 199991872
141712192 199992032
141716352 199995168
141715712 199998592
141712864 199995264
141715424 199995104
141714016 199995712
141712896 199997120
141716256 199994080
141713056 199991520
141707232 199989344
141708480 199992544
141707296 199994720
141704736 199992512
141711744 199990496
141713440 199989472
141714368 199988800
141716320 199987840
141713632 199990656
141715232 199989504
141712032 199985824
141707520 199981984
141703648 199985568
141702496 199988128
141708320 199984192
141708864 199979296
141709344 199980960
141711968 199981952
141711488 199983264
141706272 199983584
141703424 199984800
141708224 199987552
141711392 199987904
141717056 199988544
141722368 199996256
141721728 199992768
141723904 199989632
141722464 199989344
141713600 199981376
141710688 199979808
141711904 199978816
141711168 199976992
141711488 199978880
141718368 199983328
141718336 199983072
141714912 199985312
141710624 199987296
141712416 199986688
141716896 199985984
141717376 199979840
141713024 199980000
141706400 199981536
141707328 199976544
141708928 199972544
141706176 199971424
141711008 199971744
141710784 199971552
141712064 199975040
141711520 199977024
141715552 199978144
141712064 199979904
141707424 199979648
141708960 199979296
141708768 199976448
141709120 199980672
141711744 199985248
141717792 199976928
141717792 199973920
141712256 199973792
141707840 199972096
141707328 199977472
141709728 199980800
141711488 199975680
141709888 199970336
141713504 199972480
141714688 199982240
141716992 199983040
141721952 199979104
141716736 199979552
141715648 199981664
141716032 199981824
141714240 199983168
141719712 199983808
141720256 199986912
141719424 199980896
141724160 199979328
141723136 199982624
141722272 199982368
141722560 199982976
141723616 199984864
141720448 199984992
141713728 199983616
141711136 199981856
141709888 199986880
141712704 199991968
141712448 199984128
141710784 199977696
141710208 199982848
141714880 199981440
141716512 199982112
141714560 199980896
141719296 199989856
141719680 199994560
141720768 199994560
141715872 199995328
141706656 199989280
141704544 199988320
141704512 199987392
141703744 199982336
141706464 199977664
141710144 199980960
141714272 199986240
141712640 199993184
141709184 199993824
141711456 199992832
141713600 199990272
141713728 199988832
141711136 199985696
141703360 199984288
141705024 199984224
141706656 199984800
141706944 199985888
141708000 199989248
141707680 199988896
141709152 199983616
141711744 199987200
141714496 199985984
141717088 199985792
141714656 199990304
141712960 199984000
141711328 199981664
141714432 199984672
141714912 199991872
141714464 199990368
141714208 199991424
141710688 199995296
141712960 199994432
141715360 199997984
141715264 199996768
141716608 199987360
141716032 199993312
141709728 199989472
141704224 199984512
141705216 199984416
141701504 199985824
141704192 199989312
141707008 199992992
141708672 199985152
141709984 199982624
141712704 199987552
141709888 199990432
141711616 199985344
141714528 199986496
141718272 199990656
141722496 199991552
141719808 199994944
141716416 199991712
141719840 199989408
141726688 199994144
141724896 199996640
141718528 199996864
141712384 199987936
141705856 199982080
141707936 199981472
141705920 199985792
141705600 199983264
141710240 199981984
141710528 199985248
141712320 199991648
141711136 199992064
141710112 199990592
141713632 199987136
141718464 199987008
141714656 199989056
141711328 199986368
141713024 199985952
141711712 199989760
141713120 199990688
141709792 199984320
141707936 199983232
141710912 199982432
141716128 199987392
141713568 199988608
141715232 199981600
141715200 199986176
141714208 199990432
141713120 199985536
141712896 199981408
141713600 199985088
141715296 199979904
141706144 199978240
141706400 199984544
141709536 199990368
141716288 199989216
141715072 199983552
141710016 199982336
141712512 199979168
141709728 199973664
141708512 199979040
141707968 199981312
141709440 199985632
141716352 199992960
141717600 199986496
141712352 199983424
141717376 199988544
141720288 199989056
141722944 199982240
141719296 199984128
141708736 199983616
141707360 199979200
141704384 199981184
141705920 199981344
141713344 199978816
141715680 199980800
141714784 199984224
141720576 199988800
141724576 199992832
141718240 199986688
141714048 199985504
141721184 199987328
141725120 199987840
141722464 199983936
141721504 199985792
141719936 199986496
141715616 199984256
141714240 199982272
141714368 199983232
141713824 199988960
141718240 199990656
141720096 199982400
141715168 199982720
141714112 199983488
141715008 199979936
141710592 199981792
141711840 199986816
141713856 199979616
141708640 199975040
141709504 199977056
141716000 199980032
141716448 199984128
141713792 199982304
141716928 199977504
141717920 199981344
141718592 199986368
141720896 199983520
141712736 199979936
141710016 199982464
141706496 199983072
141704416 199976704
141704032 199977024
141708768 199980448
141703552 199979648
141701440 199975168
141704032 199979104
141704800 199985824
141704128 199980192
141703776 199978304
141712800 199982464
141717120 199986944
141717728 199988992
141720032 199993376
141723712 199985216
141725600 199978240
141717824 199981408
141711360 199981472
141712896 199986368
141714848 199986560
141717664 199987040
141717760 199986944
141722784 199991168
141717568 199987904
141709856 199987296
141711200 199988832
141714624 199984800
141716448 199987680
141710880 199985472
141706336 199981376
141711200 199983680
141707648 199984224
141703936 199979808
141708320 199983648
141709152 199979552
141706656 199976384
141707136 199981504
141711424 199985984
141709664 199986432
141706496 199985664
141704672 199986624
141706624 199982176
141710688 199982080
141707296 199976832
141705088 199981600
141705056 199979296
141708032 199978208
141708320 199975616
141710112 199976224
141711520 199981856
141713312 199981568
141708384 199983712
141706592 199979488
141703456 199977696
141702784 199974848
141706336 199974880
141709152 199975264
141709248 199978656
141714720 199980384
141715360 199985664
141718176 199984064
141715040 199980160
141713536 199983040
141712896 199985056
141715648 199985440
141715456 199986144
141716480 199987168
141720800 199992192
141718656 199990848
141716960 199985472
141719008 199990208
141714624 199982528
141715136 199979744
141717600 199982080
141715808 199981792
141710784 199982784
141709664 199982592
141715584 199980384
141717632 199981024
141715584 199988576
141712064 199988064
141715552 199986848
141716832 199991104
141714656 199992800
141711488 199991392
141712256 199989344
141714112 199987680
141712128 199982272
141714240 199983552
141713856 199981152
141707968 199976512
141709376 199981696
141714720 199990240
141716448 199992608
141717408 199993632
141720768 199987840
141715008 199990432
141717216 199987968
141717344 199982624
141720864 199980896
141723968 199978976
141717792 199980064
141715104 199981280
141715072 199978272
141715328 199976032
141713760 199981792
141717184 199985664
141717888 199984000
141719392 199983104
141723360 199987040
141719328 199985472
141715744 199981824
141716896 199980928
141717696 199981760
141715392 199981600
141714720 199983104
141719104 199990528
141721536 200000032
141719008 200002976
141719776 200002400
141720064 200001088
141719776 200006240
141719232 200006144
141718272 200007328
141724576 200009376
141720896 200011296
141714976 200011712
141712224 200011968
141715200 200017344
141724000 200021376
141726944 200022592
141724704 200018176
141719936 200017952
141716736 200020288
141720832 200023104
141720576 200032000
141720800 200028160
141721056 200027488
141721216 200031168
141718464 200034368
141715104 200033664
141714240 200032640
141716704 200032000
141717344 200039520
141724640 200045504
141723680 200045312
141727680 200045568
141723200 200047648
141724096 200047520
141727648 200046592
141721600 200049600
141719072 200048000
141713984 200040224
141711168 200034112
141715648 200039360
141712160 200043136
141711936 200040608
141713824 200038240
141715584 200035680
141719200 200040384
141722752 200042784
141728192 200041632
141730752 200041440
141722176 200041408
141717472 200041632
141718528 200039840
141714720 200038336
141718624 200044416
141721408 200051168
141717216 200043456
141713024 200040832
141711936 200032128
141714528 200029920
141720480 200029984
141724352 200039840
141718240 200048064
141718880 200045152
141718048 200043744
141715552 200040992
141715936 200043488
141719104 200041920
141722496 200044096
141720480 200046880
141717184 200043168
141718112 200038080
141716064 200033216
141715616 200036000
141718880 200035808
141714880 200035232
141713408 200033664
141720544 200036800
141722496 200036480
141719584 200037056
141719296 200040704
141726080 200042080
141724448 200036288
141721696 200032896
141721536 200034432
141714592 200035296
141716192 200031968
141722624 200033440
141722720 200036352
141720576 200032288
141715200 200028160
141715520 200028256
141717216 200027936
141723744 200036224
141724864 200039232
141719200 200032800
141719808 200029536
141721920 200028608
141723648 200032704
141719904 200032384
141718688 200028928
141718528 200027136
141718208 200022240
141720224 200025504
141715328 200028288
141712960 200027488
141719008 200025120
141717120 200025120
141714464 200023968
141717536 200017344
141718144 200016416
141716448 200018656
141709696 200018016
141708288 200018400
141708608 200018336
141714592 200021600
141714432 200018976
141718400 200019008
141719136 200018752
141720000 200015136
141720576 200013632
141719360 200015168
141721792 200014560
141718976 200016448
141718304 200011200
141718432 200009248
141719776 200010688
141723072 200016352
141722944 200022336
141715008 200019680
141712128 200011648
141714176 200009472
141717120 200015520
141721312 200021216
141720544 200018208
141719712 200015424
141722592 200021472
141718880 200019072
141713792 200014464
141709440 200008352
141710400 200005440
141712544 200010624
141717952 200019104
141723328 200018656
141722816 200016992
141721376 200018752
141716096 200016544
141711552 200008480
141714368 200007104
141717824 200012736
141720640 200013472
141720416 200011168
141719776 200011872
141717056 200010336
141713184 200011360
141707488 200009888
141711904 200004352
141716000 200003712
141715104 200007808
141719456 200012384
141720288 200014976
141716672 200017792
141719904 200013920
141718848 200009248
141720320 200007104
141723904 200014816
141725088 200015712
141721600 200015776
141720384 200012512
141723904 200013344
141724320 200012896
141721760 200012576
141716320 200009088
141710272 200002592
141713632 200006720
141714688 200005312
141715744 200004704
141719616 200004576
141718464 200006400
141716032 200006528
141718176 200011872
141715680 200010880
141717152 200004544
141718560 200010144
141719680 200013120
141720704 200010688
141716640 200007424
141714688 200004384
141716576 200002496
141716608 200000320
141714976 200005056
141715840 200015008
141716288 200014208
141716512 200005824
141711296 200006240
141708512 200009568
141710720 200011456
141714592 200013248
141712224 200011104
141707648 200010304
141710272 200014560
141716736 200018400
141718656 200019392
141713888 200021760
141711424 200019680
141712864 200018368
141712160 200013856
141715712 200012800
141716288 200014400
141718560 200018240
141717120 200019040
141718048 200020800
141716608 200021536
141716416 200016288
141719360 200016480
141718656 200017536
141713376 200009632
141710368 200008960
141712320 200010688
141714240 200013664
141712320 200018272
141715616 200018080
141720672 200012256
141723584 200013472
141723520 200017600
141720576 200019456
141720736 200019264
141722080 200014400
141723360 200014112
141721408 200015456
141720896 200019744
141719392 200018912
141715264 200012640
141717888 200006656
141721824 200011360
141723584 200010720
141718880 200007488
141715552 200007392
141716032 200013024
141717376 200013728
141717824 200015296
141713888 200022112
141718528 200017920
141720064 200016512
141713600 200014400
141714688 200012960
141719520 200016224
141726208 200019392
141724448 200018816
141719424 200016480
141720768 200018240
141718624 200018688
141718560 200018080
141714112 200016512
141717024 200018560
141725728 200018080
141724640 200017408
141719808 200017984
141724128 200016096
141727616 200016352
141721568 200015840
141716288 200013184
141716416 200017472
141717600 200018272
141718400 200013824
141721216 200015776
141716896 200014944
141719040 200013472
141717984 200018464
141717856 200015808
141721984 200016896
141719712 200020864
141722176 200028256
141724128 200027968
141721696 200018592
141722368 200016352
141723360 200015904
141717376 200010400
141718848 200006464
141718016 200008416
141714688 200010880
141715968 200007616
141714912 200008928
141715392 200012320
141715200 200007008
141713920 200004160
141713376 200001472
141714976 200002784
141714880 200009280
141714752 200012704
141715072 200011584
141720480 200007680
141723296 200011648
141723008 200017248
141720768 200011936
141719680 200001824
141713568 200004000
141711616 200005312
141710688 200007680
141709152 200006560
141715520 200003968
141713696 200002176
141716704 200011424
141723840 200016288
141727104 200015392
141725792 200013568
141718880 200011264
141713952 200010336
141714816 200011936
141714432 200004832
141717728 200001312
141723680 200004448
141726720 200009056
141722048 200012256
141720832 200011968
141720096 200007872
141716064 200005600
141716320 200005216
141716416 200006784
141716256 200005824
141714944 200002784
141710496 200003008
141709888 200005952
141710752 200012480
141715040 200007936
141720576 200001056
141716800 200003936
141712480 200000352
141708992 199998464
141713152 200002624
141717760 200002432
141714816 200007392
141717888 200009952
141722528 200004352
141721248 200001088
141718624 199994528
141717600 200001952
141713920 200009408
141717280 200008448
141714752 200003584
141712512 200001824
141715680 200000288
141723712 200002688
141723328 200004224
141718944 200003808
141716736 200007040
141718016 200009184
141721952 200011552
141725312 200015040
141724736 200016256
141723392 200017984
141720800 200015648
141721696 200014272
141723104 200011936
141726368 200007680
141726496 200007680
141726080 200006944
141727616 200009696
141728704 200012000
141724832 200002560
141719616 200001120
141716736 200003840
141714048 199998272
141713984 199996384
141714016 199995232
141718528 199997184
141721568 200004832
141718976 200005536
141708896 200001568
141707424 199995424
141713280 199995424
141711616 199998880
141716160 199997888
141713568 199997824
141708928 199999328
141720960 200008448
141716096 200009440
141710560 199999296
141714720 200006336
141719104 200007360
141718080 200009312
141717888 200013024
141717536 200008608
141717312 200007968
141716512 200009376
141712320 200004224
141711296 200002304
141712160 200003200
141706912 199995296
141703488 199991264
141705568 199991648
141707328 199992224
141708160 200001088
141707680 200005312
141712480 200004096
141717472 200006880
141718048 200003776
141713888 200002496
141709440 200000512
141711456 199998848
141721856 200007744
141723840 200014304
141722176 200014272
141722336 200008384
141722432 200006496
141721664 200005184
141715200 199999904
141708192 199997696
141713056 200001632
141713728 200000320
141714944 200003072
141715232 200007968
141720384 200006304
141719968 200004416
141717120 200002848
141714912 200003712
141712480 200001344
141721568 200003200
141719776 199999392
141713760 199994240
141715584 199994912
141720128 200002784
141722912 200003520
141721888 200001184
141717568 199997248
141716096 199998656
141712672 199999296
141716544 200005120
141724704 200019296
141730080 200022976
141720384 200013280
141713888 200010368
141709408 200011744
141706208 200011392
141708512 200013696
141715584 200023136
141717632 200024544
141712800 200023904
141714752 200022368
141721568 200025280
141718592 200036896
141718848 200037856
141712960 200031360
141712416 200035712
141718272 200040768
141720032 200046688
141718656 200049504
141713824 200046240
141714752 200046496
141717472 200050240
141716288 200054464
141712512 200051424
141716320 200047520
141717728 200052096
141716288 200053280
141717696 200054784
141710944 200050336
141707840 200052800
141709024 200054272
141715392 200058400
141719648 200062208
141714272 200057280
141714912 200061536
141713600 200064160
141713376 200064352
141714976 200061728
141709184 200064352
141712256 200068224
141715872 200068000
141716768 200069312
141722752 200066016
141723744 200062048
141725920 200066176
141725600 200064352
141715808 200058304
141710688 200060448
141711744 200059360
141712448 200057824
141708064 200059072
141712992 200064736
141718272 200065600
141720352 200062816
141719008 200062816
141717056 200062624
141715072 200062080
141715648 200064576
141716480 200061792
141714784 200057184
141713248 200063520
141711296 200071168
141709088 200069920
141713568 200066304
141715424 200066368
141717024 200064288
141715552 200064576
141713760 200058592
141718400 200062016
141728032 200069248
141724192 200068192
141725312 200062720
141724736 200056704
141721536 200062464
141721792 200062912
141720352 200058272
141715936 200058656
141715872 200061056
141717504 200064224
141717920 200060512
141714976 200052256
141715168 200054848
141715968 200057376
141712320 200051776
141714528 200053664
141715840 200053152
141713600 200053504
141716800 200055296
141723424 200054272
141726240 200053536
141724608 200061120
141727584 200056928
141728608 200051840
141719488 200053184
141715552 200054240
141715552 200051168
141714848 200048448
141714048 200047392
141721312 200048096
141724128 200050368
141728544 200044768
141721664 200042528
141714272 200038560
141713056 200037248
141714176 200041344
141718560 200050592
141723424 200051552
141721856 200050976
141714848 200047744
141714944 200045440
141720960 200049344
141721984 200052832
141722240 200048992
141718496 200050176
141716128 200051840
141719360 200054944
141723840 200059136
141720672 200051968
141719232 200046688
141728832 200049216
141728448 200049952
141726368 200050080
141721472 200048576
141716192 200035040
141715424 200033344
141719136 200034624
141722432 200035776
141722720 200038912
141723040 200041504
141720896 200039616
141719456 200037856
141717728 200034304
141720512 200032064
141718848 200035136
141718592 200034368
141720448 200037472
141718208 200039264
141720160 200037632
141719424 200036864
141714432 200040096
141713888 200038848
141718496 200033664
141720736 200030496
141717824 200034112
141714336 200037632
141718208 200036992
141719232 200029344
141720512 200024192
141722624 200025664
141722752 200032736
141721056 200030432
141718496 200025728
141716736 200018112
141711424 200017728
141711840 200022080
141715040 200022496
141714560 200019616
141714400 200017536
141709440 200020544
141714336 200024512
141713792 200025728
141714496 200024064
141715520 200027424
141712064 200028800
141713120 200027744
141714016 200030144
141720064 200038272
141724608 200040512
141723424 200036512
141721728 200036160
141723232 200035648
141724576 200030912
141716960 200028320
141718464 200030880
141720128 200029152
141719616 200030848
141724288 200033536
141721664 200032864
141716640 200029600
141720416 200031872
141720992 200034720
141716800 200033376
141714624 200028576
141709472 200029344
141713472 200030400
141718464 200028512
141715936 200031264
141713856 200030816
141718304 200033728
141719808 200035584
141717408 200035296
141721984 200035200
141725152 200034688
141726528 200032608
141725440 200036096
141722272 200039616
141716384 200036096
141714080 200033152
141717056 200037024
141723776 200040608
141721248 200037248
141721440 200039584
141724960 200046208
141726272 200044544
141724544 200048192
141727648 200052160
141726144 200041312
141722528 200043008
141717056 200043136
141713984 200032768
141712064 200025088
141714432 200027616
141715552 200029792
141712512 200030848
141707136 200034176
141713376 200035968
141716864 200042912
141714560 200043808
141712384 200042528
141710208 200037888
141711584 200036672
141714592 200035456
141714784 200034624
141716704 200037344
141715808 200040832
141717280 200044352
141717504 200045088
141717120 200039136
141719296 200038112
141726112 200043552
141724672 200042080
141723232 200041056
141723520 200038208
141716576 200035008
141713792 200034944
141716480 200040736
141720512 200043808
141722304 200044896
141722624 200043680
141717184 200037248
141716896 200039424
141711360 200042240
141709344 200037504
141711936 200036320
141709440 200032896
141705664 200029600
141710336 200028576
141712192 200032704
141714368 200034400
141717952 200037344
141721312 200036288
141721408 200038112
141724992 200032384
141724672 200029024
141726688 200034752
141730368 200033952
141728192 200030848
141727232 200033216
141725856 200035552
141724896 200037408
141719552 200035200
141715328 200033056
141718368 200032768
141716448 200032224
141721760 200039360
141722816 200040672
141719040 200039072
141719904 200031904
141716832 200028096
141709952 200026976
141711904 200031072
141717280 200036096
141721472 200029248
141723008 200031904
141715584 200028096
141712256 200020128
141717824 200023296
141721568 200026464
141723424 200033920
141723872 200033888
141718688 200029344
141712480 200023616
141713696 200019648
141710624 200020928
141710560 200023616
141715808 200029856
141712576 200030208
141706880 200030496
141711712 200034464
141722176 200036160
141720800 200033376
141720000 200028128
141715072 200023648
141716352 200019584
141712672 200023232
141719648 200025152
141721248 200028000
141719456 200034400
141718624 200029248
141718016 200022784
141715360 200022816
141715744 200027584
141718976 200026272
141718720 200028928
141717184 200024096
141711200 200021376
141711424 200024032
141718464 200023616
141716096 200022080
141709600 200016640
141710976 200021664
141715136 200027936
141717856 200024960
141721504 200024768
141715520 200024800
141712064 200020672
141716768 200016800
141718752 200018048
141718208 200018560
141715168 200025312
141711136 200023456
141711360 200018528
141712608 200018560
141709312 200022784
141712864 200020384
141718592 200021952
141721792 200027424
141727072 200030208
141726272 200033216
141722560 200032320
141712352 200029632
141706624 200028768
141708960 200028448
141716672 200024320
141713344 200027200
141714560 200024288
141717024 200027616
141718304 200026592
141720736 200023936
141719776 200024672
141718144 200020960
141714784 200011552
141710816 200010496
141716128 200017056
141717152 200018240
141708928 200016064
141704224 200014944
141706688 200017856
141712448 200021760
141712448 200018240
141710208 200015552
141713824 200019200
141718656 200026240
141714304 200024512
141713152 200026816
141716448 200026176
141714976 200024064
141720128 200021536
141720800 200018400
141721312 200019936
141713504 200017440
141704736 200021856
141708064 200025920
141708608 200020512
141706496 200013120
141710496 200015840
141714944 200017952
141716736 200019360
141714848 200022336
141709120 200024000
141709600 200028352
141711168 200026624
141709952 200023328
141709952 200022176
141709344 200019168
141713440 200015552
141716224 200018560
141711904 200021312
141713504 200020608
141716224 200025024
141717088 200020352
141711680 200023552
141712736 200028448
141714240 200026592
141716032 200021984
141721376 200023552
141721120 200021536
141716960 200018400
141709792 200020672
141708256 200020960
141708096 200018240
141707200 200018720
141710528 200018880
141709888 200018688
141707584 200020064
141713600 200026368
141718688 200023456
141711968 200015040
141714304 200015296
141713952 200018048
141714592 200021184
141714592 200021088
141708416 200025760
141712032 200030880
141712576 200028384
141713088 200024480
141712736 200022560
141711264 200022176
141707712 200021920
141711456 200021216
141717280 200024288
141715424 200022144
141714528 200016896
141714304 200015520
141710176 200015168
141703328 200013632
141700736 200018944
141706368 200019680
141707072 200023456
141705824 200023424
141711104 200022336
141713696 200023264
141712992 200023712
141709600 200017856
141708960 200010976
141710752 200015424
141710560 200016736
141711840 200017792
141716192 200018880
141718720 200020960
141715712 200021632
141710912 200016608
141709920 200012384
141708768 200010784
141707904 200013376
141709440 200017440
141707808 200010400
141707104 200007840
141712288 200013312
141716320 200016352
141718656 200016000
141709952 200018560
141704800 200017568
141709056 200021856
141711424 200024544
141713152 200025536
141714528 200022912
141716640 200024704
141711840 200026720
141709952 200028800
141714208 200028320
141719296 200030304
141713152 200027616
141707360 200029184
141706880 200032288
141713568 200038496
141715360 200042784
141716000 200045920
141719168 200044704
141718624 200043648
141713824 200041088
141716480 200048128
141714400 200049344
141710848 200048448
141712480 200053056
141719168 200062528
141722464 200066976
141713440 200057568
141711616 200058272
141716000 200061504
141711232 200056640
141708768 200053248
141706944 200050912
141707264 200053248
141708000 200063168
141707072 200064480
141705440 200067168
141706272 200068672
141707968 200071424
141709824 200074560
141709568 200075168
141707008 200071456
141706400 200070208
141711520 200073120
141710144 200074016
141715520 200077824
141719744 200082432
141721792 200083264
141716960 200080480
141711040 200083360
141710048 200079392
141707904 200074272
141710784 200074112
141714560 200077920
141707584 200075040
141702528 200074624
141705408 200077920
141712768 200080896
141718144 200079392
141714624 200077760
141713056 200076576
141711488 200078912
141709632 200079616
141705664 200078720
141709056 200075744
141711264 200071872
141705632 200076032
141711072 200081728
141716000 200080032
141712352 200080896
141709920 200080480
141710144 200082144
141709312 200084032
141710432 200076288
141710368 200069216
141711840 200068288
141710944 200076864
141711136 200079328
141708544 200074112
141708000 200074720
141705760 200072896
141705920 200069632
141705248 200070144
141701728 200066880
141702656 200066496
141709984 200071680
141710048 200069568
141705632 200065696
141703040 200066080
141702048 200063936
141706144 200062048
141707904 200060896
141707584 200065216
141712672 200069760
141718496 200075520
141713984 200072032
141709664 200068672
141707968 200071008
141711104 200076768
141711488 200078272
141716416 200073248
141721280 200065408
141717216 200065056
141715008 200065856
141712800 200063616
141708416 200068704
141715200 200076640
141720896 200075872
141717088 200076800
141714368 200071296
141713120 200066304
141716544 200068704
141720096 200072768
141711776 200071392
141707264 200071424
141711520 200071328
141709440 200070304
141705440 200065440
141702048 200059488
141705856 200059200
141708096 200061472
141708320 200061312
141708288 200059904
141713600 200062720
141716384 200064832
141710752 200066624
141711840 200059168
141710688 200058080
141711648 200067072
141717152 200067296
141713536 200069408
141716736 200071072
141716544 200066368
141706144 200065824
141703008 200062272
141703808 200059008
141705440 200056768
141703392 200055936
141712320 200058272
141712576 200061760
141712672 200060576
141717056 200061216
141717024 200055392
141713088 200056608
141709888 200057632
141710784 200057216
141707936 200055616
141709728 200054080
141706304 200047072
141704928 200044608
141704416 200050592
141700064 200053024
141700960 200053472
141702624 200045504
141700608 200045440
141702048 200048768
141699520 200050752
141705344 200052544
141707776 200053440
141703136 200051840
141705728 200045248
141709856 200046112
141710400 200049824
141706176 200045248
141709440 200048832
141709120 200048736
141705312 200044480
141705376 200041856
141704064 200043296
141705536 200047712
141706880 200049216
141704608 200049312
141705152 200051392
141711232 200053152
141711520 200052768
141708704 200049536
141705344 200040832
141705376 200036320
141707296 200040096
141710976 200042912
141712928 200048192
141711584 200048448
141713152 200045024
141715328 200047744
141712768 200052800
141710784 200049216
141713376 200043552
141705824 200044992
141706624 200050048
141709856 200046880
141709056 200047808
141712384 200053216
141715616 200052672
141710112 200047392
141705600 200042752
141710752 200047424
141714336 200052448
141710208 200055232
141711488 200053216
141709216 200051584
141709504 200055232
141710496 200057952
141716736 200057312
141713952 200057056
141711712 200056736
141712256 200057024
141711520 200055488
141710624 200053088
141711136 200056160
141710656 200053728
141709344 200054080
141708896 200052928
141712768 200057536
141714784 200059264
141712192 200049376
141704672 200047328
141698720 200046592
141702528 200046912
141709440 200051456
141719296 200059840
141720000 200061088
141712512 200055456
141711264 200053056
141712224 200052960
141709920 200051680
141712128 200049856
141712416 200050944
141712640 200052448
141713568 200054496
141708544 200052384
141707040 200048672
141713632 200047936
141710880 200045408
141706432 200044288
141705152 200042048
141706752 200045504
141703520 200048992
141705632 200053600
141713344 200057312
141713600 200051392
141712224 200046176
141714336 200047200
141711040 200052768
141712288 200059520
141713536 200054208
141712768 200052096
141708544 200048288
141706656 200047904
141707072 200044064
141707712 200043136
141706816 200048416
141711520 200049856
141717408 200052192
141719968 200052960
141717568 200053120
141719168 200050912
141719264 200049088
141713440 200044992
141716160 200049280
141719520 200053760
141720288 200051200
141720640 200052160
141722240 200051200
141722624 200047488
141720128 200051552
141721824 200056352
141718720 200054144
141707776 200044928
141704608 200034752
141708384 200035776
141713952 200044288
141716640 200048736
141717824 200052640
141722880 200053120
141726080 200054336
141719648 200044608
141718688 200042208
141724864 200048768
141729184 200053312
141728992 200054720
141725024 200055296
141722368 200053152
141718432 200046432
141711296 200044096
141707328 200042208
141709024 200039040
141712192 200040032
141713088 200041792
141718368 200040096
141719264 200042592
141714368 200046528
141713696 200049184
141720704 200051680
141720128 200046080
141719648 200046272
141718752 200046912
141717536 200044000
141713632 200037408
141709696 200036224
141710656 200040192
141712512 200038624
141709888 200033760
141706016 200037312
141709056 200035104
141706048 200033760
141704160 200035136
141704416 200039168
141704800 200037568
141709792 200042016
141711264 200040992
141710752 200039232
141713664 200044384
141706400 200041792
141702816 200043456
141707360 200039904
141706432 200036608
141707424 200036480
141705856 200036512
141706400 200034112
141705952 200029728
141707712 200031648
141713376 200033184
141712192 200031168
141707200 200029760
141706144 200026592
141707840 200030496
141708096 200034720
141707264 200035808
141706432 200037184
141705280 200035648
141701312 200033632
141700672 200032992
141701984 200029760
141703488 200027424
141710336 200034784
141715936 200041408
141714464 200041376
141710304 200033536
141708640 200035488
141713344 200041536
141708512 200044128
141707776 200045216
141709088 200040928
141710144 200039008
141710272 200044064
141707968 200043296
141705216 200041184
141705024 200043488
141710688 200040576
141709248 200038144
141702656 200037408
141705632 200043200
141707168 200045824
141708672 200043296
141708032 200043392
141711680 200040960
141712448 200035808
141714592 200034240
141710688 200035104
141713152 200040960
141716640 200045824
141714848 200046880
141719680 200044192
141721152 200043296
141716896 200047008
141714528 200046976
141712224 200042304
141714016 200041376
141711200 200041984
141709152 200033088
141712160 200031808
141716448 200041728
141720960 200044096
141716608 200038848
141709536 200030304
141711680 200030016
141716960 200034112
141714944 200031104
141708384 200023712
141708928 200025344
141712384 200028352
141715200 200034432
141712672 200032512
141713856 200033920
141714656 200035296
141718688 200039552
141716672 200035872
141717696 200038016
141719136 200034336
141718208 200033504
141713280 200028416
141711456 200025760
141711648 200020896
141711360 200018784
141714752 200020512
141712960 200027424
141714688 200035392
141715424 200031008
141714144 200030464
141712864 200026848
141711104 200023936
141706784 200025248
141706912 200028160
141708032 200029024
141708800 200027520
141707872 200029952
141709696 200034976
141714272 200035936
141720448 200035776
141720224 200032512
141713952 200030880
141713920 200034592
141716128 200028096
141714240 200026176
141718688 200029280
141719552 200035040
141719488 200037184
141714976 200029888
141716992 200023296
141712928 200021856
141712416 200021216
141712864 200022112
141716896 200029984
141724160 200032992
141723008 200033536
141724320 200036384
141714656 200032448
141712704 200029152
141709408 200031936
141713248 200034464
141714144 200030848
141711328 200026272
141709952 200024288
141704928 200025216
141707008 200023872
141705856 200022976
141704640 200021472
141703520 200019616
141702176 200022464
141707616 200026112
141713856 200032096
141712000 200031552
141709312 200026336
141708576 200025248
141708832 200023968
141711488 200028256
141714208 200030848
141712576 200027104
141710816 200022464
141714496 200028128
141713408 200034464
141709376 200033856
141707808 200026016
141709088 200028256
141712736 200029184
141706496 200029792
141703584 200027264
141708320 200023616
141706528 200026816
141707264 200032128
141710336 200032256
141710368 200032160
141712864 200038944
141715392 200042112
141713984 200037920
141718080 200039168
141715328 200039904
141708832 200049088
141716800 200052640
141720704 200052896
141712960 200050336
141711456 200046112
141714912 200052896
141713632 200056160
141713344 200059040
141718816 200067584
141719296 200071648
141717120 200067456
141715616 200061280
141723360 200060928
141722624 200067904
141720160 200073952
141719104 200079808
141715136 200079680
141712096 200076064
141719424 200076864
141720416 200077440
141715392 200075040
141711392 200073536
141713632 200077920
141716992 200088032
141717152 200086240
141709504 200085504
141713792 200089984
141714464 200087552
141710848 200088064
141709280 200087072
141709504 200085440
141709984 200089088
141708192 200086848
141706752 200087776
141707264 200088576
141707456 200091552
141707360 200088768
141705312 200087040
141707808 200091456
141714080 200086752
141709984 200085952
141709824 200088320
141711008 200089632
141710528 200095232
141706144 200090304
141710112 200091680
141712992 200092352
141708800 200084832
141704768 200081312
141702304 200083488
141703040 200085216
141709376 200089536
141709504 200090400
141710784 200086592
141713824 200088224
141717184 200085728
141710496 200082112
141708896 200083552
141710432 200081472
141710144 200082016
141705856 200082272
141701888 200085248
141703488 200081440
141707232 200078048
141709440 200074432
141712512 200074560
141708832 200075456
141704000 200073696
141703072 200074112
141702496 200075776
141708512 200077184
141709824 200077984
141709024 200078688
141707840 200075680
141704480 200068544
141707584 200066880
141712320 200075744
141716000 200078240
141717344 200077312
141713216 200075008
141712960 200072416
141710592 200076832
141710848 200075936
141705344 200071040
141699872 200070784
141703008 200067360
141708608 200064512
141707680 200066176
141705312 200072128
141705888 200071264
141710144 200068384
141707840 200069152
141707072 200071296
141716384 200076768
141720832 200081536
141715360 200079968
141717760 200074112
141719904 200075392
141718432 200075264
141718176 200076352
141715872 200078208
141713472 200074560
141714752 200067680
141712768 200065248
141713600 200068160
141717312 200064800
141718240 200064704
141714176 200067264
141710624 200061952
141711520 200055072
141716064 200059328
141714240 200062368
141715360 200067264
141715936 200062528
141715584 200060160
141714752 200060352
141715776 200056768
141710528 200052128
141707936 200055904
141714432 200058720
141710496 200060640
141716320 200061088
141714272 200050080
141706464 200051808
141701024 200053664
141705792 200053376
141713184 200058912
141718624 200062048
141717216 200062496
141716864 200057248
141715072 200057632
141714304 200056480
141707008 200048320
141702656 200045760
141705472 200044384
141706336 200043072
141702336 200035808
141704800 200033024
141699552 200037312
141700000 200045408
141710240 200053216
141707264 200050880
141703072 200045120
141707360 200048224
141707168 200047968
141703104 200044160
141702752 200048384
141701280 200043424
141706336 200047136
141709376 200050944
141709824 200050080
141712672 200049152
141711008 200047808
141710016 200048512
141710784 200051936
141713472 200049216
141715552 200053440
141709632 200050272
141705216 200049920
141707552 200048576
141707392 200050912
141703200 200049600
141709536 200051328
141713760 200050016
141716896 200049856
141715808 200052064
141716864 200052288
141715968 200055232
141709536 200053280
141713696 200055584
141717536 200051712
141714880 200046848
141714912 200045504
141712160 200050816
141715104 200053088
141713920 200049504
141712768 200050048
141718016 200050912
141717024 200046208
141712896 200047456
141715744 200054912
141713600 200053600
141712416 200056064
141719040 200059296
141717920 200062976
141713696 200060320
141716768 200056160
141716640 200056128
141717600 200056544
141719552 200064576
141720672 200065120
141717600 200061120
141719040 200057984
141717632 200054304
141708096 200054112
141708800 200052736
141713728 200048288
141713536 200054112
141713472 200056288
141715104 200061760
141714944 200059456
141713664 200055392
141708640 200055712
141706912 200056352
141705664 200050880
141704832 200047680
141709632 200048384
141706560 200050080
141709408 200056800
141714688 200060864
141715712 200060512
141713440 200062432
141715648 200062208
141710880 200058784
141706848 200056032
141704640 200057984
141708128 200065280
141716992 200068288
141717600 200069280
141716576 200065024
141714784 200061792
141711104 200059264
141706656 200053280
141712160 200051776
141713760 200055040
141706048 200060992
141707584 200055264
141704544 200049920
141707712 200046880
141713824 200058336
141715552 200060160
141713440 200056960
141712768 200058976
141712064 200055008
141707744 200051552
141704736 200049376
141704416 200052576
141711584 200063104
141713408 200064896
141711296 200059136
141714656 200058816
141713632 200058560
141711648 200056192
141706784 200053984
141707264 200048160
141708352 200046432
141704640 200047584
141707040 200057536
141708000 200063552
141712896 200060128
141715008 200058496
141714816 200057664
141714240 200055744
141713248 200055104
141717408 200056928
141710880 200055264
141702336 200048288
141704672 200045248
141705568 200043104
141707520 200044608
141709088 200046048
141707808 200048256
141707552 200050272
141712032 200048992
141717024 200050112
141717856 200051552
141712736 200048928
141709888 200049184
141709024 200046176
141713760 200048096
141717344 200051136
141721280 200055232
141717344 200052960
141719744 200047840
141718432 200048128
141718944 200055360
141719744 200053664
141721344 200049664
141721536 200045408
141719008 200042912
141720224 200040544
141720992 200043040
141719232 200049248
141718976 200048320
141721376 200046592
141713088 200044320
141710752 200043072
141712128 200044352
141716480 200047936
141717856 200052832
141724064 200050688
141721408 200050944
141720320 200050592
141722656 200052416
141718752 200053984
141716928 200046272
141718496 200046624
141715808 200047264
141718144 200046656
141718272 200048064
141712320 200046848
141708096 200042592
141708384 200042816
141710400 200044160
141713280 200049600
141718560 200050048
141716224 200049888
141710976 200047392
141711104 200043936
141707200 200041344
141707712 200037120
141709280 200038880
141711968 200039392
141714080 200036352
141712608 200036416
141712448 200042336
141717824 200042976
141722368 200037696
141720064 200038560
141718208 200042144
141722880 200044896
141720128 200043712
141717152 200044384
141717600 200043040
141713984 200039232
141717408 200035328
141718432 200041984
141711168 200043168
141713472 200046496
141715200 200041632
141709088 200037280
141703104 200032832
141704864 200034592
141710144 200044960
141715872 200048928
141720000 200043744
141716544 200042560
141710656 200039520
141710944 200036800
141712832 200040768
141710496 200036032
141708896 200033856
141707136 200030368
141711296 200030240
141710784 200036736
141710752 200033504
141711264 200030528
141712416 200033952
141721408 200044608
141723296 200050048
141721632 200044704
141718272 200038304
141718656 200034272
141718784 200035456
141714112 200033312
141711456 200032512
141714432 200036832
141710688 200036128
141713504 200036416
141718368 200034208
141719584 200037760
141717216 200039808
141716352 200038624
141716832 200035264
141710176 200034048
141714336 200037184
141718336 200039904
141716672 200036352
141719200 200037248
141720064 200045248
141721504 200046560
141725984 200044672
141723936 200044480
141716960 200039040
141716032 200037184
141713056 200041248
141714752 200038336
141717696 200035776
141717888 200041472
141718400 200040224
141722528 200037728
141719552 200043168
141718272 200048896
141714208 200044736
141705312 200039872
141708832 200034176
141714752 200031712
141715392 200034912
141718176 200037408
141714880 200035808
141719840 200033888
141721152 200040352
141721376 200041856
141720736 200036192
141721088 200034112
141721664 200036224
141719712 200040736
141716032 200041120
141715136 200043456
141720704 200044832
141724576 200040352
141724960 200037408
141720352 200037248
141714208 200032544
141715776 200035808
141717664 200042208
141717408 200043200
141715392 200043424
141714528 200041792
141711744 200039872
141707456 200035392
141708864 200034272
141710048 200034208
141711008 200035520
141714976 200034304
141715360 200039744
141721888 200049472
141726528 200040544
141724736 200040864
141720160 200042624
141717280 200041856
141720992 200045120
141715776 200041856
141718624 200043904
141721152 200045152
141716960 200043904
141711776 200048576
141709888 200044896
141709184 200042240
141710688 200047168
141710816 200053504
141710496 200059328
141715712 200061184
141710752 200058656
141705792 200053184
141713536 200056960
141718240 200065472
141721664 200072928
141718656 200077408
141714016 200074496
141717408 200074432
141718912 200073952
141715552 200071424
141710336 200075264
141708832 200080576
141713440 200080032
141716672 200081472
141716288 200083168
141714528 200083488
141720480 200088224
141717408 200092608
141716928 200089024
141715680 200088192
141714464 200092288
141716448 200095616
141714016 200088096
141712160 200084832
141711072 200088960
141710560 200094720
141713856 200098912
141715488 200095616
141712832 200094976
141711808 200092064
141710848 200091680
141710464 200097760
141711936 200094016
141713632 200095296
141709792 200095456
141708608 200091712
141712992 200093728
141714432 200095808
141714880 200100256
141710784 200100448
141712384 200095008
141710656 200093632
141711104 200098976
141714304 200100352
141712288 200093024
141711392 200087776
141711104 200088320
141709664 200092832
141711008 200090848
141709920 200093664
141707808 200089984
141713376 200089696
141712192 200088960
141713536 200088896
141716896 200093632
141716416 200092480
141715232 200088832
141713248 200087808
141713888 200091168
141721504 200100480
141727392 200103072
141719424 200095744
141715264 200087872
141713792 200086368
141713216 200085600
141710400 200085632
141714912 200085984
141714624 200088320
141712736 200086016
141709344 200079712
141708288 200084480
141711040 200087712
141719488 200084320
141719616 200087424
141716576 200090368
141721152 200087328
141723264 200089920
141716832 200082304
141713120 200078048
141712896 200078912
141708512 200079840
141706048 200077248
141710272 200079392
141710272 200081664
141704640 200076448
141702720 200074112
141710144 200078528
141713472 200080192
141714496 200078304
141713024 200077024
141713952 200082240
141715360 200081600
141719136 200079040
141722336 200084288
141722272 200081120
141716640 200080096
141717600 200084512
141715808 200081536
141712992 200074368
141712288 200076576
141718112 200074048
141724288 200072096
141720736 200071968
141718336 200070784
141715360 200072160
141716128 200074176
141715168 200070432
141716032 200076640
141716960 200078144
141719808 200072160
141719680 200071136
141724544 200076736
141726528 200075904
141719232 200074816
141716256 200071200
141713216 200064672
141714400 200065920
141716480 200063296
141712992 200053888
141709792 200051488
141705728 200055552
141706816 200059392
141712256 200063008
141716864 200064448
141721632 200066528
141725504 200067968
141719456 200066848
141714816 200060832
141712288 200058784
141711488 200053696
141712224 200054368
141712992 200057568
141716896 200056640
141720064 200061312
141716320 200062304
141711904 200059104
141714400 200053504
141718944 200053024
141720576 200057120
141719872 200057568
141715072 200055616
141714688 200055328
141715872 200061728
141716064 200060000
141716352 200055168
141714368 200057056
141715936 200058720
141724576 200060352
141723200 200062944
141718080 200060704
141714976 200058112
141716768 200057088
141718624 200057824
141712640 200061632
141712960 200066368
141718048 200063648
141715680 200057184
141706912 200053984
141708192 200050016
141708800 200052192
141707552 200052704
141707584 200051904
141709632 200054976
141712448 200058912
141712384 200059840
141715072 200060992
141718304 200068128
141718112 200072832
141716128 200070464
141712384 200062592
141712000 200057312
141704192 200053984
141700992 200052480
141707904 200054336
141706720 200055808
141702944 200055360
141704192 200055776
141711456 200064192
141713792 200063808
141711840 200057216
141711232 200054272
141710048 200056992
141706848 200062176
141705792 200060608
141708928 200065856
141710784 200065376
141708544 200058400
141703392 200057344
141703424 200063456
141704672 200062688
141708416 200061312
141708224 200058816
141706656 200062720
141708896 200070400
141705920 200069536
141707968 200066848
141714624 200065280
141714752 200064576
141710464 200060768
141708448 200064864
141705600 200067296
141705792 200058144
141706624 200056000
141715808 200063328
141718944 200071328
141715936 200065760
141711808 200063424
141713056 200062976
141711296 200062048
141712800 200060128
141716768 200058176
141712192 200063360
141712448 200066080
141715936 200061440
141712224 200062304
141712864 200063680
141714848 200063040
141715232 200061216
141710528 200066080
141701792 200069312
141711520 200070656
141718560 200071264
141715648 200068544
141710688 200063456
141709664 200059904
141712352 200061632
141706848 200066432
141706464 200062048
141705472 200058176
141710368 200063360
141710368 200066464
141711872 200063488
141714496 200065952
141715872 200064704
141711296 200060672
141707104 200058016
141704928 200056640
141707648 200056896
141707936 200052896
141702944 200053120
141703232 200050240
141705792 200050400
141704096 200055360
141705856 200055488
141710112 200058112
141714816 200063680
141714976 200064832
141718048 200068160
141721280 200064832
141713632 200059552
141702176 200056128
141702176 200056960
141702688 200058464
141706560 200057088
141711360 200056832
141708800 200057792
141710720 200058560
141709088 200058368
141711392 200059808
141710336 200064448
141707136 200058560
141707424 200054496
141705952 200058400
141704928 200061472
141708256 200065696
141707488 200066752
141705696 200058304
141704864 200052288
141706400 200054528
141710464 200060512
141714016 200060896
141714976 200062048
141704352 200058336
141700640 200055392
141704384 200054784
141707168 200053216
141703520 200051776
141706144 200055328
141705088 200059424
141704640 200056224
141703040 200047296
141702112 200050304
141706496 200058240
141709280 200065856
141708800 200064064
141712800 200060992
141711648 200057536
141709056 200056800
141706016 200056064
141705216 200056352
141705600 200052800
141708608 200051648
141707904 200051648
141706432 200051840
141705184 200050912
141702912 200050016
141707936 200046912
141707648 200050816
141705408 200055520
141706208 200053760
141704416 200050304
141702784 200044448
141704480 200044992
141701632 200044352
141703232 200043968
141698944 200044512
141701984 200041952
141707392 200034464
141708096 200035072
141710112 200043584
141706112 200048256
141705120 200048256
141709184 200051264
141709216 200050080
141708832 200047072
141709344 200047104
141711136 200047968
141710496 200048768
141707424 200051712
141707264 200046304
141714208 200051520
141711392 200052128
141709184 200051712
141710048 200054912
141708960 200052640
141707520 200047936
141705440 200042688
141707648 200044864
141708160 200043456
141707008 200047840
141710048 200048480
141709856 200050784
141706432 200051808
141709184 200051552
141714016 200054592
141718656 200060960
141718624 200056832
141712800 200047776
141709888 200046144
141703680 200043168
141703488 200041248
141703456 200044416
141706592 200043968
141703232 200042208
141704032 200042400
141705344 200041600
141708960 200044992
141704160 200042272
141705888 200036192
141704000 200037216
141709120 200041280
141709504 200045120
141706496 200045792
141706432 200047392
141707808 200044672
141703552 200048992
141707488 200049440
141708896 200047328
141705472 200050304
141706528 200047552
141706336 200046240
141708800 200049696
141708768 200047328
141704544 200044768
141702432 200046176
141708064 200051200
141708416 200051488
141709952 200050528
141709248 200049216
141704000 200044320
141711840 200049120
141711200 200049536
141710592 200044576
141712320 200050400
141714272 200052192
141717536 200051680
141720832 200054368
141720704 200052032
141715904 200050208
141711936 200047776
141710976 200048128
141707872 200049696
141707840 200049792
141705856 200043488
141704352 200044128
141701440 200040960
141699360 200038016
141696704 200037984
141698272 200036864
141694176 200033664
141699456 200037152
141709088 200042688
141719168 200047872
141717312 200043872
141712800 200038272
141710944 200037024
141711104 200037280
141712064 200033568
141709248 200034496
141711264 200035488
141713696 200039584
141716032 200044864
141713216 200047200
141711200 200044256
141706816 200039424
141704992 200037728
141708608 200041952
141710144 200041984
141710368 200045600
141720704 200044096
141719264 200038208
141715712 200039456
141712640 200033248
141711328 200037984
141712992 200044800
141714400 200041472
141710912 200039584
141708352 200039648
141712800 200042880
141711168 200039584
141710816 200037280
141709760 200041024
141709760 200044128
141708864 200037760
141706048 200029408
141706144 200033088
141706336 200033920
141705632 200031168
141707072 200031296
141711904 200030912
141713344 200031424
141713216 200035808
141708992 200038528
141705312 200037952
141700416 200037152
141700896 200035168
141704320 200035104
141705536 200032128
141707136 200032384
141703232 200034048
141705312 200032288
141702688 200029824
141701152 200028096
141702720 200035968
141710464 200040096
141713184 200045504
141713792 200044576
141712192 200043680
