10
141760032 268435424
141759392 268435424
141758720 268435424
141759520 268435424
141761248 268435424
141761888 268435424
141761184 268435424
141759264 268435424
141761088 268435424
141760512 268435424
141760640 268435424
141761088 268435424
141758784 268435424
141765280 268435424
141762144 268435424
141758496 268435424
141753632 268435424
141752928 268435424
141757440 268435424
141762784 268435424
141759264 268435424
141754816 268435424
141753504 268435424
141756064 268435424
141753216 268435424
141752416 268435424
141751744 268435424
141752928 268435424
141754048 268435424
141751328 268435424
141754112 268435424
141752096 268435424
141751936 268435424
141753248 268435424
141748320 268435424
141754176 268435424
141754816 268435424
141753216 268435424
141758752 268435424
141759072 268435424
141757920 268435424
141753728 268435424
141753024 268435424
141751328 268435424
141749632 268435424
141752640 268435424
141751488 268435424
141752352 268435424
141755552 268435424
141753248 268435424
141749696 268435424
141742336 268435424
141741664 268435424
141745888 268435424
141752544 268435424
141752384 268435424
141751776 268435424
141752672 268435424
141755968 268435424
141757568 268435424
141754944 268435424
141752896 268435424
141762176 268435424
141769184 268435424
141770240 268435424
141766400 268435424
141765056 268435424
141764800 268435424
141764896 268435424
141760960 268435424
141755584 268435424
141755712 268435424
141756896 268435424
141760256 268435424
141758496 268435424
141759488 268435424
141759328 268435424
141759872 268435424
141756480 268435424
141752352 268435424
141754048 268435424
141755232 268435424
141752768 268435424
141756800 268435424
141756384 268435424
141751776 268435424
141752544 268435424
141760000 268435424
141764832 268435424
141766112 268435424
141761024 268435424
141759680 268435424
141756768 268435424
141755424 268435424
141755520 268435424
141759168 268435424
141762240 268435424
141757056 268435424
141750688 268435424
141749920 268435424
141750592 268435424
141746720 268435424
141745216 268435424
141756320 268435424
141757696 268435424
141758976 268435424
141762400 268435424
141758944 268435424
141759200 268435424
141763168 268435424
141759424 268435424
141754848 268435424
141755424 268435424
141760576 268435424
141759488 268435424
141755840 268435424
141756064 268435424
141751424 268435424
141758400 268435424
141764544 268435424
141761120 268435424
141756352 268435424
141756000 268435424
141759552 268435424
141757888 268435424
141752800 268435424
141751776 268435424
141753408 268435424
141755616 268435424
141757792 268435424
141758912 268435424
141759072 268435424
141760416 268435424
141759200 268435424
141762720 268435424
141767872 268435424
141770336 268435424
141764256 268435424
141762464 268435424
141764928 268435424
141763680 268435424
141763392 268435424
141759040 268435424
141762528 268435424
141761920 268435424
141761248 268435424
141764192 268435424
141762912 268435424
141756960 268435424
141752864 268435424
141749792 268435424
141748512 268435424
141748288 268435424
141753664 268435424
141749792 268435424
141752128 268435424
141755616 268435424
141754912 268435424
141751616 268435424
141753600 268435424
141758112 268435424
141762304 268435424
141764064 268435424
141761600 268435424
141762752 268435424
141758112 268435424
141758976 268435424
141761888 268435424
141754688 268435424
141755104 268435424
141757472 268435424
141754176 268435424
141757984 268435424
141755808 268435424
141756320 268435424
141756128 268435424
141753152 268435424
141756704 268435424
141760544 268435424
141755328 268435424
141752064 268435424
141749824 268435424
141749344 268435424
141747104 268435424
141746368 268435424
141749536 268435424
141750720 268435424
141750304 268435424
141753216 268435424
141753408 268435424
141749856 268435424
141755808 268435424
141760384 268435424
141760736 268435424
141761856 268435424
141759584 268435424
141759424 268435424
141757984 268435424
141757952 268435424
141760800 268435424
141764064 268435424
141763488 268435424
141764864 268435424
141767104 268435424
141766880 268435424
141762944 268435424
141759456 268435424
141760064 268435424
141760576 268435424
141765888 268435424
141766944 268435424
141765088 268435424
141770432 268435424
141768544 268435424
141770240 268435424
141758336 268435424
141748640 268435424
141750304 268435424
141757216 268435424
141759520 268435424
141756192 268435424
141754560 268435424
141748608 268435424
141752000 268435424
141761696 268435424
141764512 268435424
141764096 268435424
141757344 268435424
141757472 268435424
141759520 268435424
141758816 268435424
141760480 268435424
141760960 268435424
141758432 268435424
141759584 268435424
141762400 268435424
141763200 268435424
141760704 268435424
141760192 268435424
141760352 268435424
141758848 268435424
141761600 268435424
141760192 268435424
141760768 268435424
141759424 268435424
141760160 268435424
141755040 268435424
141754080 268435424
141754304 268435424
141759104 268435424
141756992 268435424
141760960 268435424
141765536 268435424
141767392 268435424
141766752 268435424
141761472 268435424
141763776 268435424
141768160 268435424
141767840 268435424
141763328 268435424
141759200 268435424
141762080 268435424
141767424 268435424
141766464 268435424
141768128 268435424
141763904 268435424
141759136 268435424
141754752 268435424
141757088 268435424
141759328 268435424
141756576 268435424
141754720 268435424
141759232 268435424
141761792 268435424
141764160 268435424
141761248 268435424
141753536 268435424
141757248 268435424
141759136 268435424
141758048 268435424
141759296 268435424
141758656 268435424
141754656 268435424
141760320 268435424
141756320 268435424
141751648 268435424
141751968 268435424
141762112 268435424
141764160 268435424
141761824 268435424
141763872 268435424
141762336 268435424
141760224 268435424
141756672 268435424
141759104 268435424
141759168 268435424
141762464 268435424
141764928 268435424
141761888 268435424
141760736 268435424
141756384 268435424
141755136 268435424
141754400 268435424
141755552 268435424
141759776 268435424
141759648 268435424
141760608 268435424
141757504 268435424
141759648 268435424
141758464 268435424
141756384 268435424
141754432 268435424
141754272 268435424
141752416 268435424
141756096 268435424
141754176 268435424
141753312 268435424
141757056 268435424
141758464 268435424
141760320 268435424
141756320 268435424
141754688 268435424
141754976 268435424
141759296 268435424
141756512 268435424
141759104 268435424
141756320 268435424
141753888 268435424
141751456 268435424
141756192 268435424
141763552 268435424
141765664 268435424
141758496 268435424
141751488 268435424
141750112 268435424
141758720 268435424
141762272 268435424
141759072 268435424
141757504 268435424
141757856 268435424
141766848 268435424
141762400 268435424
141761152 268435424
141763360 268435424
141762368 268435424
141763584 268435424
141756384 268435424
141751520 268435424
141753056 268435424
141755136 268435424
141757248 268435424
141760288 268435424
141754688 268435424
141751904 268435424
141754240 268435424
141757120 268435424
141760416 268435424
141760448 268435424
141761216 268435424
141762560 268435424
141762624 268435424
141763648 268435424
141762464 268435424
141756704 268435424
141755296 268435424
141754560 268435424
141758016 268435424
141759168 268435424
141762368 268435424
141761952 268435424
141757984 268435424
141756128 268435424
141758560 268435424
141762240 268435424
141756704 268435424
141754112 268435424
141761344 268435424
141760928 268435424
141763008 268435424
141765600 268435424
141769792 268435424
141771008 268435424
141768832 268435424
141765728 268435424
141760128 268435424
141757280 268435424
141757664 268435424
141756384 268435424
141752576 268435424
141747616 268435424
141750144 268435424
141758752 268435424
141766400 268435424
141770592 268435424
141767584 268435424
141766304 268435424
141764640 268435424
141769824 268435424
141772960 268435424
141773856 268435424
141759616 268435424
141752384 268435424
141751040 268435424
141756928 268435424
141761120 268435424
141757824 268435424
141758816 268435424
141766688 268435424
141768800 268435424
141768064 268435424
141768128 268435424
141765312 268435424
141766848 268435424
141763392 268435424
141762720 268435424
141759872 268435424
141758016 268435424
141762304 268435424
141763328 268435424
141762528 268435424
141762048 268435424
141758496 268435424
141759680 268435424
141761888 268435424
141759360 268435424
141753600 268435424
141758720 268435424
141759072 268435424
141758176 268435424
141763040 268435424
141763488 268435424
141766400 268435424
141763776 268435424
141765088 268435424
141768960 268435424
141765088 268435424
141755872 268435424
141749792 268435424
141748320 268435424
141746336 268435424
141756096 268435424
141759360 268435424
141753856 268435424
141753568 268435424
141752448 268435424
141752544 268435424
141754240 268435424
141752032 268435424
141748256 268435424
141749248 268435424
141749600 268435424
141752512 268435424
141751328 268435424
141749664 268435424
141746496 268435424
141746400 268435424
141750112 268435424
141755328 268435424
141753408 268435424
141748608 268435424
141752608 268435424
141749472 268435424
141749888 268435424
141749984 268435424
141749920 268435424
141751392 268435424
141753888 268435424
141753792 268435424
141752608 268435424
141750784 268435424
141749888 268435424
141752096 268435424
141750752 268435424
141751072 268435424
141751232 268435424
141750592 268435424
141753376 268435424
141754176 268435424
141752832 268435424
141752096 268435424
141750656 268435424
141754592 268435424
141755264 268435424
141754016 268435424
141754912 268435424
141754784 268435424
141753120 268435424
141754176 268435424
141755264 268435424
141754784 268435424
141754784 268435424
141761056 268435424
141766688 268435424
141764512 268435424
141762048 268435424
141754944 268435424
141758848 268435424
141763744 268435424
141763904 268435424
141762752 268435424
141756000 268435424
141750528 268435424
141749600 268435424
141753856 268435424
141755520 268435424
141753600 268435424
141754528 268435424
141755744 268435424
141749472 268435424
141746368 268435424
141751232 268435424
141751968 268435424
141754176 268435424
141758464 268435424
141755264 268435424
141755520 268435424
141757216 268435424
141758240 268435424
141757760 268435424
141760672 268435424
141765088 268435424
141768672 268435424
141763840 268435424
141760896 268435424
141760832 268435424
141760736 268435424
141758560 268435424
141756832 268435424
141759872 268435424
141763680 268435424
141761472 268435424
141754592 268435424
141754016 268435424
141751968 268435424
141753696 268435424
141754592 268435424
141755232 268435424
141755392 268435424
141758816 268435424
141763456 268435424
141763936 268435424
141765952 268435424
141760544 268435424
141755488 268435424
141759840 268435424
141756064 268435424
141753568 268435424
141761856 268435424
141765920 268435424
141759168 268435424
141759936 268435424
141763200 268435424
141760064 268435424
141758752 268435424
141760960 268435424
141759040 268435424
141759968 268435424
141752608 268435424
141752736 268435424
141755584 268435424
141753376 268435424
141758496 268435424
141760960 268435424
141763776 268435424
141760128 268435424
141756384 268435424
141757408 268435424
141761504 268435424
141760064 268435424
141759264 268435424
141758720 268435424
141760576 268435424
141761600 268435424
141756800 268435424
141752512 268435424
141755008 268435424
141755904 268435424
141755872 268435424
141756384 268435424
141759872 268435424
141764544 268435424
141767616 268435424
141760352 268435424
141754560 268435424
141752896 268435424
141750624 268435424
141750784 268435424
141755232 268435424
141758240 268435424
141765312 268435424
141764352 268435424
141758688 268435424
141757760 268435424
141760576 268435424
141763648 268435424
141764832 268435424
141765536 268435424
141764448 268435424
141763072 268435424
141760640 268435424
141759296 268435424
141758144 268435424
141754880 268435424
141757792 268435424
141756320 268435424
141757504 268435424
141760128 268435424
141760224 268435424
141757760 268435424
141753696 268435424
141754272 268435424
141751872 268435424
141755744 268435424
141759232 268435424
141752736 268435424
141747936 268435424
141752384 268435424
141757664 268435424
141757792 268435424
141755584 268435424
141756192 268435424
141752768 268435424
141754848 268435424
141751232 268435424
141754784 268435424
141758720 268435424
141762304 268435424
141764064 268435424
141760224 268435424
141757088 268435424
141755904 268435424
141752032 268435424
141756160 268435424
141759584 268435424
141759200 268435424
141761664 268435424
141764608 268435424
141763936 268435424
141760800 268435424
141757120 268435424
141759264 268435424
141761728 268435424
141762496 268435424
141762208 268435424
141760096 268435424
141755104 268435424
141745248 268435424
141747744 268435424
141757344 268435424
141763808 268435424
141766880 268435424
141762944 268435424
141759008 268435424
141758112 268435424
141760672 268435424
141762720 268435424
141762304 268435424
141761632 268435424
141756864 268435424
141762528 268435424
141765824 268435424
141761824 268435424
141759296 268435424
141761568 268435424
141757664 268435424
141758400 268435424
141763712 268435424
141766304 268435424
141766816 268435424
141761312 268435424
141765376 268435424
141765152 268435424
141762048 268435424
141764704 268435424
141765824 268435424
141757824 268435424
141758272 268435424
141761696 268435424
141764000 268435424
141771680 268435424
141768896 268435424
141760736 268435424
141759680 268435424
141762464 268435424
141756448 268435424
141753664 268435424
141754336 268435424
141745856 268435424
141744032 268435424
141749984 268435424
141757728 268435424
141762336 268435424
141764064 268435424
141764448 268435424
141760000 268435424
141759712 268435424
141758336 268435424
141760800 268435424
141760896 268435424
141757120 268435424
141753568 268435424
141755712 268435424
141765120 268435424
141764128 268435424
141761536 268435424
141759104 268435424
141753568 268435424
141750176 268435424
141748160 268435424
141754080 268435424
141750624 268435424
141754848 268435424
141757120 268435424
141755776 268435424
141754304 268435424
141754080 268435424
141757472 268435424
141759392 268435424
141757440 268435424
141755904 268435424
141753024 268435424
141749120 268435424
141749280 268435424
141753728 268435424
141760288 268435424
141756256 268435424
141755872 268435424
141752608 268435424
141748448 268435424
141751328 268435424
141761792 268435424
141761920 268435424
141753568 268435424
141749376 268435424
141756992 268435424
141761568 268435424
141760704 268435424
141757280 268435424
141756192 268435424
141757312 268435424
141759520 268435424
141757024 268435424
141756544 268435424
141755776 268435424
141758528 268435424
141758752 268435424
141755936 268435424
141756736 268435424
141755488 268435424
141759936 268435424
141759296 268435424
141754176 268435424
141748896 268435424
141756384 268435424
141758464 268435424
141760928 268435424
141760160 268435424
141755616 268435424
141752800 268435424
141754688 268435424
141758688 268435424
141759488 268435424
141758560 268435424
141755648 268435424
141754432 268435424
141754912 268435424
141756736 268435424
141757632 268435424
141760384 268435424
141757664 268435424
141751872 268435424
141755488 268435424
141759712 268435424
141756160 268435424
141754688 268435424
141757728 268435424
141758592 268435424
141762880 268435424
141762496 268435424
141757376 268435424
141755968 268435424
141747648 268435424
141742752 268435424
141748864 268435424
141752352 268435424
141752320 268435424
141753600 268435424
141753504 268435424
141753920 268435424
141756992 268435424
141757088 268435424
141755616 268435424
141754784 268435424
141756544 268435424
141756288 268435424
141758656 268435424
141759968 268435424
141754912 268435424
141754784 268435424
141754944 268435424
141750368 268435424
141750432 268435424
141756288 268435424
141764992 268435424
141759744 268435424
141757728 268435424
141761312 268435424
141763872 268435424
141756704 268435424
141758368 268435424
141762656 268435424
141762112 268435424
141758656 268435424
141756416 268435424
141760544 268435424
141759392 268435424
141755200 268435424
141750528 268435424
141748064 268435424
141749536 268435424
141750336 268435424
141756864 268435424
141760160 268435424
141763040 268435424
141763072 268435424
141762400 268435424
141760608 268435424
141760544 268435424
141761792 268435424
141762304 268435424
141759936 268435424
141758112 268435424
141760832 268435424
141761952 268435424
141765568 268435424
141762464 268435424
141764800 268435424
141762400 268435424
141758944 268435424
141754912 268435424
141754528 268435424
141750880 268435424
141749056 268435424
141745056 268435424
141737664 268435424
141744640 268435424
141756864 268435424
141754848 268435424
141755680 268435424
141753664 268435424
141748576 268435424
141752448 268435424
141751936 268435424
141750912 268435424
141757152 268435424
141754240 268435424
141752896 268435424
141750400 268435424
141747680 268435424
141748864 268435424
141751808 268435424
141751616 268435424
141754080 268435424
141758912 268435424
141763712 268435424
141760256 268435424
141756640 268435424
141758496 268435424
141758016 268435424
141756448 268435424
141761536 268435424
141764864 268435424
141767648 268435424
141766464 268435424
141758304 268435424
141757504 268435424
141761280 268435424
141762784 268435424
141763488 268435424
141759776 268435424
141761664 268435424
141767136 268435424
141766048 268435424
141760256 268435424
141759104 268435424
141760128 268435424
141758560 268435424
141756736 268435424
141755040 268435424
141754880 268435424
141756864 268435424
141758816 268435424
141761472 268435424
141763872 268435424
141763968 268435424
141763840 268435424
141764960 268435424
141762528 268435424
141760096 268435424
141760256 268435424
141755872 268435424
141756288 268435424
141757728 268435424
141758304 268435424
141756480 268435424
141746880 268435424
141746432 268435424
141750688 268435424
141754976 268435424
141759296 268435424
141753568 268435424
141754624 268435424
141752736 268435424
141747808 268435424
141749152 268435424
141750368 268435424
141747168 268435424
141752480 268435424
141759968 268435424
141757952 268435424
141760448 268435424
141758848 268435424
141758784 268435424
141759840 268435424
141760512 268435424
141756928 268435424
141753696 268435424
141753792 268435424
141758208 268435424
141757280 268435424
141752928 268435424
141746592 268435424
141752736 268435424
141759040 268435424
141748832 268435424
141745856 268435424
141746624 268435424
141752256 268435424
141755584 268435424
141754976 268435424
141754144 268435424
141755424 268435424
141756256 268435424
141759296 268435424
141758528 268435424
141760896 268435424
141761728 268435424
141761632 268435424
141763488 268435424
141759200 268435424
141755392 268435424
141755872 268435424
141758016 268435424
141759648 268435424
141755040 268435424
141751232 268435424
141749568 268435424
141748000 268435424
141754944 268435424
141756576 268435424
141761824 268435424
141760768 268435424
141756256 268435424
141750944 268435424
141749280 268435424
141752160 268435424
141748800 268435424
141748960 268435424
141750272 268435424
141752288 268435424
141755040 268435424
141756832 268435424
141754400 268435424
141748192 268435424
141745952 268435424
141751008 268435424
141755136 268435424
141758624 268435424
141753728 268435424
141754976 268435424
141756992 268435424
141757408 268435424
141754848 268435424
141755104 268435424
141759904 268435424
141762048 268435424
141759968 268435424
141755744 268435424
141758080 268435424
141755936 268435424
141756288 268435424
141753696 268435424
141757696 268435424
141760064 268435424
141758304 268435424
141754944 268435424
141749632 268435424
141750592 268435424
141760224 268435424
141763200 268435424
141761792 268435424
141753024 268435424
141754112 268435424
141756384 268435424
141757696 268435424
141759712 268435424
141753088 268435424
141750336 268435424
141751776 268435424
141749984 268435424
141750656 268435424
141755552 268435424
141759232 268435424
141757152 268435424
141756576 268435424
141754208 268435424
141745440 268435424
141747424 268435424
141752928 268435424
141754560 268435424
141759360 268435424
141766752 268435424
141768640 268435424
141765504 268435424
141761952 268435424
141759680 268435424
141761216 268435424
141760832 268435424
141757440 268435424
141756480 268435424
141755584 268435424
141757408 268435424
141762592 268435424
141763200 268435424
141759648 268435424
141752256 268435424
141751552 268435424
141749376 268435424
141750880 268435424
141748096 268435424
141748480 268435424
141753280 268435424
141754208 268435424
141757760 268435424
141761696 268435424
141765920 268435424
141765344 268435424
141764928 268435424
141763264 268435424
141761024 268435424
141762912 268435424
141765312 268435424
141762208 268435424
141761344 268435424
141754816 268435424
141746784 268435424
141754464 268435424
141758144 268435424
141758464 268435424
141763168 268435424
141765664 268435424
141767136 268435424
141762688 268435424
141756064 268435424
141753120 268435424
141762592 268435424
141766496 268435424
141761696 268435424
141761280 268435424
141762976 268435424
141758816 268435424
141757120 268435424
141759936 268435424
141760384 268435424
141755520 268435424
141754560 268435424
141753696 268435424
141761056 268435424
141760800 268435424
141757344 268435424
141753920 268435424
141754272 268435424
141760224 268435424
141761376 268435424
141762976 268435424
141759520 268435424
141756832 268435424
141758496 268435424
141757568 268435424
141755488 268435424
141752128 268435424
141756992 268435424
141755232 268435424
141760064 268435424
141762368 268435424
141759968 268435424
141764448 268435424
141762112 268435424
141756640 268435424
141758944 268435424
141762848 268435424
141759072 268435424
141761632 268435424
141766112 268435424
141759680 268435424
141760448 268435424
141762208 268435424
141763296 268435424
141761760 268435424
141761152 268435424
141759968 268435424
141766848 268435424
141767712 268435424
141762496 268435424
141757216 268435424
141756640 268435424
141761568 268435424
141765376 268435424
141762400 268435424
141759936 268435424
141760576 268435424
141755808 268435424
141756192 268435424
141759520 268435424
141759616 268435424
141759552 268435424
141760640 268435424
141763520 268435424
141765472 268435424
141762432 268435424
141760320 268435424
141756768 268435424
141751712 268435424
141755936 268435424
141756192 268435424
141751680 268435424
141754208 268435424
141755648 268435424
141755744 268435424
141759584 268435424
141761536 268435424
141758016 268435424
141756480 268435424
141756416 268435424
141754816 268435424
141753344 268435424
141754656 268435424
141755520 268435424
141754528 268435424
141751552 268435424
141756192 268435424
141758784 268435424
141755296 268435424
141753248 268435424
141751008 268435424
141755040 268435424
141757472 268435424
141760320 268435424
141762240 268435424
141762880 268435424
141758720 268435424
141755008 268435424
141760160 268435424
141757024 268435424
141748896 268435424
141749216 268435424
141757920 268435424
141760704 268435424
141759968 268435424
141757408 268435424
141753056 268435424
141755936 268435424
141757440 268435424
141754848 268435424
141758528 268435424
141757568 268435424
141759936 268435424
141761664 268435424
141752320 268435424
141750208 268435424
141754464 268435424
141758528 268435424
141758816 268435424
141757824 268435424
141756192 268435424
141749760 268435424
141752736 268435424
141753664 268435424
141753152 268435424
141756896 268435424
141759424 268435424
141757280 268435424
141755040 268435424
141753280 268435424
141758496 268435424
141757408 268435424
141758816 268435424
141758752 268435424
141754496 268435424
141754656 268435424
141759488 268435424
141758592 268435424
141754208 268435424
141747360 268435424
141744800 268435424
141744960 268435424
141746400 268435424
141750496 268435424
141756608 268435424
141758208 268435424
141752000 268435424
141751840 268435424
141761024 268435424
141765504 268435424
141762240 268435424
141766528 268435424
141759872 268435424
141750496 268435424
141751744 268435424
141752800 268435424
141752512 268435424
141750496 268435424
141743872 268435424
141749664 268435424
141761088 268435424
141761760 268435424
141753760 268435424
141757472 268435424
141757152 268435424
141759936 268435424
141756352 268435424
141752384 268435424
141748896 268435424
141752576 268435424
141759168 268435424
141759552 268435424
141760672 268435424
141758528 268435424
141758592 268435424
141756640 268435424
141750624 268435424
141756480 268435424
141757504 268435424
141756384 268435424
141754880 268435424
141751104 268435424
141753696 268435424
141758048 268435424
141760832 268435424
141756608 268435424
141756448 268435424
141754208 268435424
141758528 268435424
141752544 268435424
141746560 268435424
141747680 268435424
141747264 268435424
141749792 268435424
141751904 268435424
141757472 268435424
141758112 268435424
141754208 268435424
141753984 268435424
141756864 268435424
141756064 268435424
141750720 268435424
141751520 268435424
141754656 268435424
141751008 268435424
141753216 268435424
141754784 268435424
141754272 268435424
141756864 268435424
141759456 268435424
141758016 268435424
141756384 268435424
141756864 268435424
141754784 268435424
141757216 268435424
141756192 268435424
141752480 268435424
141758688 268435424
141758752 268435424
141756416 268435424
141750272 268435424
141750624 268435424
141755040 268435424
141759936 268435424
141759072 268435424
141758240 268435424
141758080 268435424
141755808 268435424
141759072 268435424
141764352 268435424
141765824 268435424
141762816 268435424
141761760 268435424
141764224 268435424
141761792 268435424
141756992 268435424
141752832 268435424
141750784 268435424
141752704 268435424
141751136 268435424
141755296 268435424
141756448 268435424
141755936 268435424
141758464 268435424
141759552 268435424
141755936 268435424
141753888 268435424
141755168 268435424
141756928 268435424
141760576 268435424
141761216 268435424
141761536 268435424
141758304 268435424
141760096 268435424
141763456 268435424
141763168 268435424
141758848 268435424
141755776 268435424
141754720 268435424
141756480 268435424
141754400 268435424
141756288 268435424
141758816 268435424
141755936 268435424
141757824 268435424
141758720 268435424
141758784 268435424
141760736 268435424
141758464 268435424
141759360 268435424
141761088 268435424
141762656 268435424
141757760 268435424
141753440 268435424
141757344 268435424
141758176 268435424
141760768 268435424
141759744 268435424
141760512 268435424
141763584 268435424
141757056 268435424
141754400 268435424
141752512 268435424
141752928 268435424
141754016 268435424
141756352 268435424
141757472 268435424
141759168 268435424
141760704 268435424
141764096 268435424
141766272 268435424
141767456 268435424
141766912 268435424
141764000 268435424
141766624 268435424
141763776 268435424
141759744 268435424
141752064 268435424
141749472 268435424
141753024 268435424
141756256 268435424
141758944 268435424
141762016 268435424
141762208 268435424
141766016 268435424
141766944 268435424
141760640 268435424
141757088 268435424
141756736 268435424
141758336 268435424
141758784 268435424
141755744 268435424
141750144 268435424
141749536 268435424
141752576 268435424
141758240 268435424
141756768 268435424
141761760 268435424
141761280 268435424
141756672 268435424
141756320 268435424
141758048 268435424
141758976 268435424
141762176 268435424
141765504 268435424
141766400 268435424
141764992 268435424
141762496 268435424
141756768 268435424
141752512 268435424
141754176 268435424
141756352 268435424
141756352 268435424
141755904 268435424
141754368 268435424
141755872 268435424
141755904 268435424
141758432 268435424
141755072 268435424
141756928 268435424
141753664 268435424
141748576 268435424
141748512 268435424
141746080 268435424
141745792 268435424
141745792 268435424
141751552 268435424
141755168 268435424
141754912 268435424
141756576 268435424
141754240 268435424
141752800 268435424
141755232 268435424
141760480 268435424
141759840 268435424
141758592 268435424
141759872 268435424
141760128 268435424
141761632 268435424
141760256 268435424
141754688 268435424
141751840 268435424
141755008 268435424
141760704 268435424
141760832 268435424
141761568 268435424
141757504 268435424
141758304 268435424
141756224 268435424
141756032 268435424
141757280 268435424
141751040 268435424
141750336 268435424
141750176 268435424
141750048 268435424
141757120 268435424
141758816 268435424
141755648 268435424
141753088 268435424
141751008 268435424
141749664 268435424
141749920 268435424
141752544 268435424
141753120 268435424
141752736 268435424
141753472 268435424
141755072 268435424
141755424 268435424
141753216 268435424
141751104 268435424
141749952 268435424
141756224 268435424
141759712 268435424
141762400 268435424
141757312 268435424
141751104 268435424
141752192 268435424
141747520 268435424
141747616 268435424
141756384 268435424
141759392 268435424
141756224 268435424
141755008 268435424
141755360 268435424
141754944 268435424
141760704 268435424
141762016 268435424
141757408 268435424
141755584 268435424
141747456 268435424
141744416 268435424
141746240 268435424
141749440 268435424
141749632 268435424
141751520 268435424
141759936 268435424
141758560 268435424
141748704 268435424
141750112 268435424
141756736 268435424
141753824 268435424
141754080 268435424
141756288 268435424
141754144 268435424
141754016 268435424
141752160 268435424
141750240 268435424
141754976 268435424
141752800 268435424
141758112 268435424
141758592 268435424
141757056 268435424
141755008 268435424
141754688 268435424
141758752 268435424
141762944 268435424
141761312 268435424
141758432 268435424
141760896 268435424
141756672 268435424
141755232 268435424
141756864 268435424
141753760 268435424
141753856 268435424
141750112 268435424
141748192 268435424
141748256 268435424
141748416 268435424
141743328 268435424
141743712 268435424
141750592 268435424
141751040 268435424
141751904 268435424
141749664 268435424
141755168 268435424
141753408 268435424
141752768 268435424
141755040 268435424
141761152 268435424
141760960 268435424
141753856 268435424
141746656 268435424
141752672 268435424
141758400 268435424
141758176 268435424
141756224 268435424
141752128 268435424
141753632 268435424
141754816 268435424
141757728 268435424
141760096 268435424
141755392 268435424
141749312 268435424
141754304 268435424
141754240 268435424
141755488 268435424
141757472 268435424
141752480 268435424
141750176 268435424
141752576 268435424
141756832 268435424
141758144 268435424
141760512 268435424
141757184 268435424
141752416 268435424
141753568 268435424
141755616 268435424
141757120 268435424
141754048 268435424
141750816 268435424
141751360 268435424
141758272 268435424
141761760 268435424
141753152 268435424
141751744 268435424
141752160 268435424
141753536 268435424
141754688 268435424
141752256 268435424
141749216 268435424
141752960 268435424
141760352 268435424
141761408 268435424
141759136 268435424
141759456 268435424
141755392 268435424
141756768 268435424
141756704 268435424
141759200 268435424
141756928 268435424
141756256 268435424
141757152 268435424
141757888 268435424
141759168 268435424
141763840 268435424
141759104 268435424
141754528 268435424
141757088 268435424
141756992 268435424
141749792 268435424
141753472 268435424
141757440 268435424
141750816 268435424
141757312 268435424
141760480 268435424
141753952 268435424
141752960 268435424
141753184 268435424
141758304 268435424
141758144 268435424
141760256 268435424
141763296 268435424
141758112 268435424
141762528 268435424
141765120 268435424
141761312 268435424
141756416 268435424
141752544 268435424
141753408 268435424
141751776 268435424
141749760 268435424
141754688 268435424
141754208 268435424
141750496 268435424
141745152 268435424
141744832 268435424
141749632 268435424
141747744 268435424
141749568 268435424
141757408 268435424
141758720 268435424
141755456 268435424
141754176 268435424
141751808 268435424
141752960 268435424
141758784 268435424
141757216 268435424
141755584 268435424
141751264 268435424
141751456 268435424
141751424 268435424
141751328 268435424
141752864 268435424
141752384 268435424
141757344 268435424
141758112 268435424
141754944 268435424
141756224 268435424
141758880 268435424
141757696 268435424
141758560 268435424
141754560 268435424
141755552 268435424
141759840 268435424
141752448 268435424
141746272 268435424
141748384 268435424
141751136 268435424
141757280 268435424
141760480 268435424
141755776 268435424
141745888 268435424
141748256 268435424
141751936 268435424
141747552 268435424
141744512 268435424
141747616 268435424
141746272 268435424
141745312 268435424
141752416 268435424
141750656 268435424
141749088 268435424
141757056 268435424
141758784 268435424
141753120 268435424
141752928 268435424
141755712 268435424
141752320 268435424
141756160 268435424
141755296 268435424
141755136 268435424
141752896 268435424
141750592 268435424
141752512 268435424
141753984 268435424
141753824 268435424
141757312 268435424
141755968 268435424
141757664 268435424
141754752 268435424
141754496 268435424
141755168 268435424
141754688 268435424
141757600 268435424
141758624 268435424
141762912 268435424
141759968 268435424
141760416 268435424
141759328 268435424
141756096 268435424
141755904 268435424
141757920 268435424
141762752 268435424
141764736 268435424
141761920 268435424
141762272 268435424
141761632 268435424
141758816 268435424
141757216 268435424
141757888 268435424
141758944 268435424
141758848 268435424
141760736 268435424
141758656 268435424
141752640 268435424
141748192 268435424
141748704 268435424
141751840 268435424
141753152 268435424
141754624 268435424
141750624 268435424
141755488 268435424
141748576 268435424
141745856 268435424
141749056 268435424
141746912 268435424
141754208 268435424
141753376 268435424
141747712 268435424
141749824 268435424
141753632 268435424
141751200 268435424
141748416 268435424
141746080 268435424
141748224 268435424
141747616 268435424
141752768 268435424
141756736 268435424
141750688 268435424
141751328 268435424
141756256 268435424
141758240 268435424
141760480 268435424
141760032 268435424
141759456 268435424
141759744 268435424
141756320 268435424
141753984 268435424
141753632 268435424
141755712 268435424
141753184 268435424
141761472 268435424
141762944 268435424
141756800 268435424
141760640 268435424
141760160 268435424
141760640 268435424
141766432 268435424
141765216 268435424
141758688 268435424
141757248 268435424
141755616 268435424
141753920 268435424
141752928 268435424
141756160 268435424
141760704 268435424
141762048 268435424
141759424 268435424
141756928 268435424
141758112 268435424
141760256 268435424
141763456 268435424
141763552 268435424
141764000 268435424
141764672 268435424
141764864 268435424
141763392 268435424
141761856 268435424
141759264 268435424
141761856 268435424
141761216 268435424
141758912 268435424
141757056 268435424
141754784 268435424
141758720 268435424
141756832 268435424
141757696 268435424
141762112 268435424
141762336 268435424
141762720 268435424
141759552 268435424
141759424 268435424
141761856 268435424
141760192 268435424
141760032 268435424
141761536 268435424
141760192 268435424
141764256 268435424
141762304 268435424
141768576 268435424
141771872 268435424
141770784 268435424
141766912 268435424
141766560 268435424
141769472 268435424
141772544 268435424
141770976 268435424
141765760 268435424
141761824 268435424
141759392 268435424
141764320 268435424
141764416 268435424
141762272 268435424
141760160 268435424
141760256 268435424
141762272 268435424
141762080 268435424
141758848 268435424
141762560 268435424
141764480 268435424
141761376 268435424
141762016 268435424
141760832 268435424
141753408 268435424
141750592 268435424
141756096 268435424
141761536 268435424
141760384 268435424
141756832 268435424
141755296 268435424
141751456 268435424
141755648 268435424
141756096 268435424
141759040 268435424
141761088 268435424
141763040 268435424
141756800 268435424
141754688 268435424
141759392 268435424
141759360 268435424
141755968 268435424
141759744 268435424
141761280 268435424
141759520 268435424
141761856 268435424
141760608 268435424
141758560 268435424
141757760 268435424
141756320 268435424
141752000 268435424
141755296 268435424
141761920 268435424
141760672 268435424
141765472 268435424
141765184 268435424
141763744 268435424
141755776 268435424
141749792 268435424
141753504 268435424
141758912 268435424
141757728 268435424
141752864 268435424
141754048 268435424
141753696 268435424
141757216 268435424
141761408 268435424
141762208 268435424
141759808 268435424
141758208 268435424
141757152 268435424
141760640 268435424
141764256 268435424
141758496 268435424
141757536 268435424
141764992 268435424
141767584 268435424
141759520 268435424
141757088 268435424
141755360 268435424
141755072 268435424
141755808 268435424
141761504 268435424
141768800 268435424
141768672 268435424
141766752 268435424
141758176 268435424
141753184 268435424
141753376 268435424
141753728 268435424
141757472 268435424
141761376 268435424
141756640 268435424
141753536 268435424
141756928 268435424
141756128 268435424
141755648 268435424
141753792 268435424
141754688 268435424
141754464 268435424
141753632 268435424
141753984 268435424
141760256 268435424
141767744 268435424
141772000 268435424
141768704 268435424
141756832 268435424
141747776 268435424
141747744 268435424
141751328 268435424
141754080 268435424
141757792 268435424
141758432 268435424
141761280 268435424
141764576 268435424
141766560 268435424
141766496 268435424
141764416 268435424
141755296 268435424
141753472 268435424
141755424 268435424
141758144 268435424
141760416 268435424
141761792 268435424
141763712 268435424
141760800 268435424
141760320 268435424
141758688 268435424
141759904 268435424
141760512 268435424
141755328 268435424
141755264 268435424
141752832 268435424
141756736 268435424
141755488 268435424
141755808 268435424
141757024 268435424
141756608 268435424
141757568 268435424
141758880 268435424
141765024 268435424
141766272 268435424
141765952 268435424
141764544 268435424
141769824 268435424
141765888 268435424
141764352 268435424
141764416 268435424
141767360 268435424
141766464 268435424
141766336 268435424
141764960 268435424
141762304 268435424
141759168 268435424
141752672 268435424
141753216 268435424
141755680 268435424
141756192 268435424
141760768 268435424
141759616 268435424
141759808 268435424
141753888 268435424
141751840 268435424
141749792 268435424
141750272 268435424
141755040 268435424
141756544 268435424
141756064 268435424
141758368 268435424
141759296 268435424
141764000 268435424
141762560 268435424
141759744 268435424
141760128 268435424
141761440 268435424
141761888 268435424
141758624 268435424
141764640 268435424
141766112 268435424
141763136 268435424
141759264 268435424
141752992 268435424
141753120 268435424
141754400 268435424
141758176 268435424
141762752 268435424
141758048 268435424
141751712 268435424
141747872 268435424
141748704 268435424
141755904 268435424
141758112 268435424
141757344 268435424
141762720 268435424
141759232 268435424
141759808 268435424
141765888 268435424
141768960 268435424
141772992 268435424
141770336 268435424
141766560 268435424
141767648 268435424
141760320 268435424
141757600 268435424
141758976 268435424
141762464 268435424
141765120 268435424
141762720 268435424
141768032 268435424
141769184 268435424
141765248 268435424
141764064 268435424
141763392 268435424
141759680 268435424
141757056 268435424
141764832 268435424
141766848 268435424
141760384 268435424
141754816 268435424
141750304 268435424
141753568 268435424
141756608 268435424
141757088 268435424
141757472 268435424
141759584 268435424
141759424 268435424
141761824 268435424
141757536 268435424
141760224 268435424
141762016 268435424
141761056 268435424
141757824 268435424
141757536 268435424
141758976 268435424
141763200 268435424
141763360 268435424
141755776 268435424
141756192 268435424
141763808 268435424
141762080 268435424
141760960 268435424
141764480 268435424
141761344 268435424
141757728 268435424
141761056 268435424
141764896 268435424
141768832 268435424
141764640 268435424
141761600 268435424
141763904 268435424
141764832 268435424
141762560 268435424
141762368 268435424
141759040 268435424
141751840 268435424
141754592 268435424
141765120 268435424
141766752 268435424
141764352 268435424
141757984 268435424
141759424 268435424
141756672 268435424
141751072 268435424
141752160 268435424
141753056 268435424
141751904 268435424
141754752 268435424
141758848 268435424
141761248 268435424
141761856 268435424
141758688 268435424
141757760 268435424
141763520 268435424
141763936 268435424
141760896 268435424
141757472 268435424
141758176 268435424
141756384 268435424
141753312 268435424
141755232 268435424
141749984 268435424
141748224 268435424
141749664 268435424
141753696 268435424
141750016 268435424
141750080 268435424
141755424 268435424
141756480 268435424
141758400 268435424
141761312 268435424
141760960 268435424
141754720 268435424
141752928 268435424
141757824 268435424
141761696 268435424
141761888 268435424
141756128 268435424
141752544 268435424
141750368 268435424
141751040 268435424
141750272 268435424
141752672 268435424
141747104 268435424
141744512 268435424
141753856 268435424
141756000 268435424
141757472 268435424
141756480 268435424
141754336 268435424
141754432 268435424
141753728 268435424
141757216 268435424
141762432 268435424
141767264 268435424
141766208 268435424
141761856 268435424
141756832 268435424
141761440 268435424
141758752 268435424
141758464 268435424
141755072 268435424
141755168 268435424
141760128 268435424
141762880 268435424
141767648 268435424
141769280 268435424
141765216 268435424
141764160 268435424
141762432 268435424
141762880 268435424
141769344 268435424
141768672 268435424
141765600 268435424
141765856 268435424
141763936 268435424
141764192 268435424
141764640 268435424
141758528 268435424
141755776 268435424
141757408 268435424
141758208 268435424
141755488 268435424
141753664 268435424
141753696 268435424
141752384 268435424
141753088 268435424
141750784 268435424
141751680 268435424
141757472 268435424
141765536 268435424
141767328 268435424
141768800 268435424
141765696 268435424
141761152 268435424
141763456 268435424
141761728 268435424
141760320 268435424
141761920 268435424
141761696 268435424
141760160 268435424
141758656 268435424
141757152 268435424
141754944 268435424
141752096 268435424
141753728 268435424
141758816 268435424
141756480 268435424
141757920 268435424
141754112 268435424
141746016 268435424
141748128 268435424
141752128 268435424
141759648 268435424
141760928 268435424
141755744 268435424
141759072 268435424
141757888 268435424
141754592 268435424
141751872 268435424
141757120 268435424
141760736 268435424
141759904 268435424
141759648 268435424
141757600 268435424
141752416 268435424
141752768 268435424
141757088 268435424
141760448 268435424
141758336 268435424
141756192 268435424
141755552 268435424
141756576 268435424
141753440 268435424
141753120 268435424
141760736 268435424
141762400 268435424
141759200 268435424
141755616 268435424
141752032 268435424
141755072 268435424
141758912 268435424
141756256 268435424
141751616 268435424
141747616 268435424
141751648 268435424
141754272 268435424
141754784 268435424
141759808 268435424
141762976 268435424
141759456 268435424
141756160 268435424
141754240 268435424
141754208 268435424
141757568 268435424
141760256 268435424
141757984 268435424
141759232 268435424
141761248 268435424
141754048 268435424
141755232 268435424
141763712 268435424
141766624 268435424
141765504 268435424
141762624 268435424
141762496 268435424
141762272 268435424
141762688 268435424
141762720 268435424
141764480 268435424
141758304 268435424
141761408 268435424
141766816 268435424
141763200 268435424
141766080 268435424
141763968 268435424
141765184 268435424
141759936 268435424
141758880 268435424
141762368 268435424
141760640 268435424
141762240 268435424
141765504 268435424
141770016 268435424
141767488 268435424
141766464 268435424
141765408 268435424
141769056 268435424
141768736 268435424
141766144 268435424
141765472 268435424
141764128 268435424
141761888 268435424
141757440 268435424
141758944 268435424
141765120 268435424
141761440 268435424
141757056 268435424
141760128 268435424
141762336 268435424
141762432 268435424
141758944 268435424
141758592 268435424
141751808 268435424
141748768 268435424
141751616 268435424
141754624 268435424
141757152 268435424
141759424 268435424
141758592 268435424
141755936 268435424
141761888 268435424
141758304 268435424
141752640 268435424
141759168 268435424
141764544 268435424
141768928 268435424
141764992 268435424
141760864 268435424
141759328 268435424
141763296 268435424
141761632 268435424
141756224 268435424
141758816 268435424
141759616 268435424
141756832 268435424
141758432 268435424
141759712 268435424
141764928 268435424
141762656 268435424
141758048 268435424
141758336 268435424
141760768 268435424
141766176 268435424
141770304 268435424
141767584 268435424
141758432 268435424
141754912 268435424
141758112 268435424
141758784 268435424
141756896 268435424
141757696 268435424
141758464 268435424
141758016 268435424
141757792 268435424
141757984 268435424
141762368 268435424
141757504 268435424
141750016 268435424
141754880 268435424
141752960 268435424
141758112 268435424
141761184 268435424
141762912 268435424
141758752 268435424
141755456 268435424
141756128 268435424
141755200 268435424
141756352 268435424
141759584 268435424
141768416 268435424
141769984 268435424
141771264 268435424
141765024 268435424
141757216 268435424
141757952 268435424
141758016 268435424
141762432 268435424
141764960 268435424
141759040 268435424
141751264 268435424
141755328 268435424
141757792 268435424
141756128 268435424
141755616 268435424
141755840 268435424
141763360 268435424
141765056 268435424
141761056 268435424
141762400 268435424
141762144 268435424
141759712 268435424
141759520 268435424
141757440 268435424
141756928 268435424
141758560 268435424
141756128 268435424
141757984 268435424
141758048 268435424
141760448 268435424
141762304 268435424
141763840 268435424
141763040 268435424
141759104 268435424
141752864 268435424
141758720 268435424
141761408 268435424
141757824 268435424
141761440 268435424
141758304 268435424
141761504 268435424
141763360 268435424
141766336 268435424
141760928 268435424
141756192 268435424
141758784 268435424
141762304 268435424
141760288 268435424
141755136 268435424
141754336 268435424
141757600 268435424
141758976 268435424
141758368 268435424
141755296 268435424
141757632 268435424
141764288 268435424
141760352 268435424
141759168 268435424
141761280 268435424
141762496 268435424
141758624 268435424
141758592 268435424
141753728 268435424
141757824 268435424
141762112 268435424
141756480 268435424
141751552 268435424
141754816 268435424
141755104 268435424
141759392 268435424
141760992 268435424
141763072 268435424
141762304 268435424
141757888 268435424
141756192 268435424
141760864 268435424
141757920 268435424
141755136 268435424
141755360 268435424
141759744 268435424
141764448 268435424
141764512 268435424
141760832 268435424
141754816 268435424
141753888 268435424
141754176 268435424
141757376 268435424
141760256 268435424
141759776 268435424
141755968 268435424
141762880 268435424
141759104 268435424
141756288 268435424
141757312 268435424
141756320 268435424
141753280 268435424
141758944 268435424
141761280 268435424
141752096 268435424
141752640 268435424
141760160 268435424
141757568 268435424
141756064 268435424
141753120 268435424
141756736 268435424
141759008 268435424
141756000 268435424
141757024 268435424
141757600 268435424
141758496 268435424
141760608 268435424
141756576 268435424
141753696 268435424
141755872 268435424
141758720 268435424
141755456 268435424
141755072 268435424
141759168 268435424
141755296 268435424
141756320 268435424
141758208 268435424
141758944 268435424
141761312 268435424
141764448 268435424
141762336 268435424
141759936 268435424
141760352 268435424
141761472 268435424
141756608 268435424
141759040 268435424
141756992 268435424
141756864 268435424
141758368 268435424
141756640 268435424
141756768 268435424
141758240 268435424
141759296 268435424
141762560 268435424
141761888 268435424
141762752 268435424
141763168 268435424
141762144 268435424
141761824 268435424
141759904 268435424
141757280 268435424
141754848 268435424
141753376 268435424
141755872 268435424
141757568 268435424
141760800 268435424
141760000 268435424
141756224 268435424
141756256 268435424
141755584 268435424
141752032 268435424
141756448 268435424
141758688 268435424
141754304 268435424
141757024 268435424
141759040 268435424
141758464 268435424
141757440 268435424
141760864 268435424
141762016 268435424
141761952 268435424
141754912 268435424
141759040 268435424
141760960 268435424
141751680 268435424
141750016 268435424
141748768 268435424
141744704 268435424
141751328 268435424
141754528 268435424
141753344 268435424
141755648 268435424
141756256 268435424
141758048 268435424
141757792 268435424
141757760 268435424
141760768 268435424
141759328 268435424
141753280 268435424
141756864 268435424
141755584 268435424
141755840 268435424
141759360 268435424
141759008 268435424
141752608 268435424
141747968 268435424
141750080 268435424
141757120 268435424
141764256 268435424
141765344 268435424
141759904 268435424
141757824 268435424
141760672 268435424
141760672 268435424
141759712 268435424
141761408 268435424
141759968 268435424
141759296 268435424
141752128 268435424
141756096 268435424
141763424 268435424
141762752 268435424
141764448 268435424
141764704 268435424
141764384 268435424
141755840 268435424
141753600 268435424
141753824 268435424
141751584 268435424
141750048 268435424
141753184 268435424
141757184 268435424
141755552 268435424
141758720 268435424
141761664 268435424
141758368 268435424
141756384 268435424
141758880 268435424
141759488 268435424
141758208 268435424
141756352 268435424
141756192 268435424
141761344 268435424
141760736 268435424
141762400 268435424
141763616 268435424
141760672 268435424
141758016 268435424
141758944 268435424
141759904 268435424
141757792 268435424
141757216 268435424
141756672 268435424
141754912 268435424
141757536 268435424
141765568 268435424
141766016 268435424
141765792 268435424
141764768 268435424
141754656 268435424
141759200 268435424
141759616 268435424
141754720 268435424
141752896 268435424
141752672 268435424
141754400 268435424
141758208 268435424
141760992 268435424
141758656 268435424
141762496 268435424
141762240 268435424
141758176 268435424
141753824 268435424
141753024 268435424
141752800 268435424
141752320 268435424
141754208 268435424
141757024 268435424
141754912 268435424
141756512 268435424
141762496 268435424
141765856 268435424
141759136 268435424
141758592 268435424
141758912 268435424
141753568 268435424
141750816 268435424
141756128 268435424
141759232 268435424
141762016 268435424
141760640 268435424
141753696 268435424
141759712 268435424
141761088 268435424
141761472 268435424
141767936 268435424
141762496 268435424
141758208 268435424
141757856 268435424
141757056 268435424
141755136 268435424
141757696 268435424
141758176 268435424
141756320 268435424
141758656 268435424
141759552 268435424
141761504 268435424
141760736 268435424
141761728 268435424
141763712 268435424
141759616 268435424
141756864 268435424
141757920 268435424
141759648 268435424
141758400 268435424
141759840 268435424
141759808 268435424
141761088 268435424
141756896 268435424
141756192 268435424
141760288 268435424
141760192 268435424
141760032 268435424
141760544 268435424
141755424 268435424
141756640 268435424
141758208 268435424
141758048 268435424
141755104 268435424
141756192 268435424
141755712 268435424
141758720 268435424
141761024 268435424
141760448 268435424
141763424 268435424
141761664 268435424
141760832 268435424
141758080 268435424
141759488 268435424
141767584 268435424
141767680 268435424
141763968 268435424
141764736 268435424
141760672 268435424
141758144 268435424
141756608 268435424
141755264 268435424
141755072 268435424
141757696 268435424
141760992 268435424
141756064 268435424
141755552 268435424
141752512 268435424
141745376 268435424
141747936 268435424
141751264 268435424
141757504 268435424
141760512 268435424
141761824 268435424
141763680 268435424
141761536 268435424
141762368 268435424
141762464 268435424
141763744 268435424
141767936 268435424
141762944 268435424
141757824 268435424
141757824 268435424
141760256 268435424
141765984 268435424
141766880 268435424
141763936 268435424
141755520 268435424
141756736 268435424
141759712 268435424
141760480 268435424
141760928 268435424
141763776 268435424
141768032 268435424
141762944 268435424
141755808 268435424
141759232 268435424
141764480 268435424
141765728 268435424
141762496 268435424
141760000 268435424
141758496 268435424
141759616 268435424
141761536 268435424
141762944 268435424
141765920 268435424
141770080 268435424
141771392 268435424
141765056 268435424
141764064 268435424
141758400 268435424
141756352 268435424
141757248 268435424
141756480 268435424
141755552 268435424
141756160 268435424
141763680 268435424
141765344 268435424
141764224 268435424
141758560 268435424
141761600 268435424
141763360 268435424
141761728 268435424
141759328 268435424
141755584 268435424
141759232 268435424
141757376 268435424
141754432 268435424
141752800 268435424
141754048 268435424
141755456 268435424
141760032 268435424
141761760 268435424
141761920 268435424
141761984 268435424
141759584 268435424
141761920 268435424
141766368 268435424
141768160 268435424
141766720 268435424
141763552 268435424
141762272 268435424
141763456 268435424
141760256 268435424
141759008 268435424
141760000 268435424
141764160 268435424
141764992 268435424
141762560 268435424
141754656 268435424
141748960 268435424
141752448 268435424
141757440 268435424
141760672 268435424
141763584 268435424
141765568 268435424
141760544 268435424
141759264 268435424
141764896 268435424
141760256 268435424
141756576 268435424
141755808 268435424
141757280 268435424
141760960 268435424
141760032 268435424
141762912 268435424
141764768 268435424
141763904 268435424
141756032 268435424
141747552 268435424
141745856 268435424
141748512 268435424
141748896 268435424
141745888 268435424
141749952 268435424
141757056 268435424
141756672 268435424
141757600 268435424
141761664 268435424
141763648 268435424
141761312 268435424
141759680 268435424
141755744 268435424
141754752 268435424
141759072 268435424
141758656 268435424
141761184 268435424
141763840 268435424
141769696 268435424
141771168 268435424
141764224 268435424
141761568 268435424
141760160 268435424
141756768 268435424
141756160 268435424
141756000 268435424
141755584 268435424
141756448 268435424
141753984 268435424
141753024 268435424
141759712 268435424
141764416 268435424
141759104 268435424
141756192 268435424
141762848 268435424
141763808 268435424
141760928 268435424
141766176 268435424
141766336 268435424
141763776 268435424
141757152 268435424
141755424 268435424
141751680 268435424
141748928 268435424
141745376 268435424
141747424 268435424
141749216 268435424
141749696 268435424
141749024 268435424
141750144 268435424
141750592 268435424
141750816 268435424
141749664 268435424
141754848 268435424
141756032 268435424
141756064 268435424
141758912 268435424
141765248 268435424
141759840 268435424
141754784 268435424
141758368 268435424
141757184 268435424
141759456 268435424
141761152 268435424
141755776 268435424
141756704 268435424
141754912 268435424
141755872 268435424
141756928 268435424
141755040 268435424
141756096 268435424
141753760 268435424
141751520 268435424
141754112 268435424
141757760 268435424
141755776 268435424
141758336 268435424
141753600 268435424
141748832 268435424
141750272 268435424
141752224 268435424
141753088 268435424
141753184 268435424
141758080 268435424
141754656 268435424
141757056 268435424
141755968 268435424
141757248 268435424
141758976 268435424
141758720 268435424
141761568 268435424
141758720 268435424
141758848 268435424
141757632 268435424
141759456 268435424
141762208 268435424
141764096 268435424
141763584 268435424
141757952 268435424
141755584 268435424
141761056 268435424
141764000 268435424
141763520 268435424
141766496 268435424
141765824 268435424
141763712 268435424
141762304 268435424
141762336 268435424
141760256 268435424
141760768 268435424
141760768 268435424
141757312 268435424
141756672 268435424
141751776 268435424
141748000 268435424
141755840 268435424
141759200 268435424
141751584 268435424
141750144 268435424
141754560 268435424
141761344 268435424
141758944 268435424
141757536 268435424
141756288 268435424
141756160 268435424
141754400 268435424
141752704 268435424
141759808 268435424
141761056 268435424
141758816 268435424
141758912 268435424
141755456 268435424
141756064 268435424
141751744 268435424
141750272 268435424
141748192 268435424
141752224 268435424
141756928 268435424
141757344 268435424
141756768 268435424
141752992 268435424
141757632 268435424
141762784 268435424
141755200 268435424
141752480 268435424
141751488 268435424
141752864 268435424
141756960 268435424
141764288 268435424
141769120 268435424
141768544 268435424
141765216 268435424
141763328 268435424
141764992 268435424
141762880 268435424
141758816 268435424
141758208 268435424
141765728 268435424
141765728 268435424
141762464 268435424
141757536 268435424
141756352 268435424
141758240 268435424
141762016 268435424
141766112 268435424
141760800 268435424
141757728 268435424
141756608 268435424
141753056 268435424
141753088 268435424
141751072 268435424
141757472 268435424
141763136 268435424
141762848 268435424
141759104 268435424
141761536 268435424
141762560 268435424
141764704 268435424
141760864 268435424
141758176 268435424
141757920 268435424
141760608 268435424
141761408 268435424
141765792 268435424
141765280 268435424
141764768 268435424
141761984 268435424
141766464 268435424
141763168 268435424
141762240 268435424
141767936 268435424
141766528 268435424
141763616 268435424
141759776 268435424
141755008 268435424
141756256 268435424
141757536 268435424
141758432 268435424
141759296 268435424
141758944 268435424
141762400 268435424
141757088 268435424
141757280 268435424
141757984 268435424
141751648 268435424
141757312 268435424
141756288 268435424
141749280 268435424
141747232 268435424
141752352 268435424
141755488 268435424
141754688 268435424
141753248 268435424
141751328 268435424
141756608 268435424
141757504 268435424
141755840 268435424
141758400 268435424
141762272 268435424
141757920 268435424
141754528 268435424
141751872 268435424
141754336 268435424
141752704 268435424
141752128 268435424
141755808 268435424
141754240 268435424
141752672 268435424
141750976 268435424
141750880 268435424
141751264 268435424
141748448 268435424
141749536 268435424
141752096 268435424
141759296 268435424
141762144 268435424
141760128 268435424
141763680 268435424
141762880 268435424
141761632 268435424
141762048 268435424
141767392 268435424
141762944 268435424
141753824 268435424
141754976 268435424
141753216 268435424
141752672 268435424
141754272 268435424
141759232 268435424
141762208 268435424
141761088 268435424
141761728 268435424
141761728 268435424
141767008 268435424
141764224 268435424
141761120 268435424
141761344 268435424
141764320 268435424
141766016 268435424
141759680 268435424
141762624 268435424
141761632 268435424
141758336 268435424
141755936 268435424
141756960 268435424
141755264 268435424
141757408 268435424
141756992 268435424
141761152 268435424
141764288 268435424
141764384 268435424
141764576 268435424
141763488 268435424
141773472 268435424
141775360 268435424
141768672 268435424
141760288 268435424
141755552 268435424
141760096 268435424
141760096 268435424
141763424 268435424
141765152 268435424
141765600 268435424
141763520 268435424
141765664 268435424
141766464 268435424
141768544 268435424
141768800 268435424
141768576 268435424
141763328 268435424
141759584 268435424
141756000 268435424
141755232 268435424
141759072 268435424
141757440 268435424
141760512 268435424
141758848 268435424
141758368 268435424
141758656 268435424
141764608 268435424
141769568 268435424
141769504 268435424
141766272 268435424
141758688 268435424
141765184 268435424
141769632 268435424
141766016 268435424
141760704 268435424
141762976 268435424
141765184 268435424
141764832 268435424
141768256 268435424
141766432 268435424
141761760 268435424
141756800 268435424
141757408 268435424
141761152 268435424
141759424 268435424
141757152 268435424
141756960 268435424
141762528 268435424
141768960 268435424
141774880 268435424
141773088 268435424
141769280 268435424
141767520 268435424
141768352 268435424
141766496 268435424
141765088 268435424
141763456 268435424
141766144 268435424
141766624 268435424
141762048 268435424
141758176 268435424
141762464 268435424
141769216 268435424
141770176 268435424
141765888 268435424
141759136 268435424
141755840 268435424
141757824 268435424
141761184 268435424
141764928 268435424
141762368 268435424
141763744 268435424
141770560 268435424
141769120 268435424
141765984 268435424
141768160 268435424
141767680 268435424
141763328 268435424
141763296 268435424
141771136 268435424
141767712 268435424
141764704 268435424
141763904 268435424
141760192 268435424
141761920 268435424
141768160 268435424
141768352 268435424
141766560 268435424
141760064 268435424
141756064 268435424
141756160 268435424
141755648 268435424
141752640 268435424
141756384 268435424
141754560 268435424
141756448 268435424
141760032 268435424
141768448 268435424
141767328 268435424
141762528 268435424
141764992 268435424
141766112 268435424
141766720 268435424
141769280 268435424
141767680 268435424
141772384 268435424
141770592 268435424
141766304 268435424
141765184 268435424
141761952 268435424
141768256 268435424
141773504 268435424
141765920 268435424
141762880 268435424
141765824 268435424
141769760 268435424
141773312 268435424
141771872 268435424
141771968 268435424
141771808 268435424
141773120 268435424
141771136 268435424
141769152 268435424
141767488 268435424
141766304 268435424
141763008 268435424
141762080 268435424
141762080 268435424
141764192 268435424
141764832 268435424
141758208 268435424
141757344 268435424
141759072 268435424
141759168 268435424
141762304 268435424
141763072 268435424
141758528 268435424
141763072 268435424
141765632 268435424
141768544 268435424
141767168 268435424
141763200 268435424
141764160 268435424
141769184 268435424
141763744 268435424
141761824 268435424
141764000 268435424
141761856 268435424
141763200 268435424
141762400 268435424
141765248 268435424
141760256 268435424
141757664 268435424
141764064 268435424
141765280 268435424
141762688 268435424
141762240 268435424
141761216 268435424
141765696 268435424
141766720 268435424
141758976 268435424
141754624 268435424
141759872 268435424
141765248 268435424
141759296 268435424
141754912 268435424
141757600 268435424
141763360 268435424
141768576 268435424
141762720 268435424
141757728 268435424
141760896 268435424
141760224 268435424
141758528 268435424
141761184 268435424
141760416 268435424
141758368 268435424
141762784 268435424
141764128 268435424
141762624 268435424
141758304 268435424
141760960 268435424
141760320 268435424
141759456 268435424
141758656 268435424
141757120 268435424
141759264 268435424
141758304 268435424
141757728 268435424
141760160 268435424
141761472 268435424
141759968 268435424
141762208 268435424
141760160 268435424
141762752 268435424
141762432 268435424
141761792 268435424
141761280 268435424
141760384 268435424
141759776 268435424
141758048 268435424
141757824 268435424
141758912 268435424
141760544 268435424
141754496 268435424
141757088 268435424
141767296 268435424
141772544 268435424
141766528 268435424
141766336 268435424
141768608 268435424
141762944 268435424
141764928 268435424
141760416 268435424
141755872 268435424
141758368 268435424
141759008 268435424
141756800 268435424
141755712 268435424
141758624 268435424
141757696 268435424
141756896 268435424
141759520 268435424
141756832 268435424
141756352 268435424
141760992 268435424
141755136 268435424
141758528 268435424
141753888 268435424
141748096 268435424
141751168 268435424
141754752 268435424
141761216 268435424
141760128 268435424
141764288 268435424
141764096 268435424
141763072 268435424
141763616 268435424
141764224 268435424
141761696 268435424
141761696 268435424
141756576 268435424
141753600 268435424
141756992 268435424
141756032 268435424
141753152 268435424
141754560 268435424
141756512 268435424
141763040 268435424
141768800 268435424
141772896 268435424
141770048 268435424
141766176 268435424
141764768 268435424
141765696 268435424
141762784 268435424
141760384 268435424
141760992 268435424
141767360 268435424
141765984 268435424
141763776 268435424
141762592 268435424
141764576 268435424
141765088 268435424
141766688 268435424
141763136 268435424
141763808 268435424
141763520 268435424
141766560 268435424
141765216 268435424
141759936 268435424
141757536 268435424
141760896 268435424
141755648 268435424
141752224 268435424
141749408 268435424
141746880 268435424
141748288 268435424
141748736 268435424
141755456 268435424
141759392 268435424
141755264 268435424
141754464 268435424
141752768 268435424
141754432 268435424
141757216 268435424
141753248 268435424
141756512 268435424
141762624 268435424
141764032 268435424
141763008 268435424
141758496 268435424
141757024 268435424
141757472 268435424
141754944 268435424
141755168 268435424
141756768 268435424
141757056 268435424
141759296 268435424
141759392 268435424
141755968 268435424
141748864 268435424
141749440 268435424
141752320 268435424
141746912 268435424
141748832 268435424
141755680 268435424
141754624 268435424
141754560 268435424
141748768 268435424
141752352 268435424
141752544 268435424
141757056 268435424
141756032 268435424
141755744 268435424
141762432 268435424
141759808 268435424
141758656 268435424
141757440 268435424
141764544 268435424
141767744 268435424
141769088 268435424
141766368 268435424
141761312 268435424
141759168 268435424
141758432 268435424
141754400 268435424
141752768 268435424
141752704 268435424
141754240 268435424
141755040 268435424
141749568 268435424
141747808 268435424
141748992 268435424
141753472 268435424
141755008 268435424
141759424 268435424
141760800 268435424
141762912 268435424
141767232 268435424
141761696 268435424
141759680 268435424
141762368 268435424
141761184 268435424
141760384 268435424
141764768 268435424
141762112 268435424
141755008 268435424
141755168 268435424
141753696 268435424
141758816 268435424
141760288 268435424
141763616 268435424
141764320 268435424
141765184 268435424
141759456 268435424
141754144 268435424
141751968 268435424
141754752 268435424
141756128 268435424
141754560 268435424
141752064 268435424
141755424 268435424
141753504 268435424
141757120 268435424
141757856 268435424
141757728 268435424
141753728 268435424
141752320 268435424
141755392 268435424
141759872 268435424
141765984 268435424
141767072 268435424
141766208 268435424
141761312 268435424
141755872 268435424
141753664 268435424
141756352 268435424
141752672 268435424
141754592 268435424
141754336 268435424
141749856 268435424
141755040 268435424
141756672 268435424
141762240 268435424
141763840 268435424
141764608 268435424
141762528 268435424
141757920 268435424
141752960 268435424
141758688 268435424
141764672 268435424
141759136 268435424
141760992 268435424
141768160 268435424
141762016 268435424
141755968 268435424
141758496 268435424
141759168 268435424
141756288 268435424
141755456 268435424
141759968 268435424
141766304 268435424
141764864 268435424
141768416 268435424
141759840 268435424
141757504 268435424
141760160 268435424
141764032 268435424
141761056 268435424
141762368 268435424
141762048 268435424
141762144 268435424
141766176 268435424
141768672 268435424
141767808 268435424
141762272 268435424
141760928 268435424
141764032 268435424
141765216 268435424
141767776 268435424
141769952 268435424
141762368 268435424
141757408 268435424
141755584 268435424
141757312 268435424
141763264 268435424
141763968 268435424
141769248 268435424
141763456 268435424
141759680 268435424
141762592 268435424
141769952 268435424
141770112 268435424
141767328 268435424
141765024 268435424
141765856 268435424
141764128 268435424
141761056 268435424
141761248 268435424
141758592 268435424
141764960 268435424
141766400 268435424
141767328 268435424
141768256 268435424
141765856 268435424
141758240 268435424
141756480 268435424
141761376 268435424
141761120 268435424
141760128 268435424
141764800 268435424
141759008 268435424
141751424 268435424
141752896 268435424
141753856 268435424
141749600 268435424
141757984 268435424
141767008 268435424
141765024 268435424
141763392 268435424
141762336 268435424
141762208 268435424
141754496 268435424
141752096 268435424
141757056 268435424
141756000 268435424
141754144 268435424
141748000 268435424
141754432 268435424
141763424 268435424
141754560 268435424
141750080 268435424
141752800 268435424
141756320 268435424
141757056 268435424
141759456 268435424
141761408 268435424
141761280 268435424
141760320 268435424
141765632 268435424
141766880 268435424
141763488 268435424
141764672 268435424
141761472 268435424
141754432 268435424
141749888 268435424
141748160 268435424
141748448 268435424
141748928 268435424
141753088 268435424
141753088 268435424
141752384 268435424
141750752 268435424
141751872 268435424
141749568 268435424
141746816 268435424
141749408 268435424
141750688 268435424
141747328 268435424
141749632 268435424
141755232 268435424
141755200 268435424
141753536 268435424
141755072 268435424
141757472 268435424
141759200 268435424
141761728 268435424
141758432 268435424
141755520 268435424
141754816 268435424
141757056 268435424
141762240 268435424
141764832 268435424
141768768 268435424
141764960 268435424
141768800 268435424
141765984 268435424
141760896 268435424
141760160 268435424
141755136 268435424
141757664 268435424
141762880 268435424
141760960 268435424
141763264 268435424
141767168 268435424
141769984 268435424
141770464 268435424
141768448 268435424
141758048 268435424
141750752 268435424
141754144 268435424
141755840 268435424
141758304 268435424
141763232 268435424
141769472 268435424
141763328 268435424
141757088 268435424
141756736 268435424
141757088 268435424
141763232 268435424
141761760 268435424
141756096 268435424
141756672 268435424
141761216 268435424
141758144 268435424
141761312 268435424
141762048 268435424
141755552 268435424
141758304 268435424
141760832 268435424
141766752 268435424
141766016 268435424
141763552 268435424
141760064 268435424
141758720 268435424
141761728 268435424
141756416 268435424
141753728 268435424
141756480 268435424
141756320 268435424
141755072 268435424
141757664 268435424
141761760 268435424
141755232 268435424
141753600 268435424
141756800 268435424
141760928 268435424
141762304 268435424
141761536 268435424
141762848 268435424
141761280 268435424
141758272 268435424
141754432 268435424
141762176 268435424
141771456 268435424
141767232 268435424
141761568 268435424
141763968 268435424
141763168 268435424
141763232 268435424
141764416 268435424
141759392 268435424
141759360 268435424
141761024 268435424
141766976 268435424
141766048 268435424
141761760 268435424
141758560 268435424
141753184 268435424
141755040 268435424
141749984 268435424
141748256 268435424
141753248 268435424
141753312 268435424
141753760 268435424
141757472 268435424
141759520 268435424
141759584 268435424
141762944 268435424
141763456 268435424
141755840 268435424
141757856 268435424
141756928 268435424
141757696 268435424
141755712 268435424
141750080 268435424
141755104 268435424
141756448 268435424
141752000 268435424
141756000 268435424
141760672 268435424
141762432 268435424
141764960 268435424
141761152 268435424
141754688 268435424
141758208 268435424
141759904 268435424
141760000 268435424
141763808 268435424
141765024 268435424
141762848 268435424
141754080 268435424
141748064 268435424
141746208 268435424
141747328 268435424
141744768 268435424
141745184 268435424
141750016 268435424
141748992 268435424
141749472 268435424
141751968 268435424
141750848 268435424
141754528 268435424
141751936 268435424
141753536 268435424
141756320 268435424
141753280 268435424
141754752 268435424
141755456 268435424
141751200 268435424
141750048 268435424
141753216 268435424
141750464 268435424
141747072 268435424
141749280 268435424
141749632 268435424
141751392 268435424
141751296 268435424
141747744 268435424
141746912 268435424
141750944 268435424
141751744 268435424
141748928 268435424
141745088 268435424
141747200 268435424
141750752 268435424
141759232 268435424
141763264 268435424
141760320 268435424
141754944 268435424
141751264 268435424
141750208 268435424
141749120 268435424
141756672 268435424
141755840 268435424
141756224 268435424
141754752 268435424
141759872 268435424
141759200 268435424
141761344 268435424
141757696 268435424
141759392 268435424
141762208 268435424
141762880 268435424
141764384 268435424
141764416 268435424
141758272 268435424
141757440 268435424
141763552 268435424
141765216 268435424
141764192 268435424
141761088 268435424
141755104 268435424
141760000 268435424
141764032 268435424
141762720 268435424
141759744 268435424
141762656 268435424
141762496 268435424
141758880 268435424
141760640 268435424
141755616 268435424
141753088 268435424
141754976 268435424
141754880 268435424
141758336 268435424
141758176 268435424
141757792 268435424
141759808 268435424
141758272 268435424
141756064 268435424
141756384 268435424
141756640 268435424
141756544 268435424
141755552 268435424
141755072 268435424
141760896 268435424
141762464 268435424
141755808 268435424
141760064 268435424
141762624 268435424
141758592 268435424
141753344 268435424
141755712 268435424
141758688 268435424
141754880 268435424
141753120 268435424
141758528 268435424
141762272 268435424
141761568 268435424
141758912 268435424
141758784 268435424
141754784 268435424
141752384 268435424
141752512 268435424
141756384 268435424
141766336 268435424
141765024 268435424
141762592 268435424
141765472 268435424
141761152 268435424
141754720 268435424
141754272 268435424
141756064 268435424
141754912 268435424
141757728 268435424
141757568 268435424
141762112 268435424
141763008 268435424
141763744 268435424
141761088 268435424
141754880 268435424
141757120 268435424
141755936 268435424
141757984 268435424
141761280 268435424
141761888 268435424
141759040 268435424
141758048 268435424
141757152 268435424
141760640 268435424
141760928 268435424
141753472 268435424
141752096 268435424
141753664 268435424
141751808 268435424
141753440 268435424
141751520 268435424
141746016 268435424
141751776 268435424
141754496 268435424
141755424 268435424
141758976 268435424
141758144 268435424
141758080 268435424
141750592 268435424
141750848 268435424
141752224 268435424
141752352 268435424
141756416 268435424
141759456 268435424
141756128 268435424
141756608 268435424
141757792 268435424
141755360 268435424
141755136 268435424
141754464 268435424
141753184 268435424
141753760 268435424
141757056 268435424
141761696 268435424
141762496 268435424
141761664 268435424
141764352 268435424
141764416 268435424
141757888 268435424
141756704 268435424
141755104 268435424
141756480 268435424
141753664 268435424
141752992 268435424
141757472 268435424
141760320 268435424
141758336 268435424
141757088 268435424
141761280 268435424
141764704 268435424
141760128 268435424
141757440 268435424
141755776 268435424
141751328 268435424
141752896 268435424
141753056 268435424
141758272 268435424
141757344 268435424
141757216 268435424
141762848 268435424
141768384 268435424
141761184 268435424
141750432 268435424
141747488 268435424
141752128 268435424
141750336 268435424
141753408 268435424
141759136 268435424
141757920 268435424
141753120 268435424
141752704 268435424
141753440 268435424
141753728 268435424
141754336 268435424
141750688 268435424
141746336 268435424
141746752 268435424
141749344 268435424
141750368 268435424
141746656 268435424
141748768 268435424
141755200 268435424
141756544 268435424
141753344 268435424
141749984 268435424
141748576 268435424
141748672 268435424
141750464 268435424
141752416 268435424
141753824 268435424
141755712 268435424
141760960 268435424
141761504 268435424
141758208 268435424
141752576 268435424
141750336 268435424
141750912 268435424
141754336 268435424
141757280 268435424
141756192 268435424
141752256 268435424
141753568 268435424
141756576 268435424
141760576 268435424
141760896 268435424
141761728 268435424
141759008 268435424
141756992 268435424
141758720 268435424
141760032 268435424
141753408 268435424
141753664 268435424
141757536 268435424
141757120 268435424
141759360 268435424
141758720 268435424
141756096 268435424
141748800 268435424
141750272 268435424
141752736 268435424
141754336 268435424
141748192 268435424
141750080 268435424
141752192 268435424
141752768 268435424
141750688 268435424
141755040 268435424
141757600 268435424
141757664 268435424
141751744 268435424
141752032 268435424
141753696 268435424
141754528 268435424
141756576 268435424
141756640 268435424
141753632 268435424
141753248 268435424
141759552 268435424
141754048 268435424
141750016 268435424
141753024 268435424
141759552 268435424
141758112 268435424
141758784 268435424
141755168 268435424
141754720 268435424
141754080 268435424
141755872 268435424
141756192 268435424
141756608 268435424
141758336 268435424
141758528 268435424
141757696 268435424
141758560 268435424
141760032 268435424
141759648 268435424
141761344 268435424
141765056 268435424
141764640 268435424
141760288 268435424
141761440 268435424
141766784 268435424
141765216 268435424
141762656 268435424
141760544 268435424
141760896 268435424
141762560 268435424
141754048 268435424
141751168 268435424
141747008 268435424
141744576 268435424
141748832 268435424
141753344 268435424
141751072 268435424
141753792 268435424
141760512 268435424
141760896 268435424
141757920 268435424
141754784 268435424
141748672 268435424
141752544 268435424
141759040 268435424
141756352 268435424
141754368 268435424
141750432 268435424
141751072 268435424
141755264 268435424
141756800 268435424
141756768 268435424
141757024 268435424
141753984 268435424
141752352 268435424
141756384 268435424
141755968 268435424
141759168 268435424
141761472 268435424
141759296 268435424
141757696 268435424
141756128 268435424
141751840 268435424
141752288 268435424
141759744 268435424
141761056 268435424
141757472 268435424
141764448 268435424
141765952 268435424
141761440 268435424
141757504 268435424
141757248 268435424
141756704 268435424
141762656 268435424
141766176 268435424
141767552 268435424
141761408 268435424
141756896 268435424
141758240 268435424
141760864 268435424
141756128 268435424
141752384 268435424
141756192 268435424
141760480 268435424
141753984 268435424
141754976 268435424
141759136 268435424
141766016 268435424
141766848 268435424
141766048 268435424
141768192 268435424
141764224 268435424
141760000 268435424
141767904 268435424
141761248 268435424
141751744 268435424
141746368 268435424
141749728 268435424
141752640 268435424
141753216 268435424
141756000 268435424
141758880 268435424
141758656 268435424
141754464 268435424
141749792 268435424
141754944 268435424
141758848 268435424
141758880 268435424
141756672 268435424
141756032 268435424
141756192 268435424
141755072 268435424
141750176 268435424
141749088 268435424
141754464 268435424
141754528 268435424
141755232 268435424
141754368 268435424
141752992 268435424
141751616 268435424
141753312 268435424
141750880 268435424
141754528 268435424
141751520 268435424
141751328 268435424
141757888 268435424
141753280 268435424
141752896 268435424
141753472 268435424
141755296 268435424
141752320 268435424
141753248 268435424
141753440 268435424
141749376 268435424
141748672 268435424
141753024 268435424
141756512 268435424
141756928 268435424
141749696 268435424
141746080 268435424
141750272 268435424
141758080 268435424
141759072 268435424
141753312 268435424
141756640 268435424
141755264 268435424
141752448 268435424
141757504 268435424
141757920 268435424
141759872 268435424
141760768 268435424
141753952 268435424
141755008 268435424
141761408 268435424
141760032 268435424
141751808 268435424
141749312 268435424
141754432 268435424
141756320 268435424
141756896 268435424
141757792 268435424
141758912 268435424
141762240 268435424
141759616 268435424
141756704 268435424
141756608 268435424
141751200 268435424
141751744 268435424
141751296 268435424
141744704 268435424
141746912 268435424
141750432 268435424
141749760 268435424
141753408 268435424
141754688 268435424
141758752 268435424
141756992 268435424
141756960 268435424
141760992 268435424
141759072 268435424
141757184 268435424
141750336 268435424
141750528 268435424
141751296 268435424
141742240 268435424
141745536 268435424
141748544 268435424
141747008 268435424
141751424 268435424
141747232 268435424
141747232 268435424
141751840 268435424
141751392 268435424
141746304 268435424
141746304 268435424
141745856 268435424
141751680 268435424
141754688 268435424
141758432 268435424
141757344 268435424
141755520 268435424
141757056 268435424
141757024 268435424
141759936 268435424
141758752 268435424
141757056 268435424
141756384 268435424
141750112 268435424
141745440 268435424
141749760 268435424
141756352 268435424
141757760 268435424
141757984 268435424
141759712 268435424
141760384 268435424
141763264 268435424
141767200 268435424
141769248 268435424
141770176 268435424
141764992 268435424
141761600 268435424
141754144 268435424
141749216 268435424
141745408 268435424
141740320 268435424
141745120 268435424
141752224 268435424
141751584 268435424
141750912 268435424
141753312 268435424
141758944 268435424
141759136 268435424
141749472 268435424
141747264 268435424
141747136 268435424
141748224 268435424
141752224 268435424
141752032 268435424
141750368 268435424
141759200 268435424
141763936 268435424
141759136 268435424
141757984 268435424
141758688 268435424
141755936 268435424
141760160 268435424
141763776 268435424
141764224 268435424
141764544 268435424
141759136 268435424
141758464 268435424
141755232 268435424
141755232 268435424
141758688 268435424
141764384 268435424
141767264 268435424
141761536 268435424
141757312 268435424
141761696 268435424
141763808 268435424
141757984 268435424
141755040 268435424
141755328 268435424
141756512 268435424
141761504 268435424
141760160 268435424
141757568 268435424
141761568 268435424
141760352 268435424
141753888 268435424
141751264 268435424
141752768 268435424
141758208 268435424
141762816 268435424
141760384 268435424
141757504 268435424
141760672 268435424
141759296 268435424
141757120 268435424
141765824 268435424
141765696 268435424
141762752 268435424
141763616 268435424
141766720 268435424
141767616 268435424
141760640 268435424
141756800 268435424
141758176 268435424
141754880 268435424
141755392 268435424
141756128 268435424
141753408 268435424
141756128 268435424
141757184 268435424
141756320 268435424
141759712 268435424
141762112 268435424
141756832 268435424
141758336 268435424
141762464 268435424
141759232 268435424
141752512 268435424
141750656 268435424
141753056 268435424
141752736 268435424
141753664 268435424
141752096 268435424
141752544 268435424
141752800 268435424
141750080 268435424
141748896 268435424
141748864 268435424
141752256 268435424
141752480 268435424
141753280 268435424
141752512 268435424
141753920 268435424
141757792 268435424
141755424 268435424
141753248 268435424
141750112 268435424
141755104 268435424
141758048 268435424
141755072 268435424
141753888 268435424
141755968 268435424
141757696 268435424
141754528 268435424
141752896 268435424
141758176 268435424
141764160 268435424
141763744 268435424
141760032 268435424
141756416 268435424
141756224 268435424
141758400 268435424
141761344 268435424
141758464 268435424
141762784 268435424
141761120 268435424
141758144 268435424
141763040 268435424
141765216 268435424
141761952 268435424
141758816 268435424
141758816 268435424
141759232 268435424
141757760 268435424
141761408 268435424
141765280 268435424
141764608 268435424
141766016 268435424
141765696 268435424
141765984 268435424
141766112 268435424
141760800 268435424
141760800 268435424
141759840 268435424
141758592 268435424
141760128 268435424
141760768 268435424
141760896 268435424
141754976 268435424
141755360 268435424
141758400 268435424
141759744 268435424
141759776 268435424
141762304 268435424
141761792 268435424
141760608 268435424
141755136 268435424
141747072 268435424
141750816 268435424
141752096 268435424
141752928 268435424
141758496 268435424
141756512 268435424
141755680 268435424
141753472 268435424
141749152 268435424
141749344 268435424
141752992 268435424
141751392 268435424
141750880 268435424
141752000 268435424
141757312 268435424
141754016 268435424
141748160 268435424
141747392 268435424
141755168 268435424
141751392 268435424
141751200 268435424
141758112 268435424
141761152 268435424
141757216 268435424
141755648 268435424
141757632 268435424
141754016 268435424
141754720 268435424
141755904 268435424
141756928 268435424
141760096 268435424
141758848 268435424
141758784 268435424
141760256 268435424
141759168 268435424
141756736 268435424
141749376 268435424
141748064 268435424
141751520 268435424
141751904 268435424
141753632 268435424
141750976 268435424
141755360 268435424
141752992 268435424
141750560 268435424
141753248 268435424
141753568 268435424
141756064 268435424
141760608 268435424
141765248 268435424
141764608 268435424
141763456 268435424
141760128 268435424
141756960 268435424
141753920 268435424
141757312 268435424
141757088 268435424
141752320 268435424
141753664 268435424
141755200 268435424
141751616 268435424
141756064 268435424
141759360 268435424
141758208 268435424
141758528 268435424
141755328 268435424
141755392 268435424
141760448 268435424
141760704 268435424
141755968 268435424
141754016 268435424
141756128 268435424
141759744 268435424
141764896 268435424
141764608 268435424
141758688 268435424
141751584 268435424
141752928 268435424
141756320 268435424
141759296 268435424
141761824 268435424
141762464 268435424
141762176 268435424
141763104 268435424
141761312 268435424
141756736 268435424
141754656 268435424
141758304 268435424
141764096 268435424
141764064 268435424
141764640 268435424
141762048 268435424
141761664 268435424
141765120 268435424
141760960 268435424
141762368 268435424
141760640 268435424
141757952 268435424
141758496 268435424
141758080 268435424
141757824 268435424
141758464 268435424
141754688 268435424
141755136 268435424
141752416 268435424
141752672 268435424
141754784 268435424
141757568 268435424
141757728 268435424
141752288 268435424
141751936 268435424
141751360 268435424
141753280 268435424
141757152 268435424
141763680 268435424
141761088 268435424
141758048 268435424
141758496 268435424
141756864 268435424
141755936 268435424
141755008 268435424
141755040 268435424
141752960 268435424
141754848 268435424
141752320 268435424
141752928 268435424
141758688 268435424
141759904 268435424
141757056 268435424
141761248 268435424
141762976 268435424
141756640 268435424
141753216 268435424
141757664 268435424
141759840 268435424
141761312 268435424
141760608 268435424
141761824 268435424
141757568 268435424
141755392 268435424
141756704 268435424
141760288 268435424
141760448 268435424
141762240 268435424
141761536 268435424
141762784 268435424
141761632 268435424
141756704 268435424
141758624 268435424
141761760 268435424
141764896 268435424
141766624 268435424
141765024 268435424
141758528 268435424
141759328 268435424
141761888 268435424
141756576 268435424
141762528 268435424
141768224 268435424
141765504 268435424
141760864 268435424
141754752 268435424
141759328 268435424
141768896 268435424
141767520 268435424
141761152 268435424
141755168 268435424
141750624 268435424
141756384 268435424
141752416 268435424
141753696 268435424
141755456 268435424
141759488 268435424
141762752 268435424
141764128 268435424
141769248 268435424
141767072 268435424
141760192 268435424
141753728 268435424
141752224 268435424
141757728 268435424
141760992 268435424
141759008 268435424
141758208 268435424
141759648 268435424
141758912 268435424
141755808 268435424
141756544 268435424
141758912 268435424
141754944 268435424
141749824 268435424
141753664 268435424
141755264 268435424
141760320 268435424
141763904 268435424
141760736 268435424
141759456 268435424
141757184 268435424
141754304 268435424
141752832 268435424
141753536 268435424
141752160 268435424
141753184 268435424
141756832 268435424
141754304 268435424
141750400 268435424
141751712 268435424
141759104 268435424
141757984 268435424
141753408 268435424
141750560 268435424
141750432 268435424
141756256 268435424
141758912 268435424
141752928 268435424
141756352 268435424
141754400 268435424
141753952 268435424
141762432 268435424
141762656 268435424
141759296 268435424
141761600 268435424
141760992 268435424
141757696 268435424
141758656 268435424
141755904 268435424
141756256 268435424
141761728 268435424
141766464 268435424
141765728 268435424
141756064 268435424
141752640 268435424
141760224 268435424
141762816 268435424
141766912 268435424
141765024 268435424
141758208 268435424
141753632 268435424
141757600 268435424
141764288 268435424
141768256 268435424
141760128 268435424
141753280 268435424
141756192 268435424
141765792 268435424
141766528 268435424
141761824 268435424
141754496 268435424
141754816 268435424
141757216 268435424
141753856 268435424
141752544 268435424
141758752 268435424
141757792 268435424
141757600 268435424
141761184 268435424
141760896 268435424
141756544 268435424
141756480 268435424
141759168 268435424
141756608 268435424
141754464 268435424
141754880 268435424
141756288 268435424
141756384 268435424
141755776 268435424
141754848 268435424
141755776 268435424
141755616 268435424
141756448 268435424
141756320 268435424
141757888 268435424
141758112 268435424
141756992 268435424
141758624 268435424
141761280 268435424
141762144 268435424
141760672 268435424
141755360 268435424
141759232 268435424
141760672 268435424
141756128 268435424
141752896 268435424
141754176 268435424
141759968 268435424
141764256 268435424
141762080 268435424
141759296 268435424
141755968 268435424
141756384 268435424
141761184 268435424
141760768 268435424
141754304 268435424
141753600 268435424
141761376 268435424
141762880 268435424
141764512 268435424
141763520 268435424
141755744 268435424
141753088 268435424
141754784 268435424
141756224 268435424
141756864 268435424
141762688 268435424
141764448 268435424
141760768 268435424
141760352 268435424
141755104 268435424
141754720 268435424
141755328 268435424
141758080 268435424
141756256 268435424
141751936 268435424
141751840 268435424
141755232 268435424
141756896 268435424
141756704 268435424
141752256 268435424
141754688 268435424
141757088 268435424
141755552 268435424
141759456 268435424
141759328 268435424
141757536 268435424
141755136 268435424
141752576 268435424
141755584 268435424
141763616 268435424
141767552 268435424
141765760 268435424
141765728 268435424
141760192 268435424
141759552 268435424
141759488 268435424
141761088 268435424
141767104 268435424
141766016 268435424
141762080 268435424
141762848 268435424
141763648 268435424
141762688 268435424
141760448 268435424
141762880 268435424
141765312 268435424
141768608 268435424
141767552 268435424
141765184 268435424
141762496 268435424
141765376 268435424
141768864 268435424
141766784 268435424
141762720 268435424
141759200 268435424
141756960 268435424
141759040 268435424
141764576 268435424
141765792 268435424
141762816 268435424
141752480 268435424
141752288 268435424
141755040 268435424
141757664 268435424
141760608 268435424
141769184 268435424
141768768 268435424
141758016 268435424
141755584 268435424
141758592 268435424
141755488 268435424
141759520 268435424
141764864 268435424
141768000 268435424
141766176 268435424
141762400 268435424
141758752 268435424
141757312 268435424
141759456 268435424
141763872 268435424
141765664 268435424
141768064 268435424
141768704 268435424
141766336 268435424
141763520 268435424
141761568 268435424
141761248 268435424
141762624 268435424
141766048 268435424
141768928 268435424
141759296 268435424
141750528 268435424
141754496 268435424
141764096 268435424
141761056 268435424
141757248 268435424
141759840 268435424
141763040 268435424
141763488 268435424
141765760 268435424
141764160 268435424
141760320 268435424
141763264 268435424
141769920 268435424
141769600 268435424
141764576 268435424
141761376 268435424
141761344 268435424
141757984 268435424
141752288 268435424
141760928 268435424
141763552 268435424
141761920 268435424
141766016 268435424
141767232 268435424
141757888 268435424
141755968 268435424
141761600 268435424
141762560 268435424
141760000 268435424
141761120 268435424
141763008 268435424
141760704 268435424
141763360 268435424
141768448 268435424
141774176 268435424
141770400 268435424
141760800 268435424
141763936 268435424
141769312 268435424
141767200 268435424
141767872 268435424
141762880 268435424
141762560 268435424
141760160 268435424
141758432 268435424
141759296 268435424
141757536 268435424
141755328 268435424
141752256 268435424
141753024 268435424
141755520 268435424
141759840 268435424
141763680 268435424
141763328 268435424
141762240 268435424
141760832 268435424
141758144 268435424
141760672 268435424
141758944 268435424
141756320 268435424
141751712 268435424
141754976 268435424
141758976 268435424
141760736 268435424
141758016 268435424
141750976 268435424
141748608 268435424
141749600 268435424
141752704 268435424
141755392 268435424
141753376 268435424
141755680 268435424
141764032 268435424
141765152 268435424
141768704 268435424
141770848 268435424
141766720 268435424
141759648 268435424
141757376 268435424
141757728 268435424
141763872 268435424
141766624 268435424
141764864 268435424
141765408 268435424
141764736 268435424
141755680 268435424
141752384 268435424
141755584 268435424
141756896 268435424
141753632 268435424
141751872 268435424
141756320 268435424
141761792 268435424
141762496 268435424
141753952 268435424
141745568 268435424
141751520 268435424
141755232 268435424
141749952 268435424
141750592 268435424
141753184 268435424
141752864 268435424
141755424 268435424
141757600 268435424
141750464 268435424
141749824 268435424
